<shapes type=list>
	<ruler.pixel type=vector names=FALSE length=1 as.numeric=TRUE >102</ruler.pixel>
	<ruler.interval type=vector names=FALSE length=1 as.numeric=TRUE >250</ruler.interval>
	<scaling.units type=vector names=FALSE length=1 as.numeric=FALSE >nm</scaling.units>
	<scaling type=vector names=FALSE length=1 as.numeric=TRUE >2.45098039215686</scaling>
	<landmarks.pixel type=matrix rownames=TRUE colnames=FALSE nrow=10 ncol=2 as.numeric=TRUE >
		1-Pore1R	1085	706
		2-Pore1L	1042	711
		3-Pore2T	819	859
		4-Pore2B	828	921
		5-Pore3T	937	1066
		6-Pore3B	1012	1117
		7-Pore4L	1315	1144
		8-Pore4R	1399	1097
		9-Anchor	1519	1077
		10-Tip	1480	786
	</landmarks.pixel>
	<landmarks.scaled type=matrix rownames=TRUE colnames=FALSE nrow=10 ncol=2 as.numeric=TRUE >
		1-Pore1R	2659.3137254902	-1730.39215686275
		2-Pore1L	2553.92156862745	-1742.64705882353
		3-Pore2T	2007.35294117647	-2105.39215686275
		4-Pore2B	2029.41176470588	-2257.35294117647
		5-Pore3T	2296.56862745098	-2612.74509803922
		6-Pore3B	2480.39215686275	-2737.74509803922
		7-Pore4L	3223.03921568627	-2803.92156862745
		8-Pore4R	3428.92156862745	-2688.72549019608
		9-Anchor	3723.03921568627	-2639.70588235294
		10-Tip	3627.45098039216	-1926.47058823529
	</landmarks.scaled>
	<curves.control type=list>
		<C1 type=matrix rownames=FALSE colnames=FALSE nrow=5 ncol=2 as.numeric=TRUE >
			1519	1077
			1470	913
			1415	871
			1395	814
			1480	786
		</C1>
	</curves.control>
	<curves.pixel type=list>
		<C1 type=matrix rownames=FALSE colnames=FALSE nrow=335 ncol=2 as.numeric=TRUE >
			1519	1077
			1519	1076
			1518	1075
			1518	1074
			1518	1073
			1517	1072
			1517	1071
			1517	1070
			1517	1069
			1516	1068
			1516	1067
			1516	1066
			1515	1065
			1515	1064
			1515	1063
			1514	1062
			1514	1061
			1514	1060
			1514	1059
			1513	1058
			1513	1057
			1512	1056
			1512	1055
			1512	1054
			1512	1053
			1511	1053
			1511	1052
			1511	1051
			1511	1050
			1510	1049
			1510	1048
			1510	1047
			1509	1046
			1509	1045
			1509	1044
			1508	1043
			1508	1042
			1508	1041
			1507	1040
			1507	1039
			1507	1038
			1506	1037
			1506	1036
			1506	1035
			1505	1034
			1505	1033
			1505	1032
			1504	1031
			1504	1030
			1504	1029
			1503	1028
			1503	1027
			1503	1026
			1502	1025
			1502	1024
			1502	1023
			1501	1022
			1501	1021
			1500	1020
			1500	1019
			1500	1018
			1500	1017
			1499	1017
			1499	1016
			1499	1015
			1498	1014
			1498	1013
			1497	1012
			1497	1011
			1497	1010
			1497	1009
			1496	1009
			1496	1008
			1496	1007
			1496	1006
			1495	1006
			1495	1005
			1495	1004
			1494	1004
			1494	1003
			1494	1002
			1494	1001
			1493	1001
			1493	1000
			1493	999
			1492	998
			1492	997
			1492	996
			1491	995
			1491	994
			1490	993
			1490	992
			1490	991
			1489	990
			1489	989
			1488	988
			1488	987
			1488	986
			1487	985
			1487	984
			1486	983
			1486	982
			1486	981
			1485	980
			1485	979
			1484	978
			1484	977
			1484	976
			1483	975
			1483	974
			1482	973
			1482	972
			1481	971
			1481	970
			1481	969
			1480	969
			1480	968
			1480	967
			1479	967
			1479	966
			1479	965
			1478	964
			1478	963
			1477	962
			1477	961
			1476	960
			1476	959
			1476	958
			1475	958
			1475	957
			1475	956
			1474	955
			1474	954
			1473	953
			1473	952
			1472	951
			1472	950
			1471	949
			1471	948
			1470	947
			1470	946
			1469	945
			1469	944
			1468	943
			1468	942
			1467	941
			1467	940
			1466	939
			1466	938
			1465	937
			1465	936
			1464	935
			1464	934
			1463	933
			1463	932
			1462	931
			1461	930
			1461	929
			1460	928
			1460	927
			1459	927
			1459	926
			1458	925
			1458	924
			1457	923
			1457	922
			1456	921
			1456	920
			1455	920
			1455	919
			1454	918
			1454	917
			1453	916
			1453	915
			1452	915
			1452	914
			1451	913
			1451	912
			1450	911
			1449	910
			1449	909
			1448	908
			1447	907
			1447	906
			1446	905
			1445	904
			1445	903
			1444	903
			1444	902
			1443	901
			1442	900
			1442	899
			1441	898
			1441	897
			1440	897
			1439	896
			1439	895
			1438	894
			1437	893
			1436	892
			1435	891
			1435	890
			1434	889
			1433	888
			1432	887
			1431	886
			1430	885
			1429	884
			1428	883
			1427	882
			1426	881
			1425	880
			1424	879
			1424	878
			1423	877
			1422	877
			1421	876
			1420	875
			1419	874
			1418	873
			1417	873
			1416	872
			1415	871
			1415	870
			1414	869
			1414	868
			1414	867
			1413	866
			1413	865
			1413	864
			1413	863
			1412	862
			1412	861
			1412	860
			1412	859
			1412	858
			1412	857
			1411	856
			1411	855
			1411	854
			1411	853
			1411	852
			1411	851
			1411	850
			1411	849
			1411	848
			1411	847
			1411	846
			1411	845
			1412	844
			1412	843
			1412	842
			1412	841
			1412	840
			1413	839
			1413	838
			1413	837
			1413	836
			1414	835
			1414	834
			1415	833
			1415	832
			1415	831
			1416	830
			1416	829
			1417	828
			1417	827
			1418	826
			1419	825
			1419	824
			1420	823
			1421	822
			1421	821
			1422	820
			1423	819
			1424	818
			1425	817
			1426	816
			1426	815
			1427	815
			1428	814
			1428	813
			1429	813
			1430	812
			1431	811
			1432	810
			1433	810
			1434	809
			1435	808
			1436	807
			1437	807
			1438	806
			1439	805
			1440	805
			1441	804
			1442	803
			1443	803
			1444	802
			1445	801
			1446	801
			1447	800
			1448	799
			1449	799
			1450	799
			1450	798
			1451	798
			1452	797
			1453	797
			1454	796
			1455	796
			1456	795
			1457	795
			1458	795
			1459	794
			1460	794
			1461	793
			1462	793
			1463	792
			1464	792
			1465	792
			1466	791
			1467	791
			1468	790
			1469	790
			1470	790
			1471	789
			1472	789
			1473	788
			1474	788
			1475	788
			1476	787
			1477	787
			1478	787
			1479	786
			1480	786
		</C1>
	</curves.pixel>
	<curves.scaled type=list>
		<C1 type=matrix rownames=FALSE colnames=FALSE nrow=335 ncol=2 as.numeric=TRUE >
			3723.03921568627	-2639.70588235294
			3723.03921568627	-2637.25490196078
			3720.58823529412	-2634.80392156863
			3720.58823529412	-2632.35294117647
			3720.58823529412	-2629.90196078431
			3718.13725490196	-2627.45098039216
			3718.13725490196	-2625
			3718.13725490196	-2622.54901960784
			3718.13725490196	-2620.09803921569
			3715.6862745098	-2617.64705882353
			3715.6862745098	-2615.19607843137
			3715.6862745098	-2612.74509803922
			3713.23529411765	-2610.29411764706
			3713.23529411765	-2607.8431372549
			3713.23529411765	-2605.39215686275
			3710.78431372549	-2602.94117647059
			3710.78431372549	-2600.49019607843
			3710.78431372549	-2598.03921568627
			3710.78431372549	-2595.58823529412
			3708.33333333333	-2593.13725490196
			3708.33333333333	-2590.6862745098
			3705.88235294118	-2588.23529411765
			3705.88235294118	-2585.78431372549
			3705.88235294118	-2583.33333333333
			3705.88235294118	-2580.88235294118
			3703.43137254902	-2580.88235294118
			3703.43137254902	-2578.43137254902
			3703.43137254902	-2575.98039215686
			3703.43137254902	-2573.52941176471
			3700.98039215686	-2571.07843137255
			3700.98039215686	-2568.62745098039
			3700.98039215686	-2566.17647058824
			3698.52941176471	-2563.72549019608
			3698.52941176471	-2561.27450980392
			3698.52941176471	-2558.82352941176
			3696.07843137255	-2556.37254901961
			3696.07843137255	-2553.92156862745
			3696.07843137255	-2551.47058823529
			3693.62745098039	-2549.01960784314
			3693.62745098039	-2546.56862745098
			3693.62745098039	-2544.11764705882
			3691.17647058824	-2541.66666666667
			3691.17647058824	-2539.21568627451
			3691.17647058824	-2536.76470588235
			3688.72549019608	-2534.3137254902
			3688.72549019608	-2531.86274509804
			3688.72549019608	-2529.41176470588
			3686.27450980392	-2526.96078431373
			3686.27450980392	-2524.50980392157
			3686.27450980392	-2522.05882352941
			3683.82352941176	-2519.60784313726
			3683.82352941176	-2517.1568627451
			3683.82352941176	-2514.70588235294
			3681.37254901961	-2512.25490196078
			3681.37254901961	-2509.80392156863
			3681.37254901961	-2507.35294117647
			3678.92156862745	-2504.90196078431
			3678.92156862745	-2502.45098039216
			3676.47058823529	-2500
			3676.47058823529	-2497.54901960784
			3676.47058823529	-2495.09803921569
			3676.47058823529	-2492.64705882353
			3674.01960784314	-2492.64705882353
			3674.01960784314	-2490.19607843137
			3674.01960784314	-2487.74509803922
			3671.56862745098	-2485.29411764706
			3671.56862745098	-2482.8431372549
			3669.11764705882	-2480.39215686275
			3669.11764705882	-2477.94117647059
			3669.11764705882	-2475.49019607843
			3669.11764705882	-2473.03921568627
			3666.66666666667	-2473.03921568627
			3666.66666666667	-2470.58823529412
			3666.66666666667	-2468.13725490196
			3666.66666666667	-2465.6862745098
			3664.21568627451	-2465.6862745098
			3664.21568627451	-2463.23529411765
			3664.21568627451	-2460.78431372549
			3661.76470588235	-2460.78431372549
			3661.76470588235	-2458.33333333333
			3661.76470588235	-2455.88235294118
			3661.76470588235	-2453.43137254902
			3659.3137254902	-2453.43137254902
			3659.3137254902	-2450.98039215686
			3659.3137254902	-2448.52941176471
			3656.86274509804	-2446.07843137255
			3656.86274509804	-2443.62745098039
			3656.86274509804	-2441.17647058824
			3654.41176470588	-2438.72549019608
			3654.41176470588	-2436.27450980392
			3651.96078431373	-2433.82352941176
			3651.96078431373	-2431.37254901961
			3651.96078431373	-2428.92156862745
			3649.50980392157	-2426.47058823529
			3649.50980392157	-2424.01960784314
			3647.05882352941	-2421.56862745098
			3647.05882352941	-2419.11764705882
			3647.05882352941	-2416.66666666667
			3644.60784313726	-2414.21568627451
			3644.60784313726	-2411.76470588235
			3642.1568627451	-2409.3137254902
			3642.1568627451	-2406.86274509804
			3642.1568627451	-2404.41176470588
			3639.70588235294	-2401.96078431373
			3639.70588235294	-2399.50980392157
			3637.25490196078	-2397.05882352941
			3637.25490196078	-2394.60784313726
			3637.25490196078	-2392.1568627451
			3634.80392156863	-2389.70588235294
			3634.80392156863	-2387.25490196078
			3632.35294117647	-2384.80392156863
			3632.35294117647	-2382.35294117647
			3629.90196078431	-2379.90196078431
			3629.90196078431	-2377.45098039216
			3629.90196078431	-2375
			3627.45098039216	-2375
			3627.45098039216	-2372.54901960784
			3627.45098039216	-2370.09803921569
			3625	-2370.09803921569
			3625	-2367.64705882353
			3625	-2365.19607843137
			3622.54901960784	-2362.74509803922
			3622.54901960784	-2360.29411764706
			3620.09803921569	-2357.8431372549
			3620.09803921569	-2355.39215686275
			3617.64705882353	-2352.94117647059
			3617.64705882353	-2350.49019607843
			3617.64705882353	-2348.03921568627
			3615.19607843137	-2348.03921568627
			3615.19607843137	-2345.58823529412
			3615.19607843137	-2343.13725490196
			3612.74509803922	-2340.6862745098
			3612.74509803922	-2338.23529411765
			3610.29411764706	-2335.78431372549
			3610.29411764706	-2333.33333333333
			3607.8431372549	-2330.88235294118
			3607.8431372549	-2328.43137254902
			3605.39215686275	-2325.98039215686
			3605.39215686275	-2323.52941176471
			3602.94117647059	-2321.07843137255
			3602.94117647059	-2318.62745098039
			3600.49019607843	-2316.17647058824
			3600.49019607843	-2313.72549019608
			3598.03921568627	-2311.27450980392
			3598.03921568627	-2308.82352941176
			3595.58823529412	-2306.37254901961
			3595.58823529412	-2303.92156862745
			3593.13725490196	-2301.47058823529
			3593.13725490196	-2299.01960784314
			3590.6862745098	-2296.56862745098
			3590.6862745098	-2294.11764705882
			3588.23529411765	-2291.66666666667
			3588.23529411765	-2289.21568627451
			3585.78431372549	-2286.76470588235
			3585.78431372549	-2284.3137254902
			3583.33333333333	-2281.86274509804
			3580.88235294118	-2279.41176470588
			3580.88235294118	-2276.96078431373
			3578.43137254902	-2274.50980392157
			3578.43137254902	-2272.05882352941
			3575.98039215686	-2272.05882352941
			3575.98039215686	-2269.60784313726
			3573.52941176471	-2267.1568627451
			3573.52941176471	-2264.70588235294
			3571.07843137255	-2262.25490196078
			3571.07843137255	-2259.80392156863
			3568.62745098039	-2257.35294117647
			3568.62745098039	-2254.90196078431
			3566.17647058824	-2254.90196078431
			3566.17647058824	-2252.45098039216
			3563.72549019608	-2250
			3563.72549019608	-2247.54901960784
			3561.27450980392	-2245.09803921569
			3561.27450980392	-2242.64705882353
			3558.82352941176	-2242.64705882353
			3558.82352941176	-2240.19607843137
			3556.37254901961	-2237.74509803922
			3556.37254901961	-2235.29411764706
			3553.92156862745	-2232.8431372549
			3551.47058823529	-2230.39215686275
			3551.47058823529	-2227.94117647059
			3549.01960784314	-2225.49019607843
			3546.56862745098	-2223.03921568627
			3546.56862745098	-2220.58823529412
			3544.11764705882	-2218.13725490196
			3541.66666666667	-2215.6862745098
			3541.66666666667	-2213.23529411765
			3539.21568627451	-2213.23529411765
			3539.21568627451	-2210.78431372549
			3536.76470588235	-2208.33333333333
			3534.3137254902	-2205.88235294118
			3534.3137254902	-2203.43137254902
			3531.86274509804	-2200.98039215686
			3531.86274509804	-2198.52941176471
			3529.41176470588	-2198.52941176471
			3526.96078431373	-2196.07843137255
			3526.96078431373	-2193.62745098039
			3524.50980392157	-2191.17647058824
			3522.05882352941	-2188.72549019608
			3519.60784313726	-2186.27450980392
			3517.1568627451	-2183.82352941176
			3517.1568627451	-2181.37254901961
			3514.70588235294	-2178.92156862745
			3512.25490196078	-2176.47058823529
			3509.80392156863	-2174.01960784314
			3507.35294117647	-2171.56862745098
			3504.90196078431	-2169.11764705882
			3502.45098039216	-2166.66666666667
			3500	-2164.21568627451
			3497.54901960784	-2161.76470588235
			3495.09803921569	-2159.3137254902
			3492.64705882353	-2156.86274509804
			3490.19607843137	-2154.41176470588
			3490.19607843137	-2151.96078431373
			3487.74509803922	-2149.50980392157
			3485.29411764706	-2149.50980392157
			3482.8431372549	-2147.05882352941
			3480.39215686275	-2144.60784313726
			3477.94117647059	-2142.1568627451
			3475.49019607843	-2139.70588235294
			3473.03921568627	-2139.70588235294
			3470.58823529412	-2137.25490196078
			3468.13725490196	-2134.80392156863
			3468.13725490196	-2132.35294117647
			3465.6862745098	-2129.90196078431
			3465.6862745098	-2127.45098039216
			3465.6862745098	-2125
			3463.23529411765	-2122.54901960784
			3463.23529411765	-2120.09803921569
			3463.23529411765	-2117.64705882353
			3463.23529411765	-2115.19607843137
			3460.78431372549	-2112.74509803922
			3460.78431372549	-2110.29411764706
			3460.78431372549	-2107.8431372549
			3460.78431372549	-2105.39215686275
			3460.78431372549	-2102.94117647059
			3460.78431372549	-2100.49019607843
			3458.33333333333	-2098.03921568627
			3458.33333333333	-2095.58823529412
			3458.33333333333	-2093.13725490196
			3458.33333333333	-2090.6862745098
			3458.33333333333	-2088.23529411765
			3458.33333333333	-2085.78431372549
			3458.33333333333	-2083.33333333333
			3458.33333333333	-2080.88235294118
			3458.33333333333	-2078.43137254902
			3458.33333333333	-2075.98039215686
			3458.33333333333	-2073.52941176471
			3458.33333333333	-2071.07843137255
			3460.78431372549	-2068.62745098039
			3460.78431372549	-2066.17647058824
			3460.78431372549	-2063.72549019608
			3460.78431372549	-2061.27450980392
			3460.78431372549	-2058.82352941176
			3463.23529411765	-2056.37254901961
			3463.23529411765	-2053.92156862745
			3463.23529411765	-2051.47058823529
			3463.23529411765	-2049.01960784314
			3465.6862745098	-2046.56862745098
			3465.6862745098	-2044.11764705882
			3468.13725490196	-2041.66666666667
			3468.13725490196	-2039.21568627451
			3468.13725490196	-2036.76470588235
			3470.58823529412	-2034.3137254902
			3470.58823529412	-2031.86274509804
			3473.03921568627	-2029.41176470588
			3473.03921568627	-2026.96078431373
			3475.49019607843	-2024.50980392157
			3477.94117647059	-2022.05882352941
			3477.94117647059	-2019.60784313726
			3480.39215686275	-2017.1568627451
			3482.8431372549	-2014.70588235294
			3482.8431372549	-2012.25490196078
			3485.29411764706	-2009.80392156863
			3487.74509803922	-2007.35294117647
			3490.19607843137	-2004.90196078431
			3492.64705882353	-2002.45098039216
			3495.09803921569	-2000
			3495.09803921569	-1997.54901960784
			3497.54901960784	-1997.54901960784
			3500	-1995.09803921569
			3500	-1992.64705882353
			3502.45098039216	-1992.64705882353
			3504.90196078431	-1990.19607843137
			3507.35294117647	-1987.74509803922
			3509.80392156863	-1985.29411764706
			3512.25490196078	-1985.29411764706
			3514.70588235294	-1982.8431372549
			3517.1568627451	-1980.39215686275
			3519.60784313726	-1977.94117647059
			3522.05882352941	-1977.94117647059
			3524.50980392157	-1975.49019607843
			3526.96078431373	-1973.03921568627
			3529.41176470588	-1973.03921568627
			3531.86274509804	-1970.58823529412
			3534.3137254902	-1968.13725490196
			3536.76470588235	-1968.13725490196
			3539.21568627451	-1965.6862745098
			3541.66666666667	-1963.23529411765
			3544.11764705882	-1963.23529411765
			3546.56862745098	-1960.78431372549
			3549.01960784314	-1958.33333333333
			3551.47058823529	-1958.33333333333
			3553.92156862745	-1958.33333333333
			3553.92156862745	-1955.88235294118
			3556.37254901961	-1955.88235294118
			3558.82352941176	-1953.43137254902
			3561.27450980392	-1953.43137254902
			3563.72549019608	-1950.98039215686
			3566.17647058824	-1950.98039215686
			3568.62745098039	-1948.52941176471
			3571.07843137255	-1948.52941176471
			3573.52941176471	-1948.52941176471
			3575.98039215686	-1946.07843137255
			3578.43137254902	-1946.07843137255
			3580.88235294118	-1943.62745098039
			3583.33333333333	-1943.62745098039
			3585.78431372549	-1941.17647058824
			3588.23529411765	-1941.17647058824
			3590.6862745098	-1941.17647058824
			3593.13725490196	-1938.72549019608
			3595.58823529412	-1938.72549019608
			3598.03921568627	-1936.27450980392
			3600.49019607843	-1936.27450980392
			3602.94117647059	-1936.27450980392
			3605.39215686275	-1933.82352941176
			3607.8431372549	-1933.82352941176
			3610.29411764706	-1931.37254901961
			3612.74509803922	-1931.37254901961
			3615.19607843137	-1931.37254901961
			3617.64705882353	-1928.92156862745
			3620.09803921569	-1928.92156862745
			3622.54901960784	-1928.92156862745
			3625	-1926.47058823529
			3627.45098039216	-1926.47058823529
		</C1>
	</curves.scaled>
	<ruler.points type=matrix rownames=TRUE colnames=FALSE nrow=2 ncol=2 as.numeric=TRUE >
		Ruler point 1	3	1877
		Ruler point 2	105	1877
	</ruler.points>
</shapes>

