<shapes type=list>
	<ruler.pixel type=vector names=FALSE length=1 as.numeric=TRUE >102</ruler.pixel>
	<ruler.interval type=vector names=FALSE length=1 as.numeric=TRUE >250</ruler.interval>
	<scaling.units type=vector names=FALSE length=1 as.numeric=FALSE >nm</scaling.units>
	<scaling type=vector names=FALSE length=1 as.numeric=TRUE >2.45098039215686</scaling>
	<landmarks.pixel type=matrix rownames=TRUE colnames=FALSE nrow=10 ncol=2 as.numeric=TRUE >
		1-Pore1R	1125	643
		2-Pore1L	1215	622
		3-Pore2T	770	828
		4-Pore2B	775	908
		5-Pore3T	917	1154
		6-Pore3B	1003	1206
		7-Pore4L	1550	1126
		8-Pore4R	1724	1099
		9-Anchor	1919	1057
		10-Tip	1762	605
	</landmarks.pixel>
	<landmarks.scaled type=matrix rownames=TRUE colnames=FALSE nrow=10 ncol=2 as.numeric=TRUE >
		1-Pore1R	2757.35294117647	-1575.98039215686
		2-Pore1L	2977.94117647059	-1524.50980392157
		3-Pore2T	1887.25490196078	-2029.41176470588
		4-Pore2B	1899.50980392157	-2225.49019607843
		5-Pore3T	2247.54901960784	-2828.43137254902
		6-Pore3B	2458.33333333333	-2955.88235294118
		7-Pore4L	3799.01960784314	-2759.80392156863
		8-Pore4R	4225.49019607843	-2693.62745098039
		9-Anchor	4703.43137254902	-2590.6862745098
		10-Tip	4318.62745098039	-1482.8431372549
	</landmarks.scaled>
	<curves.control type=list>
		<C1 type=matrix rownames=FALSE colnames=FALSE nrow=7 ncol=2 as.numeric=TRUE >
			1919	1057
			1869	993
			1816	847
			1776	783
			1698	730
			1645	653
			1762	605
		</C1>
	</curves.control>
	<curves.pixel type=list>
		<C1 type=matrix rownames=FALSE colnames=FALSE nrow=520 ncol=2 as.numeric=TRUE >
			1919	1057
			1918	1056
			1917	1055
			1916	1054
			1916	1053
			1915	1052
			1914	1051
			1914	1050
			1913	1049
			1913	1048
			1912	1048
			1911	1047
			1911	1046
			1910	1045
			1909	1044
			1909	1043
			1908	1042
			1908	1041
			1907	1040
			1906	1039
			1906	1038
			1905	1038
			1904	1037
			1904	1036
			1903	1035
			1902	1034
			1902	1033
			1901	1032
			1901	1031
			1900	1030
			1899	1029
			1899	1028
			1898	1027
			1897	1026
			1897	1025
			1896	1024
			1896	1023
			1895	1022
			1895	1021
			1894	1020
			1893	1019
			1893	1018
			1892	1017
			1891	1016
			1891	1015
			1890	1014
			1890	1013
			1889	1012
			1889	1011
			1888	1010
			1888	1009
			1887	1008
			1886	1007
			1886	1006
			1885	1005
			1885	1004
			1884	1003
			1884	1002
			1883	1001
			1883	1000
			1882	999
			1881	998
			1881	997
			1880	996
			1880	995
			1879	994
			1879	993
			1878	992
			1878	991
			1877	990
			1876	989
			1876	988
			1875	987
			1875	986
			1875	985
			1874	985
			1874	984
			1874	983
			1873	983
			1873	982
			1873	981
			1872	981
			1872	980
			1872	979
			1871	979
			1871	978
			1871	977
			1870	977
			1870	976
			1870	975
			1869	975
			1869	974
			1869	973
			1868	972
			1868	971
			1867	970
			1866	969
			1866	968
			1866	967
			1865	966
			1864	965
			1864	964
			1863	963
			1863	962
			1863	961
			1862	960
			1862	959
			1861	958
			1861	957
			1860	956
			1860	955
			1859	954
			1859	953
			1859	952
			1858	952
			1858	951
			1858	950
			1857	949
			1857	948
			1856	947
			1856	946
			1855	945
			1855	944
			1855	943
			1854	942
			1854	941
			1853	940
			1853	939
			1852	938
			1852	937
			1851	936
			1851	935
			1851	934
			1850	933
			1850	932
			1849	931
			1849	930
			1848	929
			1848	928
			1848	927
			1847	926
			1846	925
			1846	924
			1846	923
			1845	922
			1845	921
			1844	920
			1844	919
			1844	918
			1843	918
			1843	917
			1843	916
			1842	915
			1842	914
			1841	913
			1841	912
			1841	911
			1840	910
			1840	909
			1839	908
			1839	907
			1839	906
			1838	905
			1838	904
			1838	903
			1837	902
			1837	901
			1836	900
			1836	899
			1835	898
			1835	897
			1835	896
			1834	895
			1834	894
			1833	893
			1833	892
			1833	891
			1832	890
			1832	889
			1831	888
			1831	887
			1831	886
			1830	885
			1830	884
			1829	883
			1829	882
			1829	881
			1828	880
			1828	879
			1828	878
			1827	877
			1827	876
			1826	875
			1826	874
			1826	873
			1825	873
			1825	872
			1825	871
			1825	870
			1824	870
			1824	869
			1824	868
			1823	867
			1823	866
			1823	865
			1822	864
			1822	863
			1822	862
			1821	861
			1821	860
			1821	859
			1820	858
			1820	857
			1819	856
			1819	855
			1819	854
			1818	853
			1818	852
			1817	851
			1817	850
			1817	849
			1817	848
			1816	848
			1816	847
			1815	846
			1815	845
			1814	844
			1813	843
			1813	842
			1812	841
			1812	840
			1811	839
			1810	838
			1810	837
			1809	837
			1809	836
			1808	835
			1807	834
			1807	833
			1806	832
			1806	831
			1805	831
			1804	830
			1804	829
			1803	828
			1803	827
			1802	826
			1801	826
			1801	825
			1800	824
			1799	823
			1799	822
			1798	821
			1797	821
			1797	820
			1796	819
			1796	818
			1795	817
			1794	816
			1793	815
			1792	814
			1791	813
			1790	812
			1790	811
			1789	810
			1788	809
			1787	808
			1786	807
			1785	806
			1785	805
			1784	804
			1783	803
			1782	802
			1781	801
			1780	800
			1779	799
			1778	798
			1777	797
			1777	796
			1776	795
			1775	794
			1774	793
			1773	792
			1772	791
			1771	790
			1770	789
			1769	788
			1768	787
			1767	787
			1766	786
			1765	785
			1764	784
			1763	783
			1762	782
			1761	781
			1760	780
			1760	779
			1759	778
			1758	777
			1757	777
			1756	776
			1756	775
			1755	775
			1754	774
			1753	773
			1752	772
			1751	771
			1750	770
			1749	769
			1748	769
			1747	768
			1746	767
			1745	766
			1744	765
			1743	764
			1742	763
			1741	763
			1740	762
			1739	761
			1738	760
			1737	760
			1737	759
			1736	758
			1735	757
			1734	756
			1733	756
			1732	755
			1731	754
			1730	753
			1729	753
			1728	752
			1727	751
			1726	750
			1725	749
			1724	749
			1723	748
			1722	747
			1721	746
			1720	746
			1719	745
			1718	744
			1717	743
			1716	743
			1715	742
			1714	741
			1713	740
			1712	739
			1711	739
			1710	739
			1710	738
			1709	738
			1708	737
			1707	736
			1706	735
			1705	735
			1704	734
			1703	733
			1702	733
			1701	732
			1700	731
			1699	731
			1698	730
			1697	729
			1697	728
			1696	727
			1696	726
			1695	725
			1694	724
			1694	723
			1693	723
			1693	722
			1692	721
			1692	720
			1691	719
			1691	718
			1690	717
			1690	716
			1689	715
			1689	714
			1688	714
			1688	713
			1688	712
			1687	711
			1687	710
			1687	709
			1686	708
			1686	707
			1686	706
			1685	706
			1685	705
			1685	704
			1684	703
			1684	702
			1684	701
			1684	700
			1683	699
			1683	698
			1683	697
			1683	696
			1682	695
			1682	694
			1682	693
			1682	692
			1682	691
			1682	690
			1682	689
			1682	688
			1682	687
			1681	686
			1681	685
			1681	684
			1682	683
			1682	682
			1682	681
			1682	680
			1682	679
			1682	678
			1682	677
			1682	676
			1682	675
			1683	674
			1683	673
			1683	672
			1683	671
			1684	670
			1684	669
			1684	668
			1684	667
			1685	666
			1685	665
			1686	665
			1686	664
			1686	663
			1687	662
			1687	661
			1688	660
			1688	659
			1689	658
			1689	657
			1690	656
			1690	655
			1691	655
			1691	654
			1692	653
			1693	652
			1693	651
			1694	650
			1695	649
			1695	648
			1696	648
			1697	647
			1697	646
			1698	645
			1699	644
			1700	643
			1701	642
			1702	641
			1703	640
			1704	639
			1705	638
			1706	638
			1706	637
			1707	636
			1708	636
			1709	635
			1710	634
			1711	633
			1712	632
			1713	631
			1714	631
			1715	630
			1716	629
			1717	629
			1718	628
			1719	627
			1720	627
			1721	626
			1722	625
			1723	625
			1724	624
			1725	623
			1726	623
			1727	622
			1728	622
			1728	621
			1729	621
			1730	621
			1731	620
			1732	619
			1733	619
			1734	618
			1735	618
			1736	617
			1737	617
			1738	616
			1739	616
			1739	615
			1740	615
			1741	614
			1742	614
			1743	614
			1744	613
			1745	613
			1746	612
			1747	612
			1748	611
			1749	611
			1750	610
			1751	610
			1752	609
			1753	609
			1754	609
			1755	608
			1756	608
			1757	607
			1758	607
			1759	606
			1760	606
			1761	605
			1762	605
		</C1>
	</curves.pixel>
	<curves.scaled type=list>
		<C1 type=matrix rownames=FALSE colnames=FALSE nrow=520 ncol=2 as.numeric=TRUE >
			4703.43137254902	-2590.6862745098
			4700.98039215686	-2588.23529411765
			4698.52941176471	-2585.78431372549
			4696.07843137255	-2583.33333333333
			4696.07843137255	-2580.88235294118
			4693.62745098039	-2578.43137254902
			4691.17647058824	-2575.98039215686
			4691.17647058824	-2573.52941176471
			4688.72549019608	-2571.07843137255
			4688.72549019608	-2568.62745098039
			4686.27450980392	-2568.62745098039
			4683.82352941176	-2566.17647058824
			4683.82352941176	-2563.72549019608
			4681.37254901961	-2561.27450980392
			4678.92156862745	-2558.82352941176
			4678.92156862745	-2556.37254901961
			4676.47058823529	-2553.92156862745
			4676.47058823529	-2551.47058823529
			4674.01960784314	-2549.01960784314
			4671.56862745098	-2546.56862745098
			4671.56862745098	-2544.11764705882
			4669.11764705882	-2544.11764705882
			4666.66666666667	-2541.66666666667
			4666.66666666667	-2539.21568627451
			4664.21568627451	-2536.76470588235
			4661.76470588235	-2534.3137254902
			4661.76470588235	-2531.86274509804
			4659.3137254902	-2529.41176470588
			4659.3137254902	-2526.96078431373
			4656.86274509804	-2524.50980392157
			4654.41176470588	-2522.05882352941
			4654.41176470588	-2519.60784313726
			4651.96078431373	-2517.1568627451
			4649.50980392157	-2514.70588235294
			4649.50980392157	-2512.25490196078
			4647.05882352941	-2509.80392156863
			4647.05882352941	-2507.35294117647
			4644.60784313726	-2504.90196078431
			4644.60784313726	-2502.45098039216
			4642.1568627451	-2500
			4639.70588235294	-2497.54901960784
			4639.70588235294	-2495.09803921569
			4637.25490196078	-2492.64705882353
			4634.80392156863	-2490.19607843137
			4634.80392156863	-2487.74509803922
			4632.35294117647	-2485.29411764706
			4632.35294117647	-2482.8431372549
			4629.90196078431	-2480.39215686275
			4629.90196078431	-2477.94117647059
			4627.45098039216	-2475.49019607843
			4627.45098039216	-2473.03921568627
			4625	-2470.58823529412
			4622.54901960784	-2468.13725490196
			4622.54901960784	-2465.6862745098
			4620.09803921569	-2463.23529411765
			4620.09803921569	-2460.78431372549
			4617.64705882353	-2458.33333333333
			4617.64705882353	-2455.88235294118
			4615.19607843137	-2453.43137254902
			4615.19607843137	-2450.98039215686
			4612.74509803922	-2448.52941176471
			4610.29411764706	-2446.07843137255
			4610.29411764706	-2443.62745098039
			4607.8431372549	-2441.17647058824
			4607.8431372549	-2438.72549019608
			4605.39215686275	-2436.27450980392
			4605.39215686275	-2433.82352941176
			4602.94117647059	-2431.37254901961
			4602.94117647059	-2428.92156862745
			4600.49019607843	-2426.47058823529
			4598.03921568627	-2424.01960784314
			4598.03921568627	-2421.56862745098
			4595.58823529412	-2419.11764705882
			4595.58823529412	-2416.66666666667
			4595.58823529412	-2414.21568627451
			4593.13725490196	-2414.21568627451
			4593.13725490196	-2411.76470588235
			4593.13725490196	-2409.3137254902
			4590.6862745098	-2409.3137254902
			4590.6862745098	-2406.86274509804
			4590.6862745098	-2404.41176470588
			4588.23529411765	-2404.41176470588
			4588.23529411765	-2401.96078431373
			4588.23529411765	-2399.50980392157
			4585.78431372549	-2399.50980392157
			4585.78431372549	-2397.05882352941
			4585.78431372549	-2394.60784313726
			4583.33333333333	-2394.60784313726
			4583.33333333333	-2392.1568627451
			4583.33333333333	-2389.70588235294
			4580.88235294118	-2389.70588235294
			4580.88235294118	-2387.25490196078
			4580.88235294118	-2384.80392156863
			4578.43137254902	-2382.35294117647
			4578.43137254902	-2379.90196078431
			4575.98039215686	-2377.45098039216
			4573.52941176471	-2375
			4573.52941176471	-2372.54901960784
			4573.52941176471	-2370.09803921569
			4571.07843137255	-2367.64705882353
			4568.62745098039	-2365.19607843137
			4568.62745098039	-2362.74509803922
			4566.17647058824	-2360.29411764706
			4566.17647058824	-2357.8431372549
			4566.17647058824	-2355.39215686275
			4563.72549019608	-2352.94117647059
			4563.72549019608	-2350.49019607843
			4561.27450980392	-2348.03921568627
			4561.27450980392	-2345.58823529412
			4558.82352941176	-2343.13725490196
			4558.82352941176	-2340.6862745098
			4556.37254901961	-2338.23529411765
			4556.37254901961	-2335.78431372549
			4556.37254901961	-2333.33333333333
			4553.92156862745	-2333.33333333333
			4553.92156862745	-2330.88235294118
			4553.92156862745	-2328.43137254902
			4551.47058823529	-2325.98039215686
			4551.47058823529	-2323.52941176471
			4549.01960784314	-2321.07843137255
			4549.01960784314	-2318.62745098039
			4546.56862745098	-2316.17647058824
			4546.56862745098	-2313.72549019608
			4546.56862745098	-2311.27450980392
			4544.11764705882	-2308.82352941176
			4544.11764705882	-2306.37254901961
			4541.66666666667	-2303.92156862745
			4541.66666666667	-2301.47058823529
			4539.21568627451	-2299.01960784314
			4539.21568627451	-2296.56862745098
			4536.76470588235	-2294.11764705882
			4536.76470588235	-2291.66666666667
			4536.76470588235	-2289.21568627451
			4534.3137254902	-2286.76470588235
			4534.3137254902	-2284.3137254902
			4531.86274509804	-2281.86274509804
			4531.86274509804	-2279.41176470588
			4529.41176470588	-2276.96078431373
			4529.41176470588	-2274.50980392157
			4529.41176470588	-2272.05882352941
			4526.96078431373	-2269.60784313726
			4524.50980392157	-2267.1568627451
			4524.50980392157	-2264.70588235294
			4524.50980392157	-2262.25490196078
			4522.05882352941	-2259.80392156863
			4522.05882352941	-2257.35294117647
			4519.60784313726	-2254.90196078431
			4519.60784313726	-2252.45098039216
			4519.60784313726	-2250
			4517.1568627451	-2250
			4517.1568627451	-2247.54901960784
			4517.1568627451	-2245.09803921569
			4514.70588235294	-2242.64705882353
			4514.70588235294	-2240.19607843137
			4512.25490196078	-2237.74509803922
			4512.25490196078	-2235.29411764706
			4512.25490196078	-2232.8431372549
			4509.80392156863	-2230.39215686275
			4509.80392156863	-2227.94117647059
			4507.35294117647	-2225.49019607843
			4507.35294117647	-2223.03921568627
			4507.35294117647	-2220.58823529412
			4504.90196078431	-2218.13725490196
			4504.90196078431	-2215.6862745098
			4504.90196078431	-2213.23529411765
			4502.45098039216	-2210.78431372549
			4502.45098039216	-2208.33333333333
			4500	-2205.88235294118
			4500	-2203.43137254902
			4497.54901960784	-2200.98039215686
			4497.54901960784	-2198.52941176471
			4497.54901960784	-2196.07843137255
			4495.09803921569	-2193.62745098039
			4495.09803921569	-2191.17647058824
			4492.64705882353	-2188.72549019608
			4492.64705882353	-2186.27450980392
			4492.64705882353	-2183.82352941176
			4490.19607843137	-2181.37254901961
			4490.19607843137	-2178.92156862745
			4487.74509803922	-2176.47058823529
			4487.74509803922	-2174.01960784314
			4487.74509803922	-2171.56862745098
			4485.29411764706	-2169.11764705882
			4485.29411764706	-2166.66666666667
			4482.8431372549	-2164.21568627451
			4482.8431372549	-2161.76470588235
			4482.8431372549	-2159.3137254902
			4480.39215686275	-2156.86274509804
			4480.39215686275	-2154.41176470588
			4480.39215686275	-2151.96078431373
			4477.94117647059	-2149.50980392157
			4477.94117647059	-2147.05882352941
			4475.49019607843	-2144.60784313726
			4475.49019607843	-2142.1568627451
			4475.49019607843	-2139.70588235294
			4473.03921568627	-2139.70588235294
			4473.03921568627	-2137.25490196078
			4473.03921568627	-2134.80392156863
			4473.03921568627	-2132.35294117647
			4470.58823529412	-2132.35294117647
			4470.58823529412	-2129.90196078431
			4470.58823529412	-2127.45098039216
			4468.13725490196	-2125
			4468.13725490196	-2122.54901960784
			4468.13725490196	-2120.09803921569
			4465.6862745098	-2117.64705882353
			4465.6862745098	-2115.19607843137
			4465.6862745098	-2112.74509803922
			4463.23529411765	-2110.29411764706
			4463.23529411765	-2107.8431372549
			4463.23529411765	-2105.39215686275
			4460.78431372549	-2102.94117647059
			4460.78431372549	-2100.49019607843
			4458.33333333333	-2098.03921568627
			4458.33333333333	-2095.58823529412
			4458.33333333333	-2093.13725490196
			4455.88235294118	-2090.6862745098
			4455.88235294118	-2088.23529411765
			4453.43137254902	-2085.78431372549
			4453.43137254902	-2083.33333333333
			4453.43137254902	-2080.88235294118
			4453.43137254902	-2078.43137254902
			4450.98039215686	-2078.43137254902
			4450.98039215686	-2075.98039215686
			4448.52941176471	-2073.52941176471
			4448.52941176471	-2071.07843137255
			4446.07843137255	-2068.62745098039
			4443.62745098039	-2066.17647058824
			4443.62745098039	-2063.72549019608
			4441.17647058824	-2061.27450980392
			4441.17647058824	-2058.82352941176
			4438.72549019608	-2056.37254901961
			4436.27450980392	-2053.92156862745
			4436.27450980392	-2051.47058823529
			4433.82352941176	-2051.47058823529
			4433.82352941176	-2049.01960784314
			4431.37254901961	-2046.56862745098
			4428.92156862745	-2044.11764705882
			4428.92156862745	-2041.66666666667
			4426.47058823529	-2039.21568627451
			4426.47058823529	-2036.76470588235
			4424.01960784314	-2036.76470588235
			4421.56862745098	-2034.3137254902
			4421.56862745098	-2031.86274509804
			4419.11764705882	-2029.41176470588
			4419.11764705882	-2026.96078431373
			4416.66666666667	-2024.50980392157
			4414.21568627451	-2024.50980392157
			4414.21568627451	-2022.05882352941
			4411.76470588235	-2019.60784313726
			4409.3137254902	-2017.1568627451
			4409.3137254902	-2014.70588235294
			4406.86274509804	-2012.25490196078
			4404.41176470588	-2012.25490196078
			4404.41176470588	-2009.80392156863
			4401.96078431373	-2007.35294117647
			4401.96078431373	-2004.90196078431
			4399.50980392157	-2002.45098039216
			4397.05882352941	-2000
			4394.60784313726	-1997.54901960784
			4392.1568627451	-1995.09803921569
			4389.70588235294	-1992.64705882353
			4387.25490196078	-1990.19607843137
			4387.25490196078	-1987.74509803922
			4384.80392156863	-1985.29411764706
			4382.35294117647	-1982.8431372549
			4379.90196078431	-1980.39215686275
			4377.45098039216	-1977.94117647059
			4375	-1975.49019607843
			4375	-1973.03921568627
			4372.54901960784	-1970.58823529412
			4370.09803921569	-1968.13725490196
			4367.64705882353	-1965.6862745098
			4365.19607843137	-1963.23529411765
			4362.74509803922	-1960.78431372549
			4360.29411764706	-1958.33333333333
			4357.8431372549	-1955.88235294118
			4355.39215686275	-1953.43137254902
			4355.39215686275	-1950.98039215686
			4352.94117647059	-1948.52941176471
			4350.49019607843	-1946.07843137255
			4348.03921568627	-1943.62745098039
			4345.58823529412	-1941.17647058824
			4343.13725490196	-1938.72549019608
			4340.6862745098	-1936.27450980392
			4338.23529411765	-1933.82352941176
			4335.78431372549	-1931.37254901961
			4333.33333333333	-1928.92156862745
			4330.88235294118	-1928.92156862745
			4328.43137254902	-1926.47058823529
			4325.98039215686	-1924.01960784314
			4323.52941176471	-1921.56862745098
			4321.07843137255	-1919.11764705882
			4318.62745098039	-1916.66666666667
			4316.17647058824	-1914.21568627451
			4313.72549019608	-1911.76470588235
			4313.72549019608	-1909.3137254902
			4311.27450980392	-1906.86274509804
			4308.82352941176	-1904.41176470588
			4306.37254901961	-1904.41176470588
			4303.92156862745	-1901.96078431373
			4303.92156862745	-1899.50980392157
			4301.47058823529	-1899.50980392157
			4299.01960784314	-1897.05882352941
			4296.56862745098	-1894.60784313726
			4294.11764705882	-1892.1568627451
			4291.66666666667	-1889.70588235294
			4289.21568627451	-1887.25490196078
			4286.76470588235	-1884.80392156863
			4284.3137254902	-1884.80392156863
			4281.86274509804	-1882.35294117647
			4279.41176470588	-1879.90196078431
			4276.96078431373	-1877.45098039216
			4274.50980392157	-1875
			4272.05882352941	-1872.54901960784
			4269.60784313726	-1870.09803921569
			4267.1568627451	-1870.09803921569
			4264.70588235294	-1867.64705882353
			4262.25490196078	-1865.19607843137
			4259.80392156863	-1862.74509803922
			4257.35294117647	-1862.74509803922
			4257.35294117647	-1860.29411764706
			4254.90196078431	-1857.8431372549
			4252.45098039216	-1855.39215686275
			4250	-1852.94117647059
			4247.54901960784	-1852.94117647059
			4245.09803921569	-1850.49019607843
			4242.64705882353	-1848.03921568627
			4240.19607843137	-1845.58823529412
			4237.74509803922	-1845.58823529412
			4235.29411764706	-1843.13725490196
			4232.8431372549	-1840.6862745098
			4230.39215686275	-1838.23529411765
			4227.94117647059	-1835.78431372549
			4225.49019607843	-1835.78431372549
			4223.03921568627	-1833.33333333333
			4220.58823529412	-1830.88235294118
			4218.13725490196	-1828.43137254902
			4215.6862745098	-1828.43137254902
			4213.23529411765	-1825.98039215686
			4210.78431372549	-1823.52941176471
			4208.33333333333	-1821.07843137255
			4205.88235294118	-1821.07843137255
			4203.43137254902	-1818.62745098039
			4200.98039215686	-1816.17647058824
			4198.52941176471	-1813.72549019608
			4196.07843137255	-1811.27450980392
			4193.62745098039	-1811.27450980392
			4191.17647058824	-1811.27450980392
			4191.17647058824	-1808.82352941176
			4188.72549019608	-1808.82352941176
			4186.27450980392	-1806.37254901961
			4183.82352941176	-1803.92156862745
			4181.37254901961	-1801.47058823529
			4178.92156862745	-1801.47058823529
			4176.47058823529	-1799.01960784314
			4174.01960784314	-1796.56862745098
			4171.56862745098	-1796.56862745098
			4169.11764705882	-1794.11764705882
			4166.66666666667	-1791.66666666667
			4164.21568627451	-1791.66666666667
			4161.76470588235	-1789.21568627451
			4159.3137254902	-1786.76470588235
			4159.3137254902	-1784.3137254902
			4156.86274509804	-1781.86274509804
			4156.86274509804	-1779.41176470588
			4154.41176470588	-1776.96078431373
			4151.96078431373	-1774.50980392157
			4151.96078431373	-1772.05882352941
			4149.50980392157	-1772.05882352941
			4149.50980392157	-1769.60784313726
			4147.05882352941	-1767.1568627451
			4147.05882352941	-1764.70588235294
			4144.60784313726	-1762.25490196078
			4144.60784313726	-1759.80392156863
			4142.1568627451	-1757.35294117647
			4142.1568627451	-1754.90196078431
			4139.70588235294	-1752.45098039216
			4139.70588235294	-1750
			4137.25490196078	-1750
			4137.25490196078	-1747.54901960784
			4137.25490196078	-1745.09803921569
			4134.80392156863	-1742.64705882353
			4134.80392156863	-1740.19607843137
			4134.80392156863	-1737.74509803922
			4132.35294117647	-1735.29411764706
			4132.35294117647	-1732.8431372549
			4132.35294117647	-1730.39215686275
			4129.90196078431	-1730.39215686275
			4129.90196078431	-1727.94117647059
			4129.90196078431	-1725.49019607843
			4127.45098039216	-1723.03921568627
			4127.45098039216	-1720.58823529412
			4127.45098039216	-1718.13725490196
			4127.45098039216	-1715.6862745098
			4125	-1713.23529411765
			4125	-1710.78431372549
			4125	-1708.33333333333
			4125	-1705.88235294118
			4122.54901960784	-1703.43137254902
			4122.54901960784	-1700.98039215686
			4122.54901960784	-1698.52941176471
			4122.54901960784	-1696.07843137255
			4122.54901960784	-1693.62745098039
			4122.54901960784	-1691.17647058824
			4122.54901960784	-1688.72549019608
			4122.54901960784	-1686.27450980392
			4122.54901960784	-1683.82352941176
			4120.09803921569	-1681.37254901961
			4120.09803921569	-1678.92156862745
			4120.09803921569	-1676.47058823529
			4122.54901960784	-1674.01960784314
			4122.54901960784	-1671.56862745098
			4122.54901960784	-1669.11764705882
			4122.54901960784	-1666.66666666667
			4122.54901960784	-1664.21568627451
			4122.54901960784	-1661.76470588235
			4122.54901960784	-1659.3137254902
			4122.54901960784	-1656.86274509804
			4122.54901960784	-1654.41176470588
			4125	-1651.96078431373
			4125	-1649.50980392157
			4125	-1647.05882352941
			4125	-1644.60784313726
			4127.45098039216	-1642.1568627451
			4127.45098039216	-1639.70588235294
			4127.45098039216	-1637.25490196078
			4127.45098039216	-1634.80392156863
			4129.90196078431	-1632.35294117647
			4129.90196078431	-1629.90196078431
			4132.35294117647	-1629.90196078431
			4132.35294117647	-1627.45098039216
			4132.35294117647	-1625
			4134.80392156863	-1622.54901960784
			4134.80392156863	-1620.09803921569
			4137.25490196078	-1617.64705882353
			4137.25490196078	-1615.19607843137
			4139.70588235294	-1612.74509803922
			4139.70588235294	-1610.29411764706
			4142.1568627451	-1607.8431372549
			4142.1568627451	-1605.39215686275
			4144.60784313726	-1605.39215686275
			4144.60784313726	-1602.94117647059
			4147.05882352941	-1600.49019607843
			4149.50980392157	-1598.03921568627
			4149.50980392157	-1595.58823529412
			4151.96078431373	-1593.13725490196
			4154.41176470588	-1590.6862745098
			4154.41176470588	-1588.23529411765
			4156.86274509804	-1588.23529411765
			4159.3137254902	-1585.78431372549
			4159.3137254902	-1583.33333333333
			4161.76470588235	-1580.88235294118
			4164.21568627451	-1578.43137254902
			4166.66666666667	-1575.98039215686
			4169.11764705882	-1573.52941176471
			4171.56862745098	-1571.07843137255
			4174.01960784314	-1568.62745098039
			4176.47058823529	-1566.17647058824
			4178.92156862745	-1563.72549019608
			4181.37254901961	-1563.72549019608
			4181.37254901961	-1561.27450980392
			4183.82352941176	-1558.82352941176
			4186.27450980392	-1558.82352941176
			4188.72549019608	-1556.37254901961
			4191.17647058824	-1553.92156862745
			4193.62745098039	-1551.47058823529
			4196.07843137255	-1549.01960784314
			4198.52941176471	-1546.56862745098
			4200.98039215686	-1546.56862745098
			4203.43137254902	-1544.11764705882
			4205.88235294118	-1541.66666666667
			4208.33333333333	-1541.66666666667
			4210.78431372549	-1539.21568627451
			4213.23529411765	-1536.76470588235
			4215.6862745098	-1536.76470588235
			4218.13725490196	-1534.3137254902
			4220.58823529412	-1531.86274509804
			4223.03921568627	-1531.86274509804
			4225.49019607843	-1529.41176470588
			4227.94117647059	-1526.96078431373
			4230.39215686275	-1526.96078431373
			4232.8431372549	-1524.50980392157
			4235.29411764706	-1524.50980392157
			4235.29411764706	-1522.05882352941
			4237.74509803922	-1522.05882352941
			4240.19607843137	-1522.05882352941
			4242.64705882353	-1519.60784313726
			4245.09803921569	-1517.1568627451
			4247.54901960784	-1517.1568627451
			4250	-1514.70588235294
			4252.45098039216	-1514.70588235294
			4254.90196078431	-1512.25490196078
			4257.35294117647	-1512.25490196078
			4259.80392156863	-1509.80392156863
			4262.25490196078	-1509.80392156863
			4262.25490196078	-1507.35294117647
			4264.70588235294	-1507.35294117647
			4267.1568627451	-1504.90196078431
			4269.60784313726	-1504.90196078431
			4272.05882352941	-1504.90196078431
			4274.50980392157	-1502.45098039216
			4276.96078431373	-1502.45098039216
			4279.41176470588	-1500
			4281.86274509804	-1500
			4284.3137254902	-1497.54901960784
			4286.76470588235	-1497.54901960784
			4289.21568627451	-1495.09803921569
			4291.66666666667	-1495.09803921569
			4294.11764705882	-1492.64705882353
			4296.56862745098	-1492.64705882353
			4299.01960784314	-1492.64705882353
			4301.47058823529	-1490.19607843137
			4303.92156862745	-1490.19607843137
			4306.37254901961	-1487.74509803922
			4308.82352941176	-1487.74509803922
			4311.27450980392	-1485.29411764706
			4313.72549019608	-1485.29411764706
			4316.17647058824	-1482.8431372549
			4318.62745098039	-1482.8431372549
		</C1>
	</curves.scaled>
	<ruler.points type=matrix rownames=TRUE colnames=FALSE nrow=2 ncol=2 as.numeric=TRUE >
		Ruler point 1	3	1877
		Ruler point 2	105	1877
	</ruler.points>
</shapes>

