<shapes type=list>
	<ruler.pixel type=vector names=FALSE length=1 as.numeric=TRUE >102</ruler.pixel>
	<ruler.interval type=vector names=FALSE length=1 as.numeric=TRUE >250</ruler.interval>
	<scaling.units type=vector names=FALSE length=1 as.numeric=FALSE >nm</scaling.units>
	<scaling type=vector names=FALSE length=1 as.numeric=TRUE >2.45098039215686</scaling>
	<landmarks.pixel type=matrix rownames=TRUE colnames=FALSE nrow=10 ncol=2 as.numeric=TRUE >
		1-Pore1R	1160	663
		2-Pore1L	1111	660
		3-Pore2T	713	854
		4-Pore2B	722	920
		5-Pore3T	824	1203
		6-Pore3B	910	1270
		7-Pore4L	1533	1270
		8-Pore4R	1636	1258
		9-Anchor	1764	1248
		10-Tip	1673	757
	</landmarks.pixel>
	<landmarks.scaled type=matrix rownames=TRUE colnames=FALSE nrow=10 ncol=2 as.numeric=TRUE >
		1-Pore1R	2843.13725490196	-1625
		2-Pore1L	2723.03921568627	-1617.64705882353
		3-Pore2T	1747.54901960784	-2093.13725490196
		4-Pore2B	1769.60784313726	-2254.90196078431
		5-Pore3T	2019.60784313726	-2948.52941176471
		6-Pore3B	2230.39215686275	-3112.74509803922
		7-Pore4L	3757.35294117647	-3112.74509803922
		8-Pore4R	4009.80392156863	-3083.33333333333
		9-Anchor	4323.52941176471	-3058.82352941176
		10-Tip	4100.49019607843	-1855.39215686275
	</landmarks.scaled>
	<curves.control type=list>
		<C1 type=matrix rownames=FALSE colnames=FALSE nrow=7 ncol=2 as.numeric=TRUE >
			1764	1248
			1718	1135
			1695	957
			1668	880
			1609	856
			1570	785
			1673	757
		</C1>
	</curves.control>
	<curves.pixel type=list>
		<C1 type=matrix rownames=FALSE colnames=FALSE nrow=549 ncol=2 as.numeric=TRUE >
			1764	1248
			1764	1247
			1763	1246
			1763	1245
			1762	1244
			1762	1243
			1762	1242
			1761	1241
			1761	1240
			1761	1239
			1760	1239
			1760	1238
			1760	1237
			1759	1236
			1759	1235
			1759	1234
			1758	1233
			1758	1232
			1757	1231
			1757	1230
			1756	1229
			1756	1228
			1756	1227
			1756	1226
			1755	1226
			1755	1225
			1755	1224
			1754	1223
			1754	1222
			1754	1221
			1753	1220
			1753	1219
			1753	1218
			1752	1217
			1752	1216
			1752	1215
			1751	1214
			1751	1213
			1751	1212
			1750	1211
			1750	1210
			1750	1209
			1749	1208
			1749	1207
			1749	1206
			1748	1206
			1748	1205
			1748	1204
			1747	1203
			1747	1202
			1747	1201
			1746	1200
			1746	1199
			1746	1198
			1745	1197
			1745	1196
			1745	1195
			1744	1194
			1744	1193
			1744	1192
			1744	1191
			1743	1190
			1743	1189
			1743	1188
			1742	1187
			1742	1186
			1742	1185
			1741	1184
			1741	1183
			1741	1182
			1740	1181
			1740	1180
			1740	1179
			1739	1178
			1739	1177
			1739	1176
			1739	1175
			1738	1174
			1738	1173
			1738	1172
			1737	1171
			1737	1170
			1737	1169
			1736	1168
			1736	1167
			1736	1166
			1736	1165
			1735	1164
			1735	1163
			1735	1162
			1735	1161
			1734	1160
			1734	1159
			1734	1158
			1734	1157
			1733	1156
			1733	1155
			1733	1154
			1733	1153
			1732	1152
			1732	1151
			1732	1150
			1731	1149
			1731	1148
			1731	1147
			1730	1146
			1730	1145
			1730	1144
			1730	1143
			1730	1142
			1729	1142
			1729	1141
			1729	1140
			1729	1139
			1729	1138
			1728	1137
			1728	1136
			1728	1135
			1727	1134
			1727	1133
			1727	1132
			1727	1131
			1726	1130
			1726	1129
			1726	1128
			1726	1127
			1725	1126
			1725	1125
			1725	1124
			1725	1123
			1725	1122
			1724	1121
			1724	1120
			1724	1119
			1724	1118
			1723	1117
			1723	1116
			1723	1115
			1723	1114
			1722	1113
			1722	1112
			1722	1111
			1722	1110
			1721	1109
			1721	1108
			1721	1107
			1721	1106
			1721	1105
			1720	1104
			1720	1103
			1720	1102
			1720	1101
			1719	1100
			1719	1099
			1719	1098
			1719	1097
			1719	1096
			1718	1095
			1718	1094
			1718	1093
			1718	1092
			1718	1091
			1717	1091
			1717	1090
			1717	1089
			1717	1088
			1717	1087
			1716	1086
			1716	1085
			1716	1084
			1716	1083
			1716	1082
			1715	1081
			1715	1080
			1715	1079
			1715	1078
			1715	1077
			1714	1076
			1714	1075
			1714	1074
			1714	1073
			1714	1072
			1713	1071
			1713	1070
			1713	1069
			1713	1068
			1713	1067
			1712	1066
			1712	1065
			1712	1064
			1712	1063
			1712	1062
			1711	1061
			1711	1060
			1711	1059
			1711	1058
			1711	1057
			1711	1056
			1710	1055
			1710	1054
			1710	1053
			1710	1052
			1710	1051
			1709	1050
			1709	1049
			1709	1048
			1709	1047
			1709	1046
			1709	1045
			1708	1044
			1708	1043
			1708	1042
			1708	1041
			1708	1040
			1707	1039
			1707	1038
			1707	1037
			1707	1036
			1707	1035
			1707	1034
			1706	1033
			1706	1032
			1706	1031
			1706	1030
			1706	1029
			1706	1028
			1705	1027
			1705	1026
			1705	1025
			1705	1024
			1705	1023
			1705	1022
			1704	1021
			1704	1020
			1704	1019
			1704	1018
			1704	1017
			1704	1016
			1703	1015
			1703	1014
			1703	1013
			1703	1012
			1703	1011
			1703	1010
			1702	1009
			1702	1008
			1702	1007
			1702	1006
			1702	1005
			1702	1004
			1702	1003
			1701	1003
			1701	1002
			1701	1001
			1701	1000
			1701	999
			1701	998
			1701	997
			1700	996
			1700	995
			1700	994
			1700	993
			1700	992
			1700	991
			1700	990
			1699	989
			1699	988
			1699	987
			1699	986
			1699	985
			1699	984
			1699	983
			1698	983
			1698	982
			1698	981
			1698	980
			1698	979
			1698	978
			1698	977
			1698	976
			1697	975
			1697	974
			1697	973
			1697	972
			1697	971
			1697	970
			1697	969
			1696	968
			1696	967
			1696	966
			1696	965
			1696	964
			1696	963
			1696	962
			1696	961
			1695	960
			1695	959
			1695	958
			1695	957
			1695	956
			1694	955
			1694	954
			1693	953
			1693	952
			1693	951
			1692	950
			1692	949
			1692	948
			1691	947
			1691	946
			1690	945
			1690	944
			1690	943
			1689	942
			1689	941
			1688	940
			1688	939
			1688	938
			1687	937
			1687	936
			1686	935
			1686	934
			1685	933
			1685	932
			1684	931
			1684	930
			1683	929
			1683	928
			1682	927
			1682	926
			1681	925
			1681	924
			1680	923
			1680	922
			1679	921
			1678	920
			1678	919
			1677	918
			1677	917
			1676	916
			1676	915
			1675	915
			1675	914
			1674	913
			1674	912
			1673	911
			1673	910
			1672	910
			1672	909
			1671	908
			1671	907
			1670	906
			1669	905
			1668	904
			1668	903
			1667	902
			1666	901
			1666	900
			1665	899
			1664	898
			1663	897
			1662	896
			1661	895
			1660	894
			1659	893
			1659	892
			1658	891
			1657	890
			1656	889
			1655	888
			1654	887
			1653	886
			1652	885
			1652	884
			1651	883
			1650	882
			1649	881
			1648	881
			1647	880
			1646	879
			1645	878
			1644	877
			1643	876
			1642	876
			1641	875
			1640	874
			1639	873
			1638	872
			1637	872
			1636	871
			1635	870
			1634	870
			1633	869
			1632	868
			1631	867
			1630	867
			1629	866
			1628	865
			1627	865
			1626	864
			1625	864
			1624	863
			1623	863
			1622	862
			1621	862
			1620	861
			1619	861
			1618	860
			1617	859
			1616	859
			1615	859
			1614	858
			1613	858
			1612	857
			1611	857
			1610	856
			1609	856
			1608	855
			1608	854
			1607	853
			1607	852
			1606	851
			1606	850
			1605	849
			1605	848
			1605	847
			1604	846
			1604	845
			1603	844
			1603	843
			1602	842
			1602	841
			1602	840
			1601	839
			1601	838
			1601	837
			1601	836
			1600	835
			1600	834
			1600	833
			1600	832
			1599	831
			1599	830
			1599	829
			1599	828
			1599	827
			1599	826
			1598	825
			1598	824
			1598	823
			1598	822
			1598	821
			1598	820
			1598	819
			1598	818
			1598	817
			1598	816
			1599	815
			1599	814
			1599	813
			1599	812
			1599	811
			1599	810
			1600	809
			1600	808
			1600	807
			1601	806
			1601	805
			1601	804
			1602	803
			1602	802
			1603	801
			1603	800
			1604	799
			1604	798
			1605	797
			1605	796
			1606	795
			1606	794
			1607	793
			1608	792
			1609	791
			1610	790
			1611	789
			1612	788
			1613	787
			1614	786
			1615	785
			1616	784
			1617	783
			1618	782
			1619	781
			1620	781
			1621	780
			1621	779
			1622	779
			1623	778
			1624	778
			1625	777
			1626	776
			1627	776
			1628	775
			1629	774
			1630	774
			1631	773
			1632	773
			1633	772
			1634	772
			1635	771
			1636	771
			1637	770
			1638	770
			1638	769
			1639	769
			1640	769
			1641	768
			1642	768
			1643	767
			1644	767
			1645	767
			1646	766
			1647	766
			1648	765
			1649	765
			1650	764
			1651	764
			1652	764
			1653	763
			1654	763
			1655	763
			1656	762
			1657	762
			1658	762
			1658	761
			1659	761
			1660	761
			1661	760
			1662	760
			1663	760
			1664	760
			1665	759
			1666	759
			1667	759
			1668	758
			1669	758
			1670	758
			1671	758
			1672	757
			1673	757
		</C1>
	</curves.pixel>
	<curves.scaled type=list>
		<C1 type=matrix rownames=FALSE colnames=FALSE nrow=549 ncol=2 as.numeric=TRUE >
			4323.52941176471	-3058.82352941176
			4323.52941176471	-3056.37254901961
			4321.07843137255	-3053.92156862745
			4321.07843137255	-3051.47058823529
			4318.62745098039	-3049.01960784314
			4318.62745098039	-3046.56862745098
			4318.62745098039	-3044.11764705882
			4316.17647058824	-3041.66666666667
			4316.17647058824	-3039.21568627451
			4316.17647058824	-3036.76470588235
			4313.72549019608	-3036.76470588235
			4313.72549019608	-3034.3137254902
			4313.72549019608	-3031.86274509804
			4311.27450980392	-3029.41176470588
			4311.27450980392	-3026.96078431373
			4311.27450980392	-3024.50980392157
			4308.82352941176	-3022.05882352941
			4308.82352941176	-3019.60784313726
			4306.37254901961	-3017.1568627451
			4306.37254901961	-3014.70588235294
			4303.92156862745	-3012.25490196078
			4303.92156862745	-3009.80392156863
			4303.92156862745	-3007.35294117647
			4303.92156862745	-3004.90196078431
			4301.47058823529	-3004.90196078431
			4301.47058823529	-3002.45098039216
			4301.47058823529	-3000
			4299.01960784314	-2997.54901960784
			4299.01960784314	-2995.09803921569
			4299.01960784314	-2992.64705882353
			4296.56862745098	-2990.19607843137
			4296.56862745098	-2987.74509803922
			4296.56862745098	-2985.29411764706
			4294.11764705882	-2982.8431372549
			4294.11764705882	-2980.39215686275
			4294.11764705882	-2977.94117647059
			4291.66666666667	-2975.49019607843
			4291.66666666667	-2973.03921568627
			4291.66666666667	-2970.58823529412
			4289.21568627451	-2968.13725490196
			4289.21568627451	-2965.6862745098
			4289.21568627451	-2963.23529411765
			4286.76470588235	-2960.78431372549
			4286.76470588235	-2958.33333333333
			4286.76470588235	-2955.88235294118
			4284.3137254902	-2955.88235294118
			4284.3137254902	-2953.43137254902
			4284.3137254902	-2950.98039215686
			4281.86274509804	-2948.52941176471
			4281.86274509804	-2946.07843137255
			4281.86274509804	-2943.62745098039
			4279.41176470588	-2941.17647058824
			4279.41176470588	-2938.72549019608
			4279.41176470588	-2936.27450980392
			4276.96078431373	-2933.82352941176
			4276.96078431373	-2931.37254901961
			4276.96078431373	-2928.92156862745
			4274.50980392157	-2926.47058823529
			4274.50980392157	-2924.01960784314
			4274.50980392157	-2921.56862745098
			4274.50980392157	-2919.11764705882
			4272.05882352941	-2916.66666666667
			4272.05882352941	-2914.21568627451
			4272.05882352941	-2911.76470588235
			4269.60784313726	-2909.3137254902
			4269.60784313726	-2906.86274509804
			4269.60784313726	-2904.41176470588
			4267.1568627451	-2901.96078431373
			4267.1568627451	-2899.50980392157
			4267.1568627451	-2897.05882352941
			4264.70588235294	-2894.60784313726
			4264.70588235294	-2892.1568627451
			4264.70588235294	-2889.70588235294
			4262.25490196078	-2887.25490196078
			4262.25490196078	-2884.80392156863
			4262.25490196078	-2882.35294117647
			4262.25490196078	-2879.90196078431
			4259.80392156863	-2877.45098039216
			4259.80392156863	-2875
			4259.80392156863	-2872.54901960784
			4257.35294117647	-2870.09803921569
			4257.35294117647	-2867.64705882353
			4257.35294117647	-2865.19607843137
			4254.90196078431	-2862.74509803922
			4254.90196078431	-2860.29411764706
			4254.90196078431	-2857.8431372549
			4254.90196078431	-2855.39215686275
			4252.45098039216	-2852.94117647059
			4252.45098039216	-2850.49019607843
			4252.45098039216	-2848.03921568627
			4252.45098039216	-2845.58823529412
			4250	-2843.13725490196
			4250	-2840.6862745098
			4250	-2838.23529411765
			4250	-2835.78431372549
			4247.54901960784	-2833.33333333333
			4247.54901960784	-2830.88235294118
			4247.54901960784	-2828.43137254902
			4247.54901960784	-2825.98039215686
			4245.09803921569	-2823.52941176471
			4245.09803921569	-2821.07843137255
			4245.09803921569	-2818.62745098039
			4242.64705882353	-2816.17647058824
			4242.64705882353	-2813.72549019608
			4242.64705882353	-2811.27450980392
			4240.19607843137	-2808.82352941176
			4240.19607843137	-2806.37254901961
			4240.19607843137	-2803.92156862745
			4240.19607843137	-2801.47058823529
			4240.19607843137	-2799.01960784314
			4237.74509803922	-2799.01960784314
			4237.74509803922	-2796.56862745098
			4237.74509803922	-2794.11764705882
			4237.74509803922	-2791.66666666667
			4237.74509803922	-2789.21568627451
			4235.29411764706	-2786.76470588235
			4235.29411764706	-2784.3137254902
			4235.29411764706	-2781.86274509804
			4232.8431372549	-2779.41176470588
			4232.8431372549	-2776.96078431373
			4232.8431372549	-2774.50980392157
			4232.8431372549	-2772.05882352941
			4230.39215686275	-2769.60784313726
			4230.39215686275	-2767.1568627451
			4230.39215686275	-2764.70588235294
			4230.39215686275	-2762.25490196078
			4227.94117647059	-2759.80392156863
			4227.94117647059	-2757.35294117647
			4227.94117647059	-2754.90196078431
			4227.94117647059	-2752.45098039216
			4227.94117647059	-2750
			4225.49019607843	-2747.54901960784
			4225.49019607843	-2745.09803921569
			4225.49019607843	-2742.64705882353
			4225.49019607843	-2740.19607843137
			4223.03921568627	-2737.74509803922
			4223.03921568627	-2735.29411764706
			4223.03921568627	-2732.8431372549
			4223.03921568627	-2730.39215686275
			4220.58823529412	-2727.94117647059
			4220.58823529412	-2725.49019607843
			4220.58823529412	-2723.03921568627
			4220.58823529412	-2720.58823529412
			4218.13725490196	-2718.13725490196
			4218.13725490196	-2715.6862745098
			4218.13725490196	-2713.23529411765
			4218.13725490196	-2710.78431372549
			4218.13725490196	-2708.33333333333
			4215.6862745098	-2705.88235294118
			4215.6862745098	-2703.43137254902
			4215.6862745098	-2700.98039215686
			4215.6862745098	-2698.52941176471
			4213.23529411765	-2696.07843137255
			4213.23529411765	-2693.62745098039
			4213.23529411765	-2691.17647058824
			4213.23529411765	-2688.72549019608
			4213.23529411765	-2686.27450980392
			4210.78431372549	-2683.82352941176
			4210.78431372549	-2681.37254901961
			4210.78431372549	-2678.92156862745
			4210.78431372549	-2676.47058823529
			4210.78431372549	-2674.01960784314
			4208.33333333333	-2674.01960784314
			4208.33333333333	-2671.56862745098
			4208.33333333333	-2669.11764705882
			4208.33333333333	-2666.66666666667
			4208.33333333333	-2664.21568627451
			4205.88235294118	-2661.76470588235
			4205.88235294118	-2659.3137254902
			4205.88235294118	-2656.86274509804
			4205.88235294118	-2654.41176470588
			4205.88235294118	-2651.96078431373
			4203.43137254902	-2649.50980392157
			4203.43137254902	-2647.05882352941
			4203.43137254902	-2644.60784313726
			4203.43137254902	-2642.1568627451
			4203.43137254902	-2639.70588235294
			4200.98039215686	-2637.25490196078
			4200.98039215686	-2634.80392156863
			4200.98039215686	-2632.35294117647
			4200.98039215686	-2629.90196078431
			4200.98039215686	-2627.45098039216
			4198.52941176471	-2625
			4198.52941176471	-2622.54901960784
			4198.52941176471	-2620.09803921569
			4198.52941176471	-2617.64705882353
			4198.52941176471	-2615.19607843137
			4196.07843137255	-2612.74509803922
			4196.07843137255	-2610.29411764706
			4196.07843137255	-2607.8431372549
			4196.07843137255	-2605.39215686275
			4196.07843137255	-2602.94117647059
			4193.62745098039	-2600.49019607843
			4193.62745098039	-2598.03921568627
			4193.62745098039	-2595.58823529412
			4193.62745098039	-2593.13725490196
			4193.62745098039	-2590.6862745098
			4193.62745098039	-2588.23529411765
			4191.17647058824	-2585.78431372549
			4191.17647058824	-2583.33333333333
			4191.17647058824	-2580.88235294118
			4191.17647058824	-2578.43137254902
			4191.17647058824	-2575.98039215686
			4188.72549019608	-2573.52941176471
			4188.72549019608	-2571.07843137255
			4188.72549019608	-2568.62745098039
			4188.72549019608	-2566.17647058824
			4188.72549019608	-2563.72549019608
			4188.72549019608	-2561.27450980392
			4186.27450980392	-2558.82352941176
			4186.27450980392	-2556.37254901961
			4186.27450980392	-2553.92156862745
			4186.27450980392	-2551.47058823529
			4186.27450980392	-2549.01960784314
			4183.82352941176	-2546.56862745098
			4183.82352941176	-2544.11764705882
			4183.82352941176	-2541.66666666667
			4183.82352941176	-2539.21568627451
			4183.82352941176	-2536.76470588235
			4183.82352941176	-2534.3137254902
			4181.37254901961	-2531.86274509804
			4181.37254901961	-2529.41176470588
			4181.37254901961	-2526.96078431373
			4181.37254901961	-2524.50980392157
			4181.37254901961	-2522.05882352941
			4181.37254901961	-2519.60784313726
			4178.92156862745	-2517.1568627451
			4178.92156862745	-2514.70588235294
			4178.92156862745	-2512.25490196078
			4178.92156862745	-2509.80392156863
			4178.92156862745	-2507.35294117647
			4178.92156862745	-2504.90196078431
			4176.47058823529	-2502.45098039216
			4176.47058823529	-2500
			4176.47058823529	-2497.54901960784
			4176.47058823529	-2495.09803921569
			4176.47058823529	-2492.64705882353
			4176.47058823529	-2490.19607843137
			4174.01960784314	-2487.74509803922
			4174.01960784314	-2485.29411764706
			4174.01960784314	-2482.8431372549
			4174.01960784314	-2480.39215686275
			4174.01960784314	-2477.94117647059
			4174.01960784314	-2475.49019607843
			4171.56862745098	-2473.03921568627
			4171.56862745098	-2470.58823529412
			4171.56862745098	-2468.13725490196
			4171.56862745098	-2465.6862745098
			4171.56862745098	-2463.23529411765
			4171.56862745098	-2460.78431372549
			4171.56862745098	-2458.33333333333
			4169.11764705882	-2458.33333333333
			4169.11764705882	-2455.88235294118
			4169.11764705882	-2453.43137254902
			4169.11764705882	-2450.98039215686
			4169.11764705882	-2448.52941176471
			4169.11764705882	-2446.07843137255
			4169.11764705882	-2443.62745098039
			4166.66666666667	-2441.17647058824
			4166.66666666667	-2438.72549019608
			4166.66666666667	-2436.27450980392
			4166.66666666667	-2433.82352941176
			4166.66666666667	-2431.37254901961
			4166.66666666667	-2428.92156862745
			4166.66666666667	-2426.47058823529
			4164.21568627451	-2424.01960784314
			4164.21568627451	-2421.56862745098
			4164.21568627451	-2419.11764705882
			4164.21568627451	-2416.66666666667
			4164.21568627451	-2414.21568627451
			4164.21568627451	-2411.76470588235
			4164.21568627451	-2409.3137254902
			4161.76470588235	-2409.3137254902
			4161.76470588235	-2406.86274509804
			4161.76470588235	-2404.41176470588
			4161.76470588235	-2401.96078431373
			4161.76470588235	-2399.50980392157
			4161.76470588235	-2397.05882352941
			4161.76470588235	-2394.60784313726
			4161.76470588235	-2392.1568627451
			4159.3137254902	-2389.70588235294
			4159.3137254902	-2387.25490196078
			4159.3137254902	-2384.80392156863
			4159.3137254902	-2382.35294117647
			4159.3137254902	-2379.90196078431
			4159.3137254902	-2377.45098039216
			4159.3137254902	-2375
			4156.86274509804	-2372.54901960784
			4156.86274509804	-2370.09803921569
			4156.86274509804	-2367.64705882353
			4156.86274509804	-2365.19607843137
			4156.86274509804	-2362.74509803922
			4156.86274509804	-2360.29411764706
			4156.86274509804	-2357.8431372549
			4156.86274509804	-2355.39215686275
			4154.41176470588	-2352.94117647059
			4154.41176470588	-2350.49019607843
			4154.41176470588	-2348.03921568627
			4154.41176470588	-2345.58823529412
			4154.41176470588	-2343.13725490196
			4151.96078431373	-2340.6862745098
			4151.96078431373	-2338.23529411765
			4149.50980392157	-2335.78431372549
			4149.50980392157	-2333.33333333333
			4149.50980392157	-2330.88235294118
			4147.05882352941	-2328.43137254902
			4147.05882352941	-2325.98039215686
			4147.05882352941	-2323.52941176471
			4144.60784313726	-2321.07843137255
			4144.60784313726	-2318.62745098039
			4142.1568627451	-2316.17647058824
			4142.1568627451	-2313.72549019608
			4142.1568627451	-2311.27450980392
			4139.70588235294	-2308.82352941176
			4139.70588235294	-2306.37254901961
			4137.25490196078	-2303.92156862745
			4137.25490196078	-2301.47058823529
			4137.25490196078	-2299.01960784314
			4134.80392156863	-2296.56862745098
			4134.80392156863	-2294.11764705882
			4132.35294117647	-2291.66666666667
			4132.35294117647	-2289.21568627451
			4129.90196078431	-2286.76470588235
			4129.90196078431	-2284.3137254902
			4127.45098039216	-2281.86274509804
			4127.45098039216	-2279.41176470588
			4125	-2276.96078431373
			4125	-2274.50980392157
			4122.54901960784	-2272.05882352941
			4122.54901960784	-2269.60784313726
			4120.09803921569	-2267.1568627451
			4120.09803921569	-2264.70588235294
			4117.64705882353	-2262.25490196078
			4117.64705882353	-2259.80392156863
			4115.19607843137	-2257.35294117647
			4112.74509803922	-2254.90196078431
			4112.74509803922	-2252.45098039216
			4110.29411764706	-2250
			4110.29411764706	-2247.54901960784
			4107.8431372549	-2245.09803921569
			4107.8431372549	-2242.64705882353
			4105.39215686275	-2242.64705882353
			4105.39215686275	-2240.19607843137
			4102.94117647059	-2237.74509803922
			4102.94117647059	-2235.29411764706
			4100.49019607843	-2232.8431372549
			4100.49019607843	-2230.39215686275
			4098.03921568627	-2230.39215686275
			4098.03921568627	-2227.94117647059
			4095.58823529412	-2225.49019607843
			4095.58823529412	-2223.03921568627
			4093.13725490196	-2220.58823529412
			4090.6862745098	-2218.13725490196
			4088.23529411765	-2215.6862745098
			4088.23529411765	-2213.23529411765
			4085.78431372549	-2210.78431372549
			4083.33333333333	-2208.33333333333
			4083.33333333333	-2205.88235294118
			4080.88235294118	-2203.43137254902
			4078.43137254902	-2200.98039215686
			4075.98039215686	-2198.52941176471
			4073.52941176471	-2196.07843137255
			4071.07843137255	-2193.62745098039
			4068.62745098039	-2191.17647058824
			4066.17647058824	-2188.72549019608
			4066.17647058824	-2186.27450980392
			4063.72549019608	-2183.82352941176
			4061.27450980392	-2181.37254901961
			4058.82352941176	-2178.92156862745
			4056.37254901961	-2176.47058823529
			4053.92156862745	-2174.01960784314
			4051.47058823529	-2171.56862745098
			4049.01960784314	-2169.11764705882
			4049.01960784314	-2166.66666666667
			4046.56862745098	-2164.21568627451
			4044.11764705882	-2161.76470588235
			4041.66666666667	-2159.3137254902
			4039.21568627451	-2159.3137254902
			4036.76470588235	-2156.86274509804
			4034.3137254902	-2154.41176470588
			4031.86274509804	-2151.96078431373
			4029.41176470588	-2149.50980392157
			4026.96078431373	-2147.05882352941
			4024.50980392157	-2147.05882352941
			4022.05882352941	-2144.60784313726
			4019.60784313726	-2142.1568627451
			4017.1568627451	-2139.70588235294
			4014.70588235294	-2137.25490196078
			4012.25490196078	-2137.25490196078
			4009.80392156863	-2134.80392156863
			4007.35294117647	-2132.35294117647
			4004.90196078431	-2132.35294117647
			4002.45098039216	-2129.90196078431
			4000	-2127.45098039216
			3997.54901960784	-2125
			3995.09803921569	-2125
			3992.64705882353	-2122.54901960784
			3990.19607843137	-2120.09803921569
			3987.74509803922	-2120.09803921569
			3985.29411764706	-2117.64705882353
			3982.8431372549	-2117.64705882353
			3980.39215686275	-2115.19607843137
			3977.94117647059	-2115.19607843137
			3975.49019607843	-2112.74509803922
			3973.03921568627	-2112.74509803922
			3970.58823529412	-2110.29411764706
			3968.13725490196	-2110.29411764706
			3965.6862745098	-2107.8431372549
			3963.23529411765	-2105.39215686275
			3960.78431372549	-2105.39215686275
			3958.33333333333	-2105.39215686275
			3955.88235294118	-2102.94117647059
			3953.43137254902	-2102.94117647059
			3950.98039215686	-2100.49019607843
			3948.52941176471	-2100.49019607843
			3946.07843137255	-2098.03921568627
			3943.62745098039	-2098.03921568627
			3941.17647058824	-2095.58823529412
			3941.17647058824	-2093.13725490196
			3938.72549019608	-2090.6862745098
			3938.72549019608	-2088.23529411765
			3936.27450980392	-2085.78431372549
			3936.27450980392	-2083.33333333333
			3933.82352941176	-2080.88235294118
			3933.82352941176	-2078.43137254902
			3933.82352941176	-2075.98039215686
			3931.37254901961	-2073.52941176471
			3931.37254901961	-2071.07843137255
			3928.92156862745	-2068.62745098039
			3928.92156862745	-2066.17647058824
			3926.47058823529	-2063.72549019608
			3926.47058823529	-2061.27450980392
			3926.47058823529	-2058.82352941176
			3924.01960784314	-2056.37254901961
			3924.01960784314	-2053.92156862745
			3924.01960784314	-2051.47058823529
			3924.01960784314	-2049.01960784314
			3921.56862745098	-2046.56862745098
			3921.56862745098	-2044.11764705882
			3921.56862745098	-2041.66666666667
			3921.56862745098	-2039.21568627451
			3919.11764705882	-2036.76470588235
			3919.11764705882	-2034.3137254902
			3919.11764705882	-2031.86274509804
			3919.11764705882	-2029.41176470588
			3919.11764705882	-2026.96078431373
			3919.11764705882	-2024.50980392157
			3916.66666666667	-2022.05882352941
			3916.66666666667	-2019.60784313726
			3916.66666666667	-2017.1568627451
			3916.66666666667	-2014.70588235294
			3916.66666666667	-2012.25490196078
			3916.66666666667	-2009.80392156863
			3916.66666666667	-2007.35294117647
			3916.66666666667	-2004.90196078431
			3916.66666666667	-2002.45098039216
			3916.66666666667	-2000
			3919.11764705882	-1997.54901960784
			3919.11764705882	-1995.09803921569
			3919.11764705882	-1992.64705882353
			3919.11764705882	-1990.19607843137
			3919.11764705882	-1987.74509803922
			3919.11764705882	-1985.29411764706
			3921.56862745098	-1982.8431372549
			3921.56862745098	-1980.39215686275
			3921.56862745098	-1977.94117647059
			3924.01960784314	-1975.49019607843
			3924.01960784314	-1973.03921568627
			3924.01960784314	-1970.58823529412
			3926.47058823529	-1968.13725490196
			3926.47058823529	-1965.6862745098
			3928.92156862745	-1963.23529411765
			3928.92156862745	-1960.78431372549
			3931.37254901961	-1958.33333333333
			3931.37254901961	-1955.88235294118
			3933.82352941176	-1953.43137254902
			3933.82352941176	-1950.98039215686
			3936.27450980392	-1948.52941176471
			3936.27450980392	-1946.07843137255
			3938.72549019608	-1943.62745098039
			3941.17647058824	-1941.17647058824
			3943.62745098039	-1938.72549019608
			3946.07843137255	-1936.27450980392
			3948.52941176471	-1933.82352941176
			3950.98039215686	-1931.37254901961
			3953.43137254902	-1928.92156862745
			3955.88235294118	-1926.47058823529
			3958.33333333333	-1924.01960784314
			3960.78431372549	-1921.56862745098
			3963.23529411765	-1919.11764705882
			3965.6862745098	-1916.66666666667
			3968.13725490196	-1914.21568627451
			3970.58823529412	-1914.21568627451
			3973.03921568627	-1911.76470588235
			3973.03921568627	-1909.3137254902
			3975.49019607843	-1909.3137254902
			3977.94117647059	-1906.86274509804
			3980.39215686275	-1906.86274509804
			3982.8431372549	-1904.41176470588
			3985.29411764706	-1901.96078431373
			3987.74509803922	-1901.96078431373
			3990.19607843137	-1899.50980392157
			3992.64705882353	-1897.05882352941
			3995.09803921569	-1897.05882352941
			3997.54901960784	-1894.60784313726
			4000	-1894.60784313726
			4002.45098039216	-1892.1568627451
			4004.90196078431	-1892.1568627451
			4007.35294117647	-1889.70588235294
			4009.80392156863	-1889.70588235294
			4012.25490196078	-1887.25490196078
			4014.70588235294	-1887.25490196078
			4014.70588235294	-1884.80392156863
			4017.1568627451	-1884.80392156863
			4019.60784313726	-1884.80392156863
			4022.05882352941	-1882.35294117647
			4024.50980392157	-1882.35294117647
			4026.96078431373	-1879.90196078431
			4029.41176470588	-1879.90196078431
			4031.86274509804	-1879.90196078431
			4034.3137254902	-1877.45098039216
			4036.76470588235	-1877.45098039216
			4039.21568627451	-1875
			4041.66666666667	-1875
			4044.11764705882	-1872.54901960784
			4046.56862745098	-1872.54901960784
			4049.01960784314	-1872.54901960784
			4051.47058823529	-1870.09803921569
			4053.92156862745	-1870.09803921569
			4056.37254901961	-1870.09803921569
			4058.82352941176	-1867.64705882353
			4061.27450980392	-1867.64705882353
			4063.72549019608	-1867.64705882353
			4063.72549019608	-1865.19607843137
			4066.17647058824	-1865.19607843137
			4068.62745098039	-1865.19607843137
			4071.07843137255	-1862.74509803922
			4073.52941176471	-1862.74509803922
			4075.98039215686	-1862.74509803922
			4078.43137254902	-1862.74509803922
			4080.88235294118	-1860.29411764706
			4083.33333333333	-1860.29411764706
			4085.78431372549	-1860.29411764706
			4088.23529411765	-1857.8431372549
			4090.6862745098	-1857.8431372549
			4093.13725490196	-1857.8431372549
			4095.58823529412	-1857.8431372549
			4098.03921568627	-1855.39215686275
			4100.49019607843	-1855.39215686275
		</C1>
	</curves.scaled>
	<ruler.points type=matrix rownames=TRUE colnames=FALSE nrow=2 ncol=2 as.numeric=TRUE >
		Ruler point 1	3	1877
		Ruler point 2	105	1877
	</ruler.points>
</shapes>

