<shapes type=list>
	<ruler.pixel type=vector names=FALSE length=1 as.numeric=TRUE >102</ruler.pixel>
	<ruler.interval type=vector names=FALSE length=1 as.numeric=TRUE >250</ruler.interval>
	<scaling.units type=vector names=FALSE length=1 as.numeric=FALSE >nm</scaling.units>
	<scaling type=vector names=FALSE length=1 as.numeric=TRUE >2.45098039215686</scaling>
	<landmarks.pixel type=matrix rownames=TRUE colnames=FALSE nrow=4 ncol=2 as.numeric=TRUE >
		1-TopL	1448	542
		2-TopR	2353	558
		3-BotR	1984	1101
		4-BotL	1890	1089
	</landmarks.pixel>
	<landmarks.scaled type=matrix rownames=TRUE colnames=FALSE nrow=4 ncol=2 as.numeric=TRUE >
		1-TopL	3549.01960784314	-1328.43137254902
		2-TopR	5767.1568627451	-1367.64705882353
		3-BotR	4862.74509803922	-2698.52941176471
		4-BotL	4632.35294117647	-2669.11764705882
	</landmarks.scaled>
	<curves.control type=list>
		<C1 type=matrix rownames=FALSE colnames=FALSE nrow=7 ncol=2 as.numeric=TRUE >
			1448	542
			1555	383
			1765	356
			1915	339
			2108	426
			2289	483
			2353	558
		</C1>
		<C2 type=matrix rownames=FALSE colnames=FALSE nrow=5 ncol=2 as.numeric=TRUE >
			1984	1101
			2034	1153
			1952	1179
			1873	1178
			1890	1089
		</C2>
	</curves.control>
	<curves.pixel type=list>
		<C1 type=matrix rownames=FALSE colnames=FALSE nrow=962 ncol=2 as.numeric=TRUE >
			1448	542
			1449	541
			1449	540
			1450	539
			1451	538
			1451	537
			1452	536
			1452	535
			1453	535
			1454	534
			1454	533
			1455	532
			1456	531
			1456	530
			1457	529
			1458	528
			1458	527
			1459	526
			1460	525
			1461	524
			1462	523
			1463	522
			1463	521
			1464	520
			1465	519
			1466	518
			1466	517
			1467	516
			1467	515
			1468	515
			1468	514
			1469	513
			1470	512
			1471	511
			1472	510
			1472	509
			1473	508
			1474	507
			1475	507
			1475	506
			1476	505
			1477	504
			1477	503
			1478	502
			1479	501
			1480	500
			1481	499
			1482	498
			1483	497
			1484	496
			1485	495
			1486	494
			1487	493
			1487	492
			1488	491
			1489	490
			1490	489
			1491	488
			1492	487
			1493	486
			1494	485
			1495	484
			1496	483
			1497	482
			1498	481
			1499	480
			1500	479
			1501	478
			1502	477
			1503	476
			1503	475
			1504	474
			1505	473
			1506	472
			1507	471
			1508	470
			1509	469
			1510	469
			1511	468
			1512	467
			1513	466
			1514	465
			1515	464
			1516	463
			1517	462
			1518	461
			1519	460
			1520	460
			1521	459
			1522	458
			1523	457
			1524	456
			1525	455
			1526	454
			1527	453
			1528	453
			1529	452
			1530	451
			1531	450
			1532	450
			1532	449
			1533	449
			1534	448
			1535	447
			1536	446
			1537	445
			1538	445
			1539	444
			1540	444
			1540	443
			1541	442
			1542	442
			1543	441
			1544	441
			1544	440
			1545	440
			1546	439
			1547	438
			1548	437
			1549	437
			1550	436
			1551	435
			1552	435
			1553	434
			1554	433
			1555	433
			1556	432
			1557	431
			1558	431
			1559	430
			1560	429
			1561	429
			1562	428
			1562	427
			1563	427
			1564	426
			1565	425
			1566	425
			1567	424
			1568	424
			1569	423
			1570	422
			1571	422
			1572	421
			1573	421
			1574	420
			1575	419
			1576	419
			1577	418
			1578	417
			1579	417
			1580	416
			1581	416
			1582	415
			1583	415
			1584	414
			1585	413
			1586	413
			1587	412
			1588	412
			1589	411
			1590	411
			1591	410
			1592	409
			1593	409
			1594	408
			1595	408
			1596	407
			1597	407
			1598	406
			1599	406
			1600	405
			1601	405
			1602	404
			1603	404
			1604	403
			1605	403
			1606	402
			1607	402
			1608	401
			1609	401
			1610	401
			1610	400
			1611	400
			1612	399
			1613	399
			1614	398
			1615	398
			1616	398
			1617	397
			1618	397
			1619	396
			1620	396
			1621	395
			1622	395
			1623	395
			1624	394
			1625	393
			1626	393
			1627	393
			1627	392
			1628	392
			1629	392
			1630	392
			1630	391
			1631	391
			1632	391
			1632	390
			1633	390
			1634	390
			1635	389
			1636	389
			1637	388
			1638	388
			1639	388
			1640	387
			1641	387
			1642	386
			1643	386
			1644	386
			1645	385
			1646	385
			1647	384
			1648	384
			1649	384
			1650	383
			1651	383
			1652	383
			1653	382
			1654	382
			1655	382
			1656	381
			1657	381
			1658	380
			1659	380
			1660	380
			1661	380
			1661	379
			1662	379
			1663	379
			1664	379
			1664	378
			1665	378
			1666	378
			1667	378
			1667	377
			1668	377
			1669	377
			1670	377
			1670	376
			1671	376
			1672	376
			1673	376
			1674	376
			1674	375
			1675	375
			1676	375
			1677	375
			1677	374
			1678	374
			1679	374
			1680	374
			1680	373
			1681	373
			1682	373
			1683	373
			1684	373
			1684	372
			1685	372
			1686	372
			1687	372
			1687	371
			1688	371
			1689	371
			1690	371
			1691	371
			1691	370
			1692	370
			1693	370
			1694	370
			1695	369
			1696	369
			1697	369
			1698	369
			1699	368
			1700	368
			1701	368
			1702	368
			1703	367
			1704	367
			1705	367
			1706	367
			1707	367
			1708	366
			1709	366
			1710	366
			1711	365
			1712	365
			1713	365
			1714	365
			1715	365
			1716	364
			1717	364
			1718	364
			1719	364
			1720	364
			1721	363
			1722	363
			1723	363
			1724	363
			1725	362
			1726	362
			1727	362
			1728	362
			1729	362
			1730	361
			1731	361
			1732	361
			1733	361
			1734	361
			1735	361
			1736	360
			1737	360
			1738	360
			1739	360
			1740	360
			1741	360
			1741	359
			1742	359
			1743	359
			1744	359
			1745	359
			1746	359
			1747	359
			1748	358
			1749	358
			1750	358
			1751	358
			1752	358
			1753	358
			1754	357
			1755	357
			1756	357
			1757	357
			1758	357
			1759	357
			1760	357
			1761	357
			1762	356
			1763	356
			1764	356
			1765	356
			1766	356
			1767	356
			1768	356
			1769	356
			1770	356
			1770	355
			1771	355
			1772	355
			1773	355
			1774	355
			1775	355
			1776	355
			1777	355
			1778	355
			1779	355
			1780	355
			1781	354
			1782	354
			1783	354
			1784	354
			1785	354
			1786	354
			1787	354
			1788	354
			1789	354
			1790	354
			1791	354
			1792	354
			1793	354
			1794	354
			1795	354
			1796	354
			1797	354
			1798	354
			1799	353
			1800	353
			1801	353
			1802	353
			1803	353
			1804	353
			1805	353
			1806	353
			1807	353
			1808	353
			1809	353
			1810	353
			1811	353
			1812	353
			1813	353
			1814	353
			1815	353
			1816	353
			1817	353
			1818	353
			1819	353
			1820	353
			1821	353
			1822	353
			1823	353
			1824	353
			1825	353
			1826	353
			1827	353
			1828	353
			1829	353
			1830	353
			1831	353
			1832	354
			1833	354
			1834	354
			1835	354
			1836	354
			1837	354
			1838	354
			1839	354
			1840	354
			1841	354
			1842	354
			1843	354
			1844	354
			1845	354
			1846	354
			1847	354
			1848	354
			1849	354
			1850	354
			1851	355
			1852	355
			1853	355
			1854	355
			1855	355
			1856	355
			1857	355
			1858	355
			1859	355
			1860	355
			1861	355
			1862	355
			1863	356
			1864	356
			1865	356
			1866	356
			1867	356
			1868	356
			1869	356
			1870	356
			1871	356
			1872	356
			1873	357
			1874	357
			1875	357
			1876	357
			1877	357
			1878	357
			1879	357
			1880	357
			1881	358
			1882	358
			1883	358
			1884	358
			1885	358
			1886	358
			1887	358
			1888	359
			1889	359
			1890	359
			1891	359
			1892	359
			1893	359
			1894	359
			1895	360
			1896	360
			1897	360
			1898	360
			1899	360
			1900	360
			1901	360
			1902	361
			1903	361
			1904	361
			1905	361
			1906	361
			1907	361
			1908	362
			1909	362
			1910	362
			1911	362
			1912	362
			1913	362
			1913	363
			1914	363
			1915	363
			1916	363
			1917	363
			1918	363
			1919	364
			1920	364
			1921	364
			1922	364
			1923	364
			1924	365
			1925	365
			1926	365
			1927	365
			1928	365
			1929	366
			1930	366
			1931	366
			1932	366
			1933	367
			1934	367
			1935	367
			1936	367
			1937	367
			1938	368
			1939	368
			1940	368
			1941	368
			1942	369
			1943	369
			1944	369
			1945	369
			1946	369
			1947	370
			1948	370
			1949	370
			1950	370
			1951	371
			1952	371
			1953	371
			1954	371
			1955	372
			1956	372
			1957	372
			1958	372
			1959	373
			1960	373
			1961	373
			1962	373
			1963	374
			1964	374
			1965	374
			1966	375
			1967	375
			1968	375
			1969	375
			1970	376
			1971	376
			1972	376
			1973	376
			1974	377
			1975	377
			1976	377
			1977	378
			1978	378
			1979	378
			1980	378
			1981	379
			1982	379
			1983	379
			1984	380
			1985	380
			1986	380
			1987	380
			1988	381
			1989	381
			1990	381
			1991	382
			1992	382
			1993	382
			1994	383
			1995	383
			1996	383
			1997	384
			1998	384
			1999	384
			2000	385
			2001	385
			2002	385
			2003	385
			2004	386
			2005	386
			2006	386
			2007	387
			2008	387
			2009	387
			2010	388
			2011	388
			2012	388
			2013	388
			2014	389
			2015	389
			2016	390
			2017	390
			2018	390
			2019	391
			2020	391
			2021	391
			2022	392
			2023	392
			2024	392
			2024	393
			2025	393
			2026	393
			2027	393
			2028	394
			2029	394
			2030	394
			2031	395
			2032	395
			2033	395
			2034	396
			2035	396
			2036	397
			2037	397
			2038	397
			2039	398
			2040	398
			2041	398
			2042	399
			2043	399
			2044	400
			2045	400
			2046	400
			2047	401
			2048	401
			2049	401
			2049	402
			2050	402
			2051	402
			2052	403
			2053	403
			2054	403
			2055	404
			2056	404
			2057	405
			2058	405
			2059	405
			2060	406
			2061	406
			2062	407
			2063	407
			2064	407
			2065	408
			2066	408
			2067	409
			2068	409
			2069	409
			2070	410
			2071	410
			2072	411
			2073	411
			2074	411
			2075	412
			2076	412
			2077	413
			2078	413
			2079	413
			2080	414
			2081	414
			2082	415
			2083	415
			2084	416
			2085	416
			2086	416
			2087	417
			2088	417
			2089	418
			2090	418
			2091	419
			2092	419
			2093	419
			2094	420
			2095	420
			2096	421
			2097	421
			2098	422
			2099	422
			2100	423
			2101	423
			2102	423
			2103	424
			2104	424
			2105	425
			2106	425
			2107	426
			2108	426
			2109	426
			2110	427
			2111	427
			2112	427
			2113	428
			2114	428
			2115	428
			2116	429
			2117	429
			2118	429
			2119	429
			2120	430
			2121	430
			2122	431
			2123	431
			2124	431
			2125	432
			2126	432
			2127	432
			2128	432
			2129	433
			2130	433
			2131	434
			2132	434
			2133	434
			2134	434
			2135	435
			2136	435
			2137	435
			2138	436
			2139	436
			2140	436
			2141	437
			2142	437
			2143	438
			2144	438
			2145	438
			2146	439
			2147	439
			2148	439
			2149	440
			2150	440
			2151	440
			2152	441
			2153	441
			2154	441
			2155	442
			2156	442
			2157	442
			2158	443
			2159	443
			2160	443
			2160	444
			2161	444
			2162	444
			2163	445
			2164	445
			2165	445
			2166	446
			2167	446
			2168	447
			2169	447
			2170	447
			2171	448
			2172	448
			2173	449
			2174	449
			2175	449
			2176	450
			2177	450
			2178	451
			2179	451
			2180	451
			2181	451
			2181	452
			2182	452
			2183	452
			2184	453
			2185	453
			2186	454
			2187	454
			2188	454
			2189	455
			2190	455
			2191	455
			2191	456
			2192	456
			2193	456
			2194	457
			2195	457
			2196	458
			2197	458
			2198	458
			2198	459
			2199	459
			2200	459
			2201	460
			2202	460
			2203	460
			2204	461
			2205	461
			2205	462
			2206	462
			2207	462
			2208	463
			2209	463
			2210	463
			2211	464
			2212	464
			2213	465
			2214	465
			2215	466
			2216	466
			2217	467
			2218	467
			2219	468
			2220	468
			2221	468
			2222	469
			2223	469
			2224	470
			2225	470
			2226	471
			2227	471
			2228	472
			2229	472
			2230	473
			2231	473
			2232	473
			2233	474
			2234	474
			2235	475
			2236	475
			2237	476
			2238	476
			2238	477
			2239	477
			2240	477
			2241	478
			2242	478
			2243	479
			2244	479
			2245	480
			2246	480
			2247	481
			2248	481
			2249	482
			2250	483
			2251	483
			2252	484
			2253	484
			2254	484
			2254	485
			2255	485
			2256	485
			2256	486
			2257	486
			2258	486
			2258	487
			2259	487
			2260	488
			2261	488
			2262	489
			2263	489
			2264	490
			2265	490
			2265	491
			2266	491
			2267	491
			2268	492
			2269	493
			2270	493
			2271	494
			2272	494
			2273	495
			2274	495
			2275	496
			2276	496
			2276	497
			2277	497
			2278	498
			2279	498
			2280	499
			2281	499
			2281	500
			2282	500
			2283	501
			2284	501
			2285	502
			2286	503
			2287	503
			2288	504
			2289	505
			2290	505
			2291	506
			2292	506
			2293	507
			2294	508
			2295	508
			2296	509
			2297	510
			2298	511
			2299	511
			2300	512
			2301	512
			2301	513
			2302	513
			2303	514
			2304	515
			2305	515
			2306	516
			2307	517
			2308	517
			2309	518
			2310	519
			2311	520
			2312	520
			2313	521
			2314	521
			2314	522
			2315	523
			2316	523
			2317	524
			2318	525
			2319	525
			2319	526
			2320	527
			2321	527
			2322	528
			2323	529
			2324	530
			2325	531
			2326	531
			2327	532
			2328	533
			2329	534
			2330	535
			2331	535
			2331	536
			2332	537
			2333	538
			2334	539
			2335	539
			2336	540
			2337	541
			2337	542
			2338	542
			2339	543
			2340	544
			2341	545
			2342	546
			2343	547
			2344	548
			2345	549
			2346	550
			2347	551
			2348	552
			2349	553
			2350	554
			2350	555
			2351	556
			2352	557
			2353	558
		</C1>
		<C2 type=matrix rownames=FALSE colnames=FALSE nrow=231 ncol=2 as.numeric=TRUE >
			1984	1101
			1985	1102
			1986	1103
			1986	1104
			1987	1104
			1988	1105
			1989	1106
			1989	1107
			1990	1108
			1991	1109
			1992	1110
			1993	1111
			1993	1112
			1994	1113
			1995	1114
			1995	1115
			1996	1116
			1997	1117
			1997	1118
			1998	1119
			1998	1120
			1999	1121
			1999	1122
			2000	1123
			2000	1124
			2001	1125
			2001	1126
			2001	1127
			2002	1128
			2002	1129
			2002	1130
			2002	1131
			2002	1132
			2003	1132
			2003	1133
			2003	1134
			2003	1135
			2003	1136
			2003	1137
			2003	1138
			2003	1139
			2003	1140
			2003	1141
			2002	1142
			2002	1143
			2002	1144
			2002	1145
			2001	1146
			2001	1147
			2000	1148
			2000	1149
			1999	1150
			1999	1151
			1998	1152
			1998	1153
			1997	1154
			1996	1154
			1995	1155
			1995	1156
			1994	1157
			1993	1158
			1992	1159
			1991	1160
			1990	1160
			1989	1161
			1988	1162
			1987	1163
			1986	1164
			1985	1164
			1984	1165
			1983	1165
			1983	1166
			1982	1166
			1981	1167
			1980	1167
			1980	1168
			1979	1168
			1978	1168
			1977	1169
			1976	1169
			1975	1170
			1974	1170
			1973	1171
			1972	1172
			1971	1172
			1970	1172
			1970	1173
			1969	1173
			1968	1173
			1967	1173
			1967	1174
			1966	1174
			1965	1174
			1964	1175
			1963	1175
			1962	1176
			1961	1176
			1960	1176
			1959	1177
			1958	1177
			1957	1177
			1956	1178
			1955	1178
			1954	1178
			1953	1179
			1952	1179
			1951	1179
			1950	1179
			1949	1179
			1948	1179
			1947	1179
			1946	1179
			1945	1179
			1944	1179
			1943	1179
			1942	1179
			1941	1178
			1940	1178
			1939	1178
			1938	1178
			1937	1178
			1936	1178
			1935	1178
			1934	1177
			1933	1177
			1932	1177
			1931	1177
			1930	1177
			1929	1176
			1928	1176
			1927	1176
			1926	1176
			1925	1175
			1924	1175
			1923	1175
			1922	1174
			1921	1174
			1920	1174
			1919	1173
			1918	1173
			1917	1173
			1917	1172
			1916	1172
			1915	1171
			1914	1171
			1913	1170
			1912	1170
			1911	1169
			1910	1169
			1909	1168
			1908	1167
			1907	1167
			1907	1166
			1906	1165
			1905	1165
			1904	1164
			1903	1163
			1902	1162
			1901	1161
			1900	1160
			1899	1159
			1899	1158
			1898	1157
			1897	1156
			1896	1155
			1896	1154
			1895	1153
			1895	1152
			1894	1151
			1893	1150
			1893	1149
			1892	1148
			1892	1147
			1892	1146
			1891	1145
			1891	1144
			1891	1143
			1890	1142
			1890	1141
			1890	1140
			1890	1139
			1889	1138
			1889	1137
			1889	1136
			1889	1135
			1888	1134
			1888	1133
			1888	1132
			1888	1131
			1888	1130
			1888	1129
			1887	1128
			1887	1127
			1887	1126
			1887	1125
			1887	1124
			1887	1123
			1887	1122
			1887	1121
			1887	1120
			1887	1119
			1887	1118
			1887	1117
			1887	1116
			1887	1115
			1887	1114
			1887	1113
			1887	1112
			1887	1111
			1887	1110
			1887	1109
			1887	1108
			1888	1107
			1888	1106
			1888	1105
			1888	1104
			1888	1103
			1888	1102
			1888	1101
			1888	1100
			1888	1099
			1889	1098
			1889	1097
			1889	1096
			1889	1095
			1889	1094
			1889	1093
			1890	1092
			1890	1091
			1890	1090
			1890	1089
		</C2>
	</curves.pixel>
	<curves.scaled type=list>
		<C1 type=matrix rownames=FALSE colnames=FALSE nrow=962 ncol=2 as.numeric=TRUE >
			3549.01960784314	-1328.43137254902
			3551.47058823529	-1325.98039215686
			3551.47058823529	-1323.52941176471
			3553.92156862745	-1321.07843137255
			3556.37254901961	-1318.62745098039
			3556.37254901961	-1316.17647058824
			3558.82352941176	-1313.72549019608
			3558.82352941176	-1311.27450980392
			3561.27450980392	-1311.27450980392
			3563.72549019608	-1308.82352941176
			3563.72549019608	-1306.37254901961
			3566.17647058824	-1303.92156862745
			3568.62745098039	-1301.47058823529
			3568.62745098039	-1299.01960784314
			3571.07843137255	-1296.56862745098
			3573.52941176471	-1294.11764705882
			3573.52941176471	-1291.66666666667
			3575.98039215686	-1289.21568627451
			3578.43137254902	-1286.76470588235
			3580.88235294118	-1284.3137254902
			3583.33333333333	-1281.86274509804
			3585.78431372549	-1279.41176470588
			3585.78431372549	-1276.96078431373
			3588.23529411765	-1274.50980392157
			3590.6862745098	-1272.05882352941
			3593.13725490196	-1269.60784313726
			3593.13725490196	-1267.1568627451
			3595.58823529412	-1264.70588235294
			3595.58823529412	-1262.25490196078
			3598.03921568627	-1262.25490196078
			3598.03921568627	-1259.80392156863
			3600.49019607843	-1257.35294117647
			3602.94117647059	-1254.90196078431
			3605.39215686275	-1252.45098039216
			3607.8431372549	-1250
			3607.8431372549	-1247.54901960784
			3610.29411764706	-1245.09803921569
			3612.74509803922	-1242.64705882353
			3615.19607843137	-1242.64705882353
			3615.19607843137	-1240.19607843137
			3617.64705882353	-1237.74509803922
			3620.09803921569	-1235.29411764706
			3620.09803921569	-1232.8431372549
			3622.54901960784	-1230.39215686275
			3625	-1227.94117647059
			3627.45098039216	-1225.49019607843
			3629.90196078431	-1223.03921568627
			3632.35294117647	-1220.58823529412
			3634.80392156863	-1218.13725490196
			3637.25490196078	-1215.6862745098
			3639.70588235294	-1213.23529411765
			3642.1568627451	-1210.78431372549
			3644.60784313726	-1208.33333333333
			3644.60784313726	-1205.88235294118
			3647.05882352941	-1203.43137254902
			3649.50980392157	-1200.98039215686
			3651.96078431373	-1198.52941176471
			3654.41176470588	-1196.07843137255
			3656.86274509804	-1193.62745098039
			3659.3137254902	-1191.17647058824
			3661.76470588235	-1188.72549019608
			3664.21568627451	-1186.27450980392
			3666.66666666667	-1183.82352941176
			3669.11764705882	-1181.37254901961
			3671.56862745098	-1178.92156862745
			3674.01960784314	-1176.47058823529
			3676.47058823529	-1174.01960784314
			3678.92156862745	-1171.56862745098
			3681.37254901961	-1169.11764705882
			3683.82352941176	-1166.66666666667
			3683.82352941176	-1164.21568627451
			3686.27450980392	-1161.76470588235
			3688.72549019608	-1159.3137254902
			3691.17647058824	-1156.86274509804
			3693.62745098039	-1154.41176470588
			3696.07843137255	-1151.96078431373
			3698.52941176471	-1149.50980392157
			3700.98039215686	-1149.50980392157
			3703.43137254902	-1147.05882352941
			3705.88235294118	-1144.60784313726
			3708.33333333333	-1142.1568627451
			3710.78431372549	-1139.70588235294
			3713.23529411765	-1137.25490196078
			3715.6862745098	-1134.80392156863
			3718.13725490196	-1132.35294117647
			3720.58823529412	-1129.90196078431
			3723.03921568627	-1127.45098039216
			3725.49019607843	-1127.45098039216
			3727.94117647059	-1125
			3730.39215686275	-1122.54901960784
			3732.8431372549	-1120.09803921569
			3735.29411764706	-1117.64705882353
			3737.74509803922	-1115.19607843137
			3740.19607843137	-1112.74509803922
			3742.64705882353	-1110.29411764706
			3745.09803921569	-1110.29411764706
			3747.54901960784	-1107.8431372549
			3750	-1105.39215686275
			3752.45098039216	-1102.94117647059
			3754.90196078431	-1102.94117647059
			3754.90196078431	-1100.49019607843
			3757.35294117647	-1100.49019607843
			3759.80392156863	-1098.03921568627
			3762.25490196078	-1095.58823529412
			3764.70588235294	-1093.13725490196
			3767.1568627451	-1090.6862745098
			3769.60784313726	-1090.6862745098
			3772.05882352941	-1088.23529411765
			3774.50980392157	-1088.23529411765
			3774.50980392157	-1085.78431372549
			3776.96078431373	-1083.33333333333
			3779.41176470588	-1083.33333333333
			3781.86274509804	-1080.88235294118
			3784.3137254902	-1080.88235294118
			3784.3137254902	-1078.43137254902
			3786.76470588235	-1078.43137254902
			3789.21568627451	-1075.98039215686
			3791.66666666667	-1073.52941176471
			3794.11764705882	-1071.07843137255
			3796.56862745098	-1071.07843137255
			3799.01960784314	-1068.62745098039
			3801.47058823529	-1066.17647058824
			3803.92156862745	-1066.17647058824
			3806.37254901961	-1063.72549019608
			3808.82352941176	-1061.27450980392
			3811.27450980392	-1061.27450980392
			3813.72549019608	-1058.82352941176
			3816.17647058824	-1056.37254901961
			3818.62745098039	-1056.37254901961
			3821.07843137255	-1053.92156862745
			3823.52941176471	-1051.47058823529
			3825.98039215686	-1051.47058823529
			3828.43137254902	-1049.01960784314
			3828.43137254902	-1046.56862745098
			3830.88235294118	-1046.56862745098
			3833.33333333333	-1044.11764705882
			3835.78431372549	-1041.66666666667
			3838.23529411765	-1041.66666666667
			3840.6862745098	-1039.21568627451
			3843.13725490196	-1039.21568627451
			3845.58823529412	-1036.76470588235
			3848.03921568627	-1034.3137254902
			3850.49019607843	-1034.3137254902
			3852.94117647059	-1031.86274509804
			3855.39215686275	-1031.86274509804
			3857.8431372549	-1029.41176470588
			3860.29411764706	-1026.96078431373
			3862.74509803922	-1026.96078431373
			3865.19607843137	-1024.50980392157
			3867.64705882353	-1022.05882352941
			3870.09803921569	-1022.05882352941
			3872.54901960784	-1019.60784313726
			3875	-1019.60784313726
			3877.45098039216	-1017.1568627451
			3879.90196078431	-1017.1568627451
			3882.35294117647	-1014.70588235294
			3884.80392156863	-1012.25490196078
			3887.25490196078	-1012.25490196078
			3889.70588235294	-1009.80392156863
			3892.1568627451	-1009.80392156863
			3894.60784313726	-1007.35294117647
			3897.05882352941	-1007.35294117647
			3899.50980392157	-1004.90196078431
			3901.96078431373	-1002.45098039216
			3904.41176470588	-1002.45098039216
			3906.86274509804	-1000
			3909.3137254902	-1000
			3911.76470588235	-997.549019607843
			3914.21568627451	-997.549019607843
			3916.66666666667	-995.098039215686
			3919.11764705882	-995.098039215686
			3921.56862745098	-992.64705882353
			3924.01960784314	-992.64705882353
			3926.47058823529	-990.196078431373
			3928.92156862745	-990.196078431373
			3931.37254901961	-987.745098039216
			3933.82352941176	-987.745098039216
			3936.27450980392	-985.294117647059
			3938.72549019608	-985.294117647059
			3941.17647058824	-982.843137254902
			3943.62745098039	-982.843137254902
			3946.07843137255	-982.843137254902
			3946.07843137255	-980.392156862745
			3948.52941176471	-980.392156862745
			3950.98039215686	-977.941176470588
			3953.43137254902	-977.941176470588
			3955.88235294118	-975.490196078431
			3958.33333333333	-975.490196078431
			3960.78431372549	-975.490196078431
			3963.23529411765	-973.039215686275
			3965.6862745098	-973.039215686275
			3968.13725490196	-970.588235294118
			3970.58823529412	-970.588235294118
			3973.03921568627	-968.137254901961
			3975.49019607843	-968.137254901961
			3977.94117647059	-968.137254901961
			3980.39215686275	-965.686274509804
			3982.8431372549	-963.235294117647
			3985.29411764706	-963.235294117647
			3987.74509803922	-963.235294117647
			3987.74509803922	-960.78431372549
			3990.19607843137	-960.78431372549
			3992.64705882353	-960.78431372549
			3995.09803921569	-960.78431372549
			3995.09803921569	-958.333333333333
			3997.54901960784	-958.333333333333
			4000	-958.333333333333
			4000	-955.882352941177
			4002.45098039216	-955.882352941177
			4004.90196078431	-955.882352941177
			4007.35294117647	-953.43137254902
			4009.80392156863	-953.43137254902
			4012.25490196078	-950.980392156863
			4014.70588235294	-950.980392156863
			4017.1568627451	-950.980392156863
			4019.60784313726	-948.529411764706
			4022.05882352941	-948.529411764706
			4024.50980392157	-946.078431372549
			4026.96078431373	-946.078431372549
			4029.41176470588	-946.078431372549
			4031.86274509804	-943.627450980392
			4034.3137254902	-943.627450980392
			4036.76470588235	-941.176470588235
			4039.21568627451	-941.176470588235
			4041.66666666667	-941.176470588235
			4044.11764705882	-938.725490196078
			4046.56862745098	-938.725490196078
			4049.01960784314	-938.725490196078
			4051.47058823529	-936.274509803922
			4053.92156862745	-936.274509803922
			4056.37254901961	-936.274509803922
			4058.82352941176	-933.823529411765
			4061.27450980392	-933.823529411765
			4063.72549019608	-931.372549019608
			4066.17647058824	-931.372549019608
			4068.62745098039	-931.372549019608
			4071.07843137255	-931.372549019608
			4071.07843137255	-928.921568627451
			4073.52941176471	-928.921568627451
			4075.98039215686	-928.921568627451
			4078.43137254902	-928.921568627451
			4078.43137254902	-926.470588235294
			4080.88235294118	-926.470588235294
			4083.33333333333	-926.470588235294
			4085.78431372549	-926.470588235294
			4085.78431372549	-924.019607843137
			4088.23529411765	-924.019607843137
			4090.6862745098	-924.019607843137
			4093.13725490196	-924.019607843137
			4093.13725490196	-921.56862745098
			4095.58823529412	-921.56862745098
			4098.03921568627	-921.56862745098
			4100.49019607843	-921.56862745098
			4102.94117647059	-921.56862745098
			4102.94117647059	-919.117647058824
			4105.39215686275	-919.117647058824
			4107.8431372549	-919.117647058824
			4110.29411764706	-919.117647058824
			4110.29411764706	-916.666666666667
			4112.74509803922	-916.666666666667
			4115.19607843137	-916.666666666667
			4117.64705882353	-916.666666666667
			4117.64705882353	-914.21568627451
			4120.09803921569	-914.21568627451
			4122.54901960784	-914.21568627451
			4125	-914.21568627451
			4127.45098039216	-914.21568627451
			4127.45098039216	-911.764705882353
			4129.90196078431	-911.764705882353
			4132.35294117647	-911.764705882353
			4134.80392156863	-911.764705882353
			4134.80392156863	-909.313725490196
			4137.25490196078	-909.313725490196
			4139.70588235294	-909.313725490196
			4142.1568627451	-909.313725490196
			4144.60784313726	-909.313725490196
			4144.60784313726	-906.862745098039
			4147.05882352941	-906.862745098039
			4149.50980392157	-906.862745098039
			4151.96078431373	-906.862745098039
			4154.41176470588	-904.411764705882
			4156.86274509804	-904.411764705882
			4159.3137254902	-904.411764705882
			4161.76470588235	-904.411764705882
			4164.21568627451	-901.960784313726
			4166.66666666667	-901.960784313726
			4169.11764705882	-901.960784313726
			4171.56862745098	-901.960784313726
			4174.01960784314	-899.509803921569
			4176.47058823529	-899.509803921569
			4178.92156862745	-899.509803921569
			4181.37254901961	-899.509803921569
			4183.82352941176	-899.509803921569
			4186.27450980392	-897.058823529412
			4188.72549019608	-897.058823529412
			4191.17647058824	-897.058823529412
			4193.62745098039	-894.607843137255
			4196.07843137255	-894.607843137255
			4198.52941176471	-894.607843137255
			4200.98039215686	-894.607843137255
			4203.43137254902	-894.607843137255
			4205.88235294118	-892.156862745098
			4208.33333333333	-892.156862745098
			4210.78431372549	-892.156862745098
			4213.23529411765	-892.156862745098
			4215.6862745098	-892.156862745098
			4218.13725490196	-889.705882352941
			4220.58823529412	-889.705882352941
			4223.03921568627	-889.705882352941
			4225.49019607843	-889.705882352941
			4227.94117647059	-887.254901960784
			4230.39215686275	-887.254901960784
			4232.8431372549	-887.254901960784
			4235.29411764706	-887.254901960784
			4237.74509803922	-887.254901960784
			4240.19607843137	-884.803921568628
			4242.64705882353	-884.803921568628
			4245.09803921569	-884.803921568628
			4247.54901960784	-884.803921568628
			4250	-884.803921568628
			4252.45098039216	-884.803921568628
			4254.90196078431	-882.352941176471
			4257.35294117647	-882.352941176471
			4259.80392156863	-882.352941176471
			4262.25490196078	-882.352941176471
			4264.70588235294	-882.352941176471
			4267.1568627451	-882.352941176471
			4267.1568627451	-879.901960784314
			4269.60784313726	-879.901960784314
			4272.05882352941	-879.901960784314
			4274.50980392157	-879.901960784314
			4276.96078431373	-879.901960784314
			4279.41176470588	-879.901960784314
			4281.86274509804	-879.901960784314
			4284.3137254902	-877.450980392157
			4286.76470588235	-877.450980392157
			4289.21568627451	-877.450980392157
			4291.66666666667	-877.450980392157
			4294.11764705882	-877.450980392157
			4296.56862745098	-877.450980392157
			4299.01960784314	-875
			4301.47058823529	-875
			4303.92156862745	-875
			4306.37254901961	-875
			4308.82352941176	-875
			4311.27450980392	-875
			4313.72549019608	-875
			4316.17647058824	-875
			4318.62745098039	-872.549019607843
			4321.07843137255	-872.549019607843
			4323.52941176471	-872.549019607843
			4325.98039215686	-872.549019607843
			4328.43137254902	-872.549019607843
			4330.88235294118	-872.549019607843
			4333.33333333333	-872.549019607843
			4335.78431372549	-872.549019607843
			4338.23529411765	-872.549019607843
			4338.23529411765	-870.098039215686
			4340.6862745098	-870.098039215686
			4343.13725490196	-870.098039215686
			4345.58823529412	-870.098039215686
			4348.03921568627	-870.098039215686
			4350.49019607843	-870.098039215686
			4352.94117647059	-870.098039215686
			4355.39215686275	-870.098039215686
			4357.8431372549	-870.098039215686
			4360.29411764706	-870.098039215686
			4362.74509803922	-870.098039215686
			4365.19607843137	-867.64705882353
			4367.64705882353	-867.64705882353
			4370.09803921569	-867.64705882353
			4372.54901960784	-867.64705882353
			4375	-867.64705882353
			4377.45098039216	-867.64705882353
			4379.90196078431	-867.64705882353
			4382.35294117647	-867.64705882353
			4384.80392156863	-867.64705882353
			4387.25490196078	-867.64705882353
			4389.70588235294	-867.64705882353
			4392.1568627451	-867.64705882353
			4394.60784313726	-867.64705882353
			4397.05882352941	-867.64705882353
			4399.50980392157	-867.64705882353
			4401.96078431373	-867.64705882353
			4404.41176470588	-867.64705882353
			4406.86274509804	-867.64705882353
			4409.3137254902	-865.196078431373
			4411.76470588235	-865.196078431373
			4414.21568627451	-865.196078431373
			4416.66666666667	-865.196078431373
			4419.11764705882	-865.196078431373
			4421.56862745098	-865.196078431373
			4424.01960784314	-865.196078431373
			4426.47058823529	-865.196078431373
			4428.92156862745	-865.196078431373
			4431.37254901961	-865.196078431373
			4433.82352941176	-865.196078431373
			4436.27450980392	-865.196078431373
			4438.72549019608	-865.196078431373
			4441.17647058824	-865.196078431373
			4443.62745098039	-865.196078431373
			4446.07843137255	-865.196078431373
			4448.52941176471	-865.196078431373
			4450.98039215686	-865.196078431373
			4453.43137254902	-865.196078431373
			4455.88235294118	-865.196078431373
			4458.33333333333	-865.196078431373
			4460.78431372549	-865.196078431373
			4463.23529411765	-865.196078431373
			4465.6862745098	-865.196078431373
			4468.13725490196	-865.196078431373
			4470.58823529412	-865.196078431373
			4473.03921568627	-865.196078431373
			4475.49019607843	-865.196078431373
			4477.94117647059	-865.196078431373
			4480.39215686275	-865.196078431373
			4482.8431372549	-865.196078431373
			4485.29411764706	-865.196078431373
			4487.74509803922	-865.196078431373
			4490.19607843137	-867.64705882353
			4492.64705882353	-867.64705882353
			4495.09803921569	-867.64705882353
			4497.54901960784	-867.64705882353
			4500	-867.64705882353
			4502.45098039216	-867.64705882353
			4504.90196078431	-867.64705882353
			4507.35294117647	-867.64705882353
			4509.80392156863	-867.64705882353
			4512.25490196078	-867.64705882353
			4514.70588235294	-867.64705882353
			4517.1568627451	-867.64705882353
			4519.60784313726	-867.64705882353
			4522.05882352941	-867.64705882353
			4524.50980392157	-867.64705882353
			4526.96078431373	-867.64705882353
			4529.41176470588	-867.64705882353
			4531.86274509804	-867.64705882353
			4534.3137254902	-867.64705882353
			4536.76470588235	-870.098039215686
			4539.21568627451	-870.098039215686
			4541.66666666667	-870.098039215686
			4544.11764705882	-870.098039215686
			4546.56862745098	-870.098039215686
			4549.01960784314	-870.098039215686
			4551.47058823529	-870.098039215686
			4553.92156862745	-870.098039215686
			4556.37254901961	-870.098039215686
			4558.82352941176	-870.098039215686
			4561.27450980392	-870.098039215686
			4563.72549019608	-870.098039215686
			4566.17647058824	-872.549019607843
			4568.62745098039	-872.549019607843
			4571.07843137255	-872.549019607843
			4573.52941176471	-872.549019607843
			4575.98039215686	-872.549019607843
			4578.43137254902	-872.549019607843
			4580.88235294118	-872.549019607843
			4583.33333333333	-872.549019607843
			4585.78431372549	-872.549019607843
			4588.23529411765	-872.549019607843
			4590.6862745098	-875
			4593.13725490196	-875
			4595.58823529412	-875
			4598.03921568627	-875
			4600.49019607843	-875
			4602.94117647059	-875
			4605.39215686275	-875
			4607.8431372549	-875
			4610.29411764706	-877.450980392157
			4612.74509803922	-877.450980392157
			4615.19607843137	-877.450980392157
			4617.64705882353	-877.450980392157
			4620.09803921569	-877.450980392157
			4622.54901960784	-877.450980392157
			4625	-877.450980392157
			4627.45098039216	-879.901960784314
			4629.90196078431	-879.901960784314
			4632.35294117647	-879.901960784314
			4634.80392156863	-879.901960784314
			4637.25490196078	-879.901960784314
			4639.70588235294	-879.901960784314
			4642.1568627451	-879.901960784314
			4644.60784313726	-882.352941176471
			4647.05882352941	-882.352941176471
			4649.50980392157	-882.352941176471
			4651.96078431373	-882.352941176471
			4654.41176470588	-882.352941176471
			4656.86274509804	-882.352941176471
			4659.3137254902	-882.352941176471
			4661.76470588235	-884.803921568628
			4664.21568627451	-884.803921568628
			4666.66666666667	-884.803921568628
			4669.11764705882	-884.803921568628
			4671.56862745098	-884.803921568628
			4674.01960784314	-884.803921568628
			4676.47058823529	-887.254901960784
			4678.92156862745	-887.254901960784
			4681.37254901961	-887.254901960784
			4683.82352941176	-887.254901960784
			4686.27450980392	-887.254901960784
			4688.72549019608	-887.254901960784
			4688.72549019608	-889.705882352941
			4691.17647058824	-889.705882352941
			4693.62745098039	-889.705882352941
			4696.07843137255	-889.705882352941
			4698.52941176471	-889.705882352941
			4700.98039215686	-889.705882352941
			4703.43137254902	-892.156862745098
			4705.88235294118	-892.156862745098
			4708.33333333333	-892.156862745098
			4710.78431372549	-892.156862745098
			4713.23529411765	-892.156862745098
			4715.6862745098	-894.607843137255
			4718.13725490196	-894.607843137255
			4720.58823529412	-894.607843137255
			4723.03921568627	-894.607843137255
			4725.49019607843	-894.607843137255
			4727.94117647059	-897.058823529412
			4730.39215686275	-897.058823529412
			4732.8431372549	-897.058823529412
			4735.29411764706	-897.058823529412
			4737.74509803922	-899.509803921569
			4740.19607843137	-899.509803921569
			4742.64705882353	-899.509803921569
			4745.09803921569	-899.509803921569
			4747.54901960784	-899.509803921569
			4750	-901.960784313726
			4752.45098039216	-901.960784313726
			4754.90196078431	-901.960784313726
			4757.35294117647	-901.960784313726
			4759.80392156863	-904.411764705882
			4762.25490196078	-904.411764705882
			4764.70588235294	-904.411764705882
			4767.1568627451	-904.411764705882
			4769.60784313726	-904.411764705882
			4772.05882352941	-906.862745098039
			4774.50980392157	-906.862745098039
			4776.96078431373	-906.862745098039
			4779.41176470588	-906.862745098039
			4781.86274509804	-909.313725490196
			4784.3137254902	-909.313725490196
			4786.76470588235	-909.313725490196
			4789.21568627451	-909.313725490196
			4791.66666666667	-911.764705882353
			4794.11764705882	-911.764705882353
			4796.56862745098	-911.764705882353
			4799.01960784314	-911.764705882353
			4801.47058823529	-914.21568627451
			4803.92156862745	-914.21568627451
			4806.37254901961	-914.21568627451
			4808.82352941176	-914.21568627451
			4811.27450980392	-916.666666666667
			4813.72549019608	-916.666666666667
			4816.17647058824	-916.666666666667
			4818.62745098039	-919.117647058824
			4821.07843137255	-919.117647058824
			4823.52941176471	-919.117647058824
			4825.98039215686	-919.117647058824
			4828.43137254902	-921.56862745098
			4830.88235294118	-921.56862745098
			4833.33333333333	-921.56862745098
			4835.78431372549	-921.56862745098
			4838.23529411765	-924.019607843137
			4840.6862745098	-924.019607843137
			4843.13725490196	-924.019607843137
			4845.58823529412	-926.470588235294
			4848.03921568627	-926.470588235294
			4850.49019607843	-926.470588235294
			4852.94117647059	-926.470588235294
			4855.39215686275	-928.921568627451
			4857.8431372549	-928.921568627451
			4860.29411764706	-928.921568627451
			4862.74509803922	-931.372549019608
			4865.19607843137	-931.372549019608
			4867.64705882353	-931.372549019608
			4870.09803921569	-931.372549019608
			4872.54901960784	-933.823529411765
			4875	-933.823529411765
			4877.45098039216	-933.823529411765
			4879.90196078431	-936.274509803922
			4882.35294117647	-936.274509803922
			4884.80392156863	-936.274509803922
			4887.25490196078	-938.725490196078
			4889.70588235294	-938.725490196078
			4892.1568627451	-938.725490196078
			4894.60784313726	-941.176470588235
			4897.05882352941	-941.176470588235
			4899.50980392157	-941.176470588235
			4901.96078431373	-943.627450980392
			4904.41176470588	-943.627450980392
			4906.86274509804	-943.627450980392
			4909.3137254902	-943.627450980392
			4911.76470588235	-946.078431372549
			4914.21568627451	-946.078431372549
			4916.66666666667	-946.078431372549
			4919.11764705882	-948.529411764706
			4921.56862745098	-948.529411764706
			4924.01960784314	-948.529411764706
			4926.47058823529	-950.980392156863
			4928.92156862745	-950.980392156863
			4931.37254901961	-950.980392156863
			4933.82352941176	-950.980392156863
			4936.27450980392	-953.43137254902
			4938.72549019608	-953.43137254902
			4941.17647058824	-955.882352941177
			4943.62745098039	-955.882352941177
			4946.07843137255	-955.882352941177
			4948.52941176471	-958.333333333333
			4950.98039215686	-958.333333333333
			4953.43137254902	-958.333333333333
			4955.88235294118	-960.78431372549
			4958.33333333333	-960.78431372549
			4960.78431372549	-960.78431372549
			4960.78431372549	-963.235294117647
			4963.23529411765	-963.235294117647
			4965.6862745098	-963.235294117647
			4968.13725490196	-963.235294117647
			4970.58823529412	-965.686274509804
			4973.03921568627	-965.686274509804
			4975.49019607843	-965.686274509804
			4977.94117647059	-968.137254901961
			4980.39215686275	-968.137254901961
			4982.8431372549	-968.137254901961
			4985.29411764706	-970.588235294118
			4987.74509803922	-970.588235294118
			4990.19607843137	-973.039215686275
			4992.64705882353	-973.039215686275
			4995.09803921569	-973.039215686275
			4997.54901960784	-975.490196078431
			5000	-975.490196078431
			5002.45098039216	-975.490196078431
			5004.90196078431	-977.941176470588
			5007.35294117647	-977.941176470588
			5009.80392156863	-980.392156862745
			5012.25490196078	-980.392156862745
			5014.70588235294	-980.392156862745
			5017.1568627451	-982.843137254902
			5019.60784313726	-982.843137254902
			5022.05882352941	-982.843137254902
			5022.05882352941	-985.294117647059
			5024.50980392157	-985.294117647059
			5026.96078431373	-985.294117647059
			5029.41176470588	-987.745098039216
			5031.86274509804	-987.745098039216
			5034.3137254902	-987.745098039216
			5036.76470588235	-990.196078431373
			5039.21568627451	-990.196078431373
			5041.66666666667	-992.64705882353
			5044.11764705882	-992.64705882353
			5046.56862745098	-992.64705882353
			5049.01960784314	-995.098039215686
			5051.47058823529	-995.098039215686
			5053.92156862745	-997.549019607843
			5056.37254901961	-997.549019607843
			5058.82352941176	-997.549019607843
			5061.27450980392	-1000
			5063.72549019608	-1000
			5066.17647058824	-1002.45098039216
			5068.62745098039	-1002.45098039216
			5071.07843137255	-1002.45098039216
			5073.52941176471	-1004.90196078431
			5075.98039215686	-1004.90196078431
			5078.43137254902	-1007.35294117647
			5080.88235294118	-1007.35294117647
			5083.33333333333	-1007.35294117647
			5085.78431372549	-1009.80392156863
			5088.23529411765	-1009.80392156863
			5090.6862745098	-1012.25490196078
			5093.13725490196	-1012.25490196078
			5095.58823529412	-1012.25490196078
			5098.03921568627	-1014.70588235294
			5100.49019607843	-1014.70588235294
			5102.94117647059	-1017.1568627451
			5105.39215686275	-1017.1568627451
			5107.8431372549	-1019.60784313726
			5110.29411764706	-1019.60784313726
			5112.74509803922	-1019.60784313726
			5115.19607843137	-1022.05882352941
			5117.64705882353	-1022.05882352941
			5120.09803921569	-1024.50980392157
			5122.54901960784	-1024.50980392157
			5125	-1026.96078431373
			5127.45098039216	-1026.96078431373
			5129.90196078431	-1026.96078431373
			5132.35294117647	-1029.41176470588
			5134.80392156863	-1029.41176470588
			5137.25490196078	-1031.86274509804
			5139.70588235294	-1031.86274509804
			5142.1568627451	-1034.3137254902
			5144.60784313726	-1034.3137254902
			5147.05882352941	-1036.76470588235
			5149.50980392157	-1036.76470588235
			5151.96078431373	-1036.76470588235
			5154.41176470588	-1039.21568627451
			5156.86274509804	-1039.21568627451
			5159.3137254902	-1041.66666666667
			5161.76470588235	-1041.66666666667
			5164.21568627451	-1044.11764705882
			5166.66666666667	-1044.11764705882
			5169.11764705882	-1044.11764705882
			5171.56862745098	-1046.56862745098
			5174.01960784314	-1046.56862745098
			5176.47058823529	-1046.56862745098
			5178.92156862745	-1049.01960784314
			5181.37254901961	-1049.01960784314
			5183.82352941176	-1049.01960784314
			5186.27450980392	-1051.47058823529
			5188.72549019608	-1051.47058823529
			5191.17647058824	-1051.47058823529
			5193.62745098039	-1051.47058823529
			5196.07843137255	-1053.92156862745
			5198.52941176471	-1053.92156862745
			5200.98039215686	-1056.37254901961
			5203.43137254902	-1056.37254901961
			5205.88235294118	-1056.37254901961
			5208.33333333333	-1058.82352941176
			5210.78431372549	-1058.82352941176
			5213.23529411765	-1058.82352941176
			5215.6862745098	-1058.82352941176
			5218.13725490196	-1061.27450980392
			5220.58823529412	-1061.27450980392
			5223.03921568627	-1063.72549019608
			5225.49019607843	-1063.72549019608
			5227.94117647059	-1063.72549019608
			5230.39215686275	-1063.72549019608
			5232.8431372549	-1066.17647058824
			5235.29411764706	-1066.17647058824
			5237.74509803922	-1066.17647058824
			5240.19607843137	-1068.62745098039
			5242.64705882353	-1068.62745098039
			5245.09803921569	-1068.62745098039
			5247.54901960784	-1071.07843137255
			5250	-1071.07843137255
			5252.45098039216	-1073.52941176471
			5254.90196078431	-1073.52941176471
			5257.35294117647	-1073.52941176471
			5259.80392156863	-1075.98039215686
			5262.25490196078	-1075.98039215686
			5264.70588235294	-1075.98039215686
			5267.1568627451	-1078.43137254902
			5269.60784313726	-1078.43137254902
			5272.05882352941	-1078.43137254902
			5274.50980392157	-1080.88235294118
			5276.96078431373	-1080.88235294118
			5279.41176470588	-1080.88235294118
			5281.86274509804	-1083.33333333333
			5284.3137254902	-1083.33333333333
			5286.76470588235	-1083.33333333333
			5289.21568627451	-1085.78431372549
			5291.66666666667	-1085.78431372549
			5294.11764705882	-1085.78431372549
			5294.11764705882	-1088.23529411765
			5296.56862745098	-1088.23529411765
			5299.01960784314	-1088.23529411765
			5301.47058823529	-1090.6862745098
			5303.92156862745	-1090.6862745098
			5306.37254901961	-1090.6862745098
			5308.82352941176	-1093.13725490196
			5311.27450980392	-1093.13725490196
			5313.72549019608	-1095.58823529412
			5316.17647058824	-1095.58823529412
			5318.62745098039	-1095.58823529412
			5321.07843137255	-1098.03921568627
			5323.52941176471	-1098.03921568627
			5325.98039215686	-1100.49019607843
			5328.43137254902	-1100.49019607843
			5330.88235294118	-1100.49019607843
			5333.33333333333	-1102.94117647059
			5335.78431372549	-1102.94117647059
			5338.23529411765	-1105.39215686275
			5340.6862745098	-1105.39215686275
			5343.13725490196	-1105.39215686275
			5345.58823529412	-1105.39215686275
			5345.58823529412	-1107.8431372549
			5348.03921568627	-1107.8431372549
			5350.49019607843	-1107.8431372549
			5352.94117647059	-1110.29411764706
			5355.39215686275	-1110.29411764706
			5357.8431372549	-1112.74509803922
			5360.29411764706	-1112.74509803922
			5362.74509803922	-1112.74509803922
			5365.19607843137	-1115.19607843137
			5367.64705882353	-1115.19607843137
			5370.09803921569	-1115.19607843137
			5370.09803921569	-1117.64705882353
			5372.54901960784	-1117.64705882353
			5375	-1117.64705882353
			5377.45098039216	-1120.09803921569
			5379.90196078431	-1120.09803921569
			5382.35294117647	-1122.54901960784
			5384.80392156863	-1122.54901960784
			5387.25490196078	-1122.54901960784
			5387.25490196078	-1125
			5389.70588235294	-1125
			5392.1568627451	-1125
			5394.60784313726	-1127.45098039216
			5397.05882352941	-1127.45098039216
			5399.50980392157	-1127.45098039216
			5401.96078431373	-1129.90196078431
			5404.41176470588	-1129.90196078431
			5404.41176470588	-1132.35294117647
			5406.86274509804	-1132.35294117647
			5409.3137254902	-1132.35294117647
			5411.76470588235	-1134.80392156863
			5414.21568627451	-1134.80392156863
			5416.66666666667	-1134.80392156863
			5419.11764705882	-1137.25490196078
			5421.56862745098	-1137.25490196078
			5424.01960784314	-1139.70588235294
			5426.47058823529	-1139.70588235294
			5428.92156862745	-1142.1568627451
			5431.37254901961	-1142.1568627451
			5433.82352941176	-1144.60784313726
			5436.27450980392	-1144.60784313726
			5438.72549019608	-1147.05882352941
			5441.17647058824	-1147.05882352941
			5443.62745098039	-1147.05882352941
			5446.07843137255	-1149.50980392157
			5448.52941176471	-1149.50980392157
			5450.98039215686	-1151.96078431373
			5453.43137254902	-1151.96078431373
			5455.88235294118	-1154.41176470588
			5458.33333333333	-1154.41176470588
			5460.78431372549	-1156.86274509804
			5463.23529411765	-1156.86274509804
			5465.6862745098	-1159.3137254902
			5468.13725490196	-1159.3137254902
			5470.58823529412	-1159.3137254902
			5473.03921568627	-1161.76470588235
			5475.49019607843	-1161.76470588235
			5477.94117647059	-1164.21568627451
			5480.39215686275	-1164.21568627451
			5482.8431372549	-1166.66666666667
			5485.29411764706	-1166.66666666667
			5485.29411764706	-1169.11764705882
			5487.74509803922	-1169.11764705882
			5490.19607843137	-1169.11764705882
			5492.64705882353	-1171.56862745098
			5495.09803921569	-1171.56862745098
			5497.54901960784	-1174.01960784314
			5500	-1174.01960784314
			5502.45098039216	-1176.47058823529
			5504.90196078431	-1176.47058823529
			5507.35294117647	-1178.92156862745
			5509.80392156863	-1178.92156862745
			5512.25490196078	-1181.37254901961
			5514.70588235294	-1183.82352941176
			5517.1568627451	-1183.82352941176
			5519.60784313726	-1186.27450980392
			5522.05882352941	-1186.27450980392
			5524.50980392157	-1186.27450980392
			5524.50980392157	-1188.72549019608
			5526.96078431373	-1188.72549019608
			5529.41176470588	-1188.72549019608
			5529.41176470588	-1191.17647058824
			5531.86274509804	-1191.17647058824
			5534.3137254902	-1191.17647058824
			5534.3137254902	-1193.62745098039
			5536.76470588235	-1193.62745098039
			5539.21568627451	-1196.07843137255
			5541.66666666667	-1196.07843137255
			5544.11764705882	-1198.52941176471
			5546.56862745098	-1198.52941176471
			5549.01960784314	-1200.98039215686
			5551.47058823529	-1200.98039215686
			5551.47058823529	-1203.43137254902
			5553.92156862745	-1203.43137254902
			5556.37254901961	-1203.43137254902
			5558.82352941176	-1205.88235294118
			5561.27450980392	-1208.33333333333
			5563.72549019608	-1208.33333333333
			5566.17647058824	-1210.78431372549
			5568.62745098039	-1210.78431372549
			5571.07843137255	-1213.23529411765
			5573.52941176471	-1213.23529411765
			5575.98039215686	-1215.6862745098
			5578.43137254902	-1215.6862745098
			5578.43137254902	-1218.13725490196
			5580.88235294118	-1218.13725490196
			5583.33333333333	-1220.58823529412
			5585.78431372549	-1220.58823529412
			5588.23529411765	-1223.03921568627
			5590.6862745098	-1223.03921568627
			5590.6862745098	-1225.49019607843
			5593.13725490196	-1225.49019607843
			5595.58823529412	-1227.94117647059
			5598.03921568627	-1227.94117647059
			5600.49019607843	-1230.39215686275
			5602.94117647059	-1232.8431372549
			5605.39215686275	-1232.8431372549
			5607.8431372549	-1235.29411764706
			5610.29411764706	-1237.74509803922
			5612.74509803922	-1237.74509803922
			5615.19607843137	-1240.19607843137
			5617.64705882353	-1240.19607843137
			5620.09803921569	-1242.64705882353
			5622.54901960784	-1245.09803921569
			5625	-1245.09803921569
			5627.45098039216	-1247.54901960784
			5629.90196078431	-1250
			5632.35294117647	-1252.45098039216
			5634.80392156863	-1252.45098039216
			5637.25490196078	-1254.90196078431
			5639.70588235294	-1254.90196078431
			5639.70588235294	-1257.35294117647
			5642.1568627451	-1257.35294117647
			5644.60784313726	-1259.80392156863
			5647.05882352941	-1262.25490196078
			5649.50980392157	-1262.25490196078
			5651.96078431373	-1264.70588235294
			5654.41176470588	-1267.1568627451
			5656.86274509804	-1267.1568627451
			5659.3137254902	-1269.60784313726
			5661.76470588235	-1272.05882352941
			5664.21568627451	-1274.50980392157
			5666.66666666667	-1274.50980392157
			5669.11764705882	-1276.96078431373
			5671.56862745098	-1276.96078431373
			5671.56862745098	-1279.41176470588
			5674.01960784314	-1281.86274509804
			5676.47058823529	-1281.86274509804
			5678.92156862745	-1284.3137254902
			5681.37254901961	-1286.76470588235
			5683.82352941176	-1286.76470588235
			5683.82352941176	-1289.21568627451
			5686.27450980392	-1291.66666666667
			5688.72549019608	-1291.66666666667
			5691.17647058824	-1294.11764705882
			5693.62745098039	-1296.56862745098
			5696.07843137255	-1299.01960784314
			5698.52941176471	-1301.47058823529
			5700.98039215686	-1301.47058823529
			5703.43137254902	-1303.92156862745
			5705.88235294118	-1306.37254901961
			5708.33333333333	-1308.82352941176
			5710.78431372549	-1311.27450980392
			5713.23529411765	-1311.27450980392
			5713.23529411765	-1313.72549019608
			5715.6862745098	-1316.17647058824
			5718.13725490196	-1318.62745098039
			5720.58823529412	-1321.07843137255
			5723.03921568627	-1321.07843137255
			5725.49019607843	-1323.52941176471
			5727.94117647059	-1325.98039215686
			5727.94117647059	-1328.43137254902
			5730.39215686275	-1328.43137254902
			5732.8431372549	-1330.88235294118
			5735.29411764706	-1333.33333333333
			5737.74509803922	-1335.78431372549
			5740.19607843137	-1338.23529411765
			5742.64705882353	-1340.6862745098
			5745.09803921569	-1343.13725490196
			5747.54901960784	-1345.58823529412
			5750	-1348.03921568627
			5752.45098039216	-1350.49019607843
			5754.90196078431	-1352.94117647059
			5757.35294117647	-1355.39215686275
			5759.80392156863	-1357.8431372549
			5759.80392156863	-1360.29411764706
			5762.25490196078	-1362.74509803922
			5764.70588235294	-1365.19607843137
			5767.1568627451	-1367.64705882353
		</C1>
		<C2 type=matrix rownames=FALSE colnames=FALSE nrow=231 ncol=2 as.numeric=TRUE >
			4862.74509803922	-2698.52941176471
			4865.19607843137	-2700.98039215686
			4867.64705882353	-2703.43137254902
			4867.64705882353	-2705.88235294118
			4870.09803921569	-2705.88235294118
			4872.54901960784	-2708.33333333333
			4875	-2710.78431372549
			4875	-2713.23529411765
			4877.45098039216	-2715.6862745098
			4879.90196078431	-2718.13725490196
			4882.35294117647	-2720.58823529412
			4884.80392156863	-2723.03921568627
			4884.80392156863	-2725.49019607843
			4887.25490196078	-2727.94117647059
			4889.70588235294	-2730.39215686275
			4889.70588235294	-2732.8431372549
			4892.1568627451	-2735.29411764706
			4894.60784313726	-2737.74509803922
			4894.60784313726	-2740.19607843137
			4897.05882352941	-2742.64705882353
			4897.05882352941	-2745.09803921569
			4899.50980392157	-2747.54901960784
			4899.50980392157	-2750
			4901.96078431373	-2752.45098039216
			4901.96078431373	-2754.90196078431
			4904.41176470588	-2757.35294117647
			4904.41176470588	-2759.80392156863
			4904.41176470588	-2762.25490196078
			4906.86274509804	-2764.70588235294
			4906.86274509804	-2767.1568627451
			4906.86274509804	-2769.60784313726
			4906.86274509804	-2772.05882352941
			4906.86274509804	-2774.50980392157
			4909.3137254902	-2774.50980392157
			4909.3137254902	-2776.96078431373
			4909.3137254902	-2779.41176470588
			4909.3137254902	-2781.86274509804
			4909.3137254902	-2784.3137254902
			4909.3137254902	-2786.76470588235
			4909.3137254902	-2789.21568627451
			4909.3137254902	-2791.66666666667
			4909.3137254902	-2794.11764705882
			4909.3137254902	-2796.56862745098
			4906.86274509804	-2799.01960784314
			4906.86274509804	-2801.47058823529
			4906.86274509804	-2803.92156862745
			4906.86274509804	-2806.37254901961
			4904.41176470588	-2808.82352941176
			4904.41176470588	-2811.27450980392
			4901.96078431373	-2813.72549019608
			4901.96078431373	-2816.17647058824
			4899.50980392157	-2818.62745098039
			4899.50980392157	-2821.07843137255
			4897.05882352941	-2823.52941176471
			4897.05882352941	-2825.98039215686
			4894.60784313726	-2828.43137254902
			4892.1568627451	-2828.43137254902
			4889.70588235294	-2830.88235294118
			4889.70588235294	-2833.33333333333
			4887.25490196078	-2835.78431372549
			4884.80392156863	-2838.23529411765
			4882.35294117647	-2840.6862745098
			4879.90196078431	-2843.13725490196
			4877.45098039216	-2843.13725490196
			4875	-2845.58823529412
			4872.54901960784	-2848.03921568627
			4870.09803921569	-2850.49019607843
			4867.64705882353	-2852.94117647059
			4865.19607843137	-2852.94117647059
			4862.74509803922	-2855.39215686275
			4860.29411764706	-2855.39215686275
			4860.29411764706	-2857.8431372549
			4857.8431372549	-2857.8431372549
			4855.39215686275	-2860.29411764706
			4852.94117647059	-2860.29411764706
			4852.94117647059	-2862.74509803922
			4850.49019607843	-2862.74509803922
			4848.03921568627	-2862.74509803922
			4845.58823529412	-2865.19607843137
			4843.13725490196	-2865.19607843137
			4840.6862745098	-2867.64705882353
			4838.23529411765	-2867.64705882353
			4835.78431372549	-2870.09803921569
			4833.33333333333	-2872.54901960784
			4830.88235294118	-2872.54901960784
			4828.43137254902	-2872.54901960784
			4828.43137254902	-2875
			4825.98039215686	-2875
			4823.52941176471	-2875
			4821.07843137255	-2875
			4821.07843137255	-2877.45098039216
			4818.62745098039	-2877.45098039216
			4816.17647058824	-2877.45098039216
			4813.72549019608	-2879.90196078431
			4811.27450980392	-2879.90196078431
			4808.82352941176	-2882.35294117647
			4806.37254901961	-2882.35294117647
			4803.92156862745	-2882.35294117647
			4801.47058823529	-2884.80392156863
			4799.01960784314	-2884.80392156863
			4796.56862745098	-2884.80392156863
			4794.11764705882	-2887.25490196078
			4791.66666666667	-2887.25490196078
			4789.21568627451	-2887.25490196078
			4786.76470588235	-2889.70588235294
			4784.3137254902	-2889.70588235294
			4781.86274509804	-2889.70588235294
			4779.41176470588	-2889.70588235294
			4776.96078431373	-2889.70588235294
			4774.50980392157	-2889.70588235294
			4772.05882352941	-2889.70588235294
			4769.60784313726	-2889.70588235294
			4767.1568627451	-2889.70588235294
			4764.70588235294	-2889.70588235294
			4762.25490196078	-2889.70588235294
			4759.80392156863	-2889.70588235294
			4757.35294117647	-2887.25490196078
			4754.90196078431	-2887.25490196078
			4752.45098039216	-2887.25490196078
			4750	-2887.25490196078
			4747.54901960784	-2887.25490196078
			4745.09803921569	-2887.25490196078
			4742.64705882353	-2887.25490196078
			4740.19607843137	-2884.80392156863
			4737.74509803922	-2884.80392156863
			4735.29411764706	-2884.80392156863
			4732.8431372549	-2884.80392156863
			4730.39215686275	-2884.80392156863
			4727.94117647059	-2882.35294117647
			4725.49019607843	-2882.35294117647
			4723.03921568627	-2882.35294117647
			4720.58823529412	-2882.35294117647
			4718.13725490196	-2879.90196078431
			4715.6862745098	-2879.90196078431
			4713.23529411765	-2879.90196078431
			4710.78431372549	-2877.45098039216
			4708.33333333333	-2877.45098039216
			4705.88235294118	-2877.45098039216
			4703.43137254902	-2875
			4700.98039215686	-2875
			4698.52941176471	-2875
			4698.52941176471	-2872.54901960784
			4696.07843137255	-2872.54901960784
			4693.62745098039	-2870.09803921569
			4691.17647058824	-2870.09803921569
			4688.72549019608	-2867.64705882353
			4686.27450980392	-2867.64705882353
			4683.82352941176	-2865.19607843137
			4681.37254901961	-2865.19607843137
			4678.92156862745	-2862.74509803922
			4676.47058823529	-2860.29411764706
			4674.01960784314	-2860.29411764706
			4674.01960784314	-2857.8431372549
			4671.56862745098	-2855.39215686275
			4669.11764705882	-2855.39215686275
			4666.66666666667	-2852.94117647059
			4664.21568627451	-2850.49019607843
			4661.76470588235	-2848.03921568627
			4659.3137254902	-2845.58823529412
			4656.86274509804	-2843.13725490196
			4654.41176470588	-2840.6862745098
			4654.41176470588	-2838.23529411765
			4651.96078431373	-2835.78431372549
			4649.50980392157	-2833.33333333333
			4647.05882352941	-2830.88235294118
			4647.05882352941	-2828.43137254902
			4644.60784313726	-2825.98039215686
			4644.60784313726	-2823.52941176471
			4642.1568627451	-2821.07843137255
			4639.70588235294	-2818.62745098039
			4639.70588235294	-2816.17647058824
			4637.25490196078	-2813.72549019608
			4637.25490196078	-2811.27450980392
			4637.25490196078	-2808.82352941176
			4634.80392156863	-2806.37254901961
			4634.80392156863	-2803.92156862745
			4634.80392156863	-2801.47058823529
			4632.35294117647	-2799.01960784314
			4632.35294117647	-2796.56862745098
			4632.35294117647	-2794.11764705882
			4632.35294117647	-2791.66666666667
			4629.90196078431	-2789.21568627451
			4629.90196078431	-2786.76470588235
			4629.90196078431	-2784.3137254902
			4629.90196078431	-2781.86274509804
			4627.45098039216	-2779.41176470588
			4627.45098039216	-2776.96078431373
			4627.45098039216	-2774.50980392157
			4627.45098039216	-2772.05882352941
			4627.45098039216	-2769.60784313726
			4627.45098039216	-2767.1568627451
			4625	-2764.70588235294
			4625	-2762.25490196078
			4625	-2759.80392156863
			4625	-2757.35294117647
			4625	-2754.90196078431
			4625	-2752.45098039216
			4625	-2750
			4625	-2747.54901960784
			4625	-2745.09803921569
			4625	-2742.64705882353
			4625	-2740.19607843137
			4625	-2737.74509803922
			4625	-2735.29411764706
			4625	-2732.8431372549
			4625	-2730.39215686275
			4625	-2727.94117647059
			4625	-2725.49019607843
			4625	-2723.03921568627
			4625	-2720.58823529412
			4625	-2718.13725490196
			4625	-2715.6862745098
			4627.45098039216	-2713.23529411765
			4627.45098039216	-2710.78431372549
			4627.45098039216	-2708.33333333333
			4627.45098039216	-2705.88235294118
			4627.45098039216	-2703.43137254902
			4627.45098039216	-2700.98039215686
			4627.45098039216	-2698.52941176471
			4627.45098039216	-2696.07843137255
			4627.45098039216	-2693.62745098039
			4629.90196078431	-2691.17647058824
			4629.90196078431	-2688.72549019608
			4629.90196078431	-2686.27450980392
			4629.90196078431	-2683.82352941176
			4629.90196078431	-2681.37254901961
			4629.90196078431	-2678.92156862745
			4632.35294117647	-2676.47058823529
			4632.35294117647	-2674.01960784314
			4632.35294117647	-2671.56862745098
			4632.35294117647	-2669.11764705882
		</C2>
	</curves.scaled>
	<ruler.points type=matrix rownames=TRUE colnames=FALSE nrow=2 ncol=2 as.numeric=TRUE >
		Ruler point 1	3	1877
		Ruler point 2	105	1877
	</ruler.points>
</shapes>

