<shapes type=list>
	<ruler.pixel type=vector names=FALSE length=1 as.numeric=TRUE >102</ruler.pixel>
	<ruler.interval type=vector names=FALSE length=1 as.numeric=TRUE >250</ruler.interval>
	<scaling.units type=vector names=FALSE length=1 as.numeric=FALSE >nm</scaling.units>
	<scaling type=vector names=FALSE length=1 as.numeric=TRUE >2.45098039215686</scaling>
	<landmarks.pixel type=matrix rownames=TRUE colnames=FALSE nrow=10 ncol=2 as.numeric=TRUE >
		1-Pore1R	1075	622
		2-Pore1L	1023	620
		3-Pore2T	621	826
		4-Pore2B	619	893
		5-Pore3T	759	1156
		6-Pore3B	837	1214
		7-Pore4L	1465	1259
		8-Pore4R	1612	1244
		9-Anchor	1772	1230
		10-Tip	1663	761
	</landmarks.pixel>
	<landmarks.scaled type=matrix rownames=TRUE colnames=FALSE nrow=10 ncol=2 as.numeric=TRUE >
		1-Pore1R	2634.80392156863	-1524.50980392157
		2-Pore1L	2507.35294117647	-1519.60784313726
		3-Pore2T	1522.05882352941	-2024.50980392157
		4-Pore2B	1517.1568627451	-2188.72549019608
		5-Pore3T	1860.29411764706	-2833.33333333333
		6-Pore3B	2051.47058823529	-2975.49019607843
		7-Pore4L	3590.6862745098	-3085.78431372549
		8-Pore4R	3950.98039215686	-3049.01960784314
		9-Anchor	4343.13725490196	-3014.70588235294
		10-Tip	4075.98039215686	-1865.19607843137
	</landmarks.scaled>
	<curves.control type=list>
		<C1 type=matrix rownames=FALSE colnames=FALSE nrow=7 ncol=2 as.numeric=TRUE >
			1772	1230
			1742	1149
			1704	1029
			1671	939
			1624	858
			1612	793
			1663	761
		</C1>
	</curves.control>
	<curves.pixel type=list>
		<C1 type=matrix rownames=FALSE colnames=FALSE nrow=496 ncol=2 as.numeric=TRUE >
			1772	1230
			1772	1229
			1771	1228
			1771	1227
			1771	1226
			1770	1225
			1770	1224
			1770	1223
			1769	1222
			1769	1221
			1768	1220
			1768	1219
			1768	1218
			1767	1217
			1767	1216
			1767	1215
			1766	1215
			1766	1214
			1766	1213
			1765	1212
			1765	1211
			1765	1210
			1764	1209
			1764	1208
			1763	1207
			1763	1206
			1763	1205
			1763	1204
			1762	1203
			1762	1202
			1761	1201
			1761	1200
			1761	1199
			1760	1198
			1760	1197
			1760	1196
			1759	1195
			1759	1194
			1759	1193
			1758	1193
			1758	1192
			1758	1191
			1757	1190
			1757	1189
			1757	1188
			1757	1187
			1756	1186
			1756	1185
			1756	1184
			1755	1183
			1755	1182
			1754	1181
			1754	1180
			1754	1179
			1753	1178
			1753	1177
			1753	1176
			1752	1175
			1752	1174
			1752	1173
			1751	1172
			1751	1171
			1750	1170
			1750	1169
			1750	1168
			1749	1167
			1749	1166
			1749	1165
			1748	1164
			1748	1163
			1748	1162
			1747	1161
			1747	1160
			1747	1159
			1746	1158
			1746	1157
			1746	1156
			1745	1155
			1745	1154
			1745	1153
			1744	1152
			1744	1151
			1744	1150
			1743	1149
			1743	1148
			1742	1147
			1742	1146
			1742	1145
			1742	1144
			1741	1144
			1741	1143
			1741	1142
			1741	1141
			1740	1140
			1740	1139
			1740	1138
			1739	1137
			1739	1136
			1739	1135
			1738	1134
			1738	1133
			1738	1132
			1737	1131
			1737	1130
			1737	1129
			1736	1128
			1736	1127
			1736	1126
			1735	1126
			1735	1125
			1735	1124
			1734	1123
			1734	1122
			1734	1121
			1734	1120
			1733	1119
			1733	1118
			1733	1117
			1732	1116
			1732	1115
			1732	1114
			1731	1113
			1731	1112
			1731	1111
			1730	1110
			1730	1109
			1729	1108
			1729	1107
			1729	1106
			1729	1105
			1728	1105
			1728	1104
			1728	1103
			1728	1102
			1727	1101
			1727	1100
			1727	1099
			1726	1098
			1726	1097
			1726	1096
			1725	1095
			1725	1094
			1725	1093
			1724	1092
			1724	1091
			1724	1090
			1723	1089
			1723	1088
			1723	1087
			1722	1086
			1722	1085
			1722	1084
			1721	1083
			1721	1082
			1721	1081
			1720	1080
			1720	1079
			1720	1078
			1719	1077
			1719	1076
			1719	1075
			1718	1074
			1718	1073
			1718	1072
			1718	1071
			1717	1070
			1717	1069
			1717	1068
			1716	1068
			1716	1067
			1716	1066
			1715	1065
			1715	1064
			1715	1063
			1715	1062
			1714	1061
			1714	1060
			1714	1059
			1713	1058
			1713	1057
			1713	1056
			1712	1055
			1712	1054
			1712	1053
			1711	1052
			1711	1051
			1711	1050
			1710	1049
			1710	1048
			1710	1047
			1709	1046
			1709	1045
			1709	1044
			1708	1043
			1708	1042
			1708	1041
			1707	1040
			1707	1039
			1707	1038
			1706	1037
			1706	1036
			1706	1035
			1706	1034
			1705	1033
			1705	1032
			1705	1031
			1704	1030
			1704	1029
			1704	1028
			1703	1027
			1703	1026
			1703	1025
			1702	1024
			1702	1023
			1701	1022
			1701	1021
			1701	1020
			1700	1020
			1700	1019
			1700	1018
			1699	1017
			1699	1016
			1699	1015
			1698	1014
			1698	1013
			1698	1012
			1697	1011
			1697	1010
			1696	1009
			1696	1008
			1696	1007
			1695	1006
			1695	1005
			1694	1004
			1694	1003
			1694	1002
			1693	1001
			1693	1000
			1692	999
			1692	998
			1692	997
			1691	996
			1691	995
			1691	994
			1690	993
			1690	992
			1689	991
			1689	990
			1688	989
			1688	988
			1688	987
			1687	986
			1687	985
			1686	984
			1686	983
			1686	982
			1685	982
			1685	981
			1685	980
			1684	979
			1684	978
			1683	977
			1683	976
			1683	975
			1682	974
			1682	973
			1681	972
			1681	971
			1681	970
			1680	969
			1680	968
			1679	967
			1679	966
			1678	965
			1678	964
			1678	963
			1677	963
			1677	962
			1677	961
			1676	961
			1676	960
			1676	959
			1675	959
			1675	958
			1675	957
			1674	957
			1674	956
			1674	955
			1674	954
			1673	954
			1673	953
			1673	952
			1672	952
			1672	951
			1672	950
			1671	950
			1671	949
			1671	948
			1670	947
			1670	946
			1669	945
			1669	944
			1668	943
			1668	942
			1667	941
			1667	940
			1666	939
			1666	938
			1665	937
			1665	936
			1665	935
			1664	934
			1664	933
			1663	932
			1663	931
			1662	930
			1662	929
			1661	928
			1661	927
			1660	926
			1660	925
			1659	924
			1659	923
			1658	922
			1658	921
			1657	920
			1657	919
			1656	918
			1656	917
			1655	916
			1655	915
			1654	914
			1654	913
			1653	912
			1653	911
			1652	910
			1652	909
			1651	908
			1651	907
			1650	906
			1650	905
			1649	904
			1649	903
			1648	902
			1648	901
			1647	900
			1647	899
			1646	898
			1646	897
			1645	896
			1645	895
			1644	894
			1644	893
			1643	892
			1643	891
			1642	890
			1641	889
			1641	888
			1640	887
			1640	886
			1639	885
			1638	884
			1638	883
			1638	882
			1637	881
			1637	880
			1636	880
			1636	879
			1635	878
			1635	877
			1634	876
			1634	875
			1633	875
			1633	874
			1633	873
			1632	872
			1632	871
			1631	870
			1630	869
			1630	868
			1629	867
			1629	866
			1628	865
			1627	864
			1627	863
			1626	862
			1626	861
			1625	860
			1625	859
			1624	858
			1624	857
			1624	856
			1623	855
			1623	854
			1623	853
			1623	852
			1623	851
			1623	850
			1623	849
			1623	848
			1622	848
			1622	847
			1622	846
			1622	845
			1622	844
			1622	843
			1622	842
			1622	841
			1622	840
			1622	839
			1622	838
			1622	837
			1622	836
			1622	835
			1622	834
			1622	833
			1622	832
			1622	831
			1622	830
			1622	829
			1622	828
			1622	827
			1622	826
			1622	825
			1622	824
			1622	823
			1623	822
			1623	821
			1623	820
			1623	819
			1623	818
			1623	817
			1623	816
			1624	815
			1624	814
			1624	813
			1624	812
			1624	811
			1625	811
			1625	810
			1625	809
			1625	808
			1626	807
			1626	806
			1626	805
			1627	804
			1627	803
			1628	802
			1628	801
			1628	800
			1629	799
			1629	798
			1630	797
			1630	796
			1631	795
			1631	794
			1632	793
			1632	792
			1633	791
			1633	790
			1634	789
			1635	788
			1635	787
			1636	786
			1636	785
			1637	785
			1638	784
			1638	783
			1639	782
			1640	781
			1640	780
			1641	779
			1642	779
			1643	778
			1643	777
			1644	776
			1645	775
			1646	774
			1647	774
			1647	773
			1648	772
			1649	771
			1650	771
			1651	770
			1652	769
			1653	768
			1654	768
			1655	767
			1656	766
			1657	765
			1658	765
			1659	764
			1660	763
			1661	763
			1662	762
			1663	761
		</C1>
	</curves.pixel>
	<curves.scaled type=list>
		<C1 type=matrix rownames=FALSE colnames=FALSE nrow=496 ncol=2 as.numeric=TRUE >
			4343.13725490196	-3014.70588235294
			4343.13725490196	-3012.25490196078
			4340.6862745098	-3009.80392156863
			4340.6862745098	-3007.35294117647
			4340.6862745098	-3004.90196078431
			4338.23529411765	-3002.45098039216
			4338.23529411765	-3000
			4338.23529411765	-2997.54901960784
			4335.78431372549	-2995.09803921569
			4335.78431372549	-2992.64705882353
			4333.33333333333	-2990.19607843137
			4333.33333333333	-2987.74509803922
			4333.33333333333	-2985.29411764706
			4330.88235294118	-2982.8431372549
			4330.88235294118	-2980.39215686275
			4330.88235294118	-2977.94117647059
			4328.43137254902	-2977.94117647059
			4328.43137254902	-2975.49019607843
			4328.43137254902	-2973.03921568627
			4325.98039215686	-2970.58823529412
			4325.98039215686	-2968.13725490196
			4325.98039215686	-2965.6862745098
			4323.52941176471	-2963.23529411765
			4323.52941176471	-2960.78431372549
			4321.07843137255	-2958.33333333333
			4321.07843137255	-2955.88235294118
			4321.07843137255	-2953.43137254902
			4321.07843137255	-2950.98039215686
			4318.62745098039	-2948.52941176471
			4318.62745098039	-2946.07843137255
			4316.17647058824	-2943.62745098039
			4316.17647058824	-2941.17647058824
			4316.17647058824	-2938.72549019608
			4313.72549019608	-2936.27450980392
			4313.72549019608	-2933.82352941176
			4313.72549019608	-2931.37254901961
			4311.27450980392	-2928.92156862745
			4311.27450980392	-2926.47058823529
			4311.27450980392	-2924.01960784314
			4308.82352941176	-2924.01960784314
			4308.82352941176	-2921.56862745098
			4308.82352941176	-2919.11764705882
			4306.37254901961	-2916.66666666667
			4306.37254901961	-2914.21568627451
			4306.37254901961	-2911.76470588235
			4306.37254901961	-2909.3137254902
			4303.92156862745	-2906.86274509804
			4303.92156862745	-2904.41176470588
			4303.92156862745	-2901.96078431373
			4301.47058823529	-2899.50980392157
			4301.47058823529	-2897.05882352941
			4299.01960784314	-2894.60784313726
			4299.01960784314	-2892.1568627451
			4299.01960784314	-2889.70588235294
			4296.56862745098	-2887.25490196078
			4296.56862745098	-2884.80392156863
			4296.56862745098	-2882.35294117647
			4294.11764705882	-2879.90196078431
			4294.11764705882	-2877.45098039216
			4294.11764705882	-2875
			4291.66666666667	-2872.54901960784
			4291.66666666667	-2870.09803921569
			4289.21568627451	-2867.64705882353
			4289.21568627451	-2865.19607843137
			4289.21568627451	-2862.74509803922
			4286.76470588235	-2860.29411764706
			4286.76470588235	-2857.8431372549
			4286.76470588235	-2855.39215686275
			4284.3137254902	-2852.94117647059
			4284.3137254902	-2850.49019607843
			4284.3137254902	-2848.03921568627
			4281.86274509804	-2845.58823529412
			4281.86274509804	-2843.13725490196
			4281.86274509804	-2840.6862745098
			4279.41176470588	-2838.23529411765
			4279.41176470588	-2835.78431372549
			4279.41176470588	-2833.33333333333
			4276.96078431373	-2830.88235294118
			4276.96078431373	-2828.43137254902
			4276.96078431373	-2825.98039215686
			4274.50980392157	-2823.52941176471
			4274.50980392157	-2821.07843137255
			4274.50980392157	-2818.62745098039
			4272.05882352941	-2816.17647058824
			4272.05882352941	-2813.72549019608
			4269.60784313726	-2811.27450980392
			4269.60784313726	-2808.82352941176
			4269.60784313726	-2806.37254901961
			4269.60784313726	-2803.92156862745
			4267.1568627451	-2803.92156862745
			4267.1568627451	-2801.47058823529
			4267.1568627451	-2799.01960784314
			4267.1568627451	-2796.56862745098
			4264.70588235294	-2794.11764705882
			4264.70588235294	-2791.66666666667
			4264.70588235294	-2789.21568627451
			4262.25490196078	-2786.76470588235
			4262.25490196078	-2784.3137254902
			4262.25490196078	-2781.86274509804
			4259.80392156863	-2779.41176470588
			4259.80392156863	-2776.96078431373
			4259.80392156863	-2774.50980392157
			4257.35294117647	-2772.05882352941
			4257.35294117647	-2769.60784313726
			4257.35294117647	-2767.1568627451
			4254.90196078431	-2764.70588235294
			4254.90196078431	-2762.25490196078
			4254.90196078431	-2759.80392156863
			4252.45098039216	-2759.80392156863
			4252.45098039216	-2757.35294117647
			4252.45098039216	-2754.90196078431
			4250	-2752.45098039216
			4250	-2750
			4250	-2747.54901960784
			4250	-2745.09803921569
			4247.54901960784	-2742.64705882353
			4247.54901960784	-2740.19607843137
			4247.54901960784	-2737.74509803922
			4245.09803921569	-2735.29411764706
			4245.09803921569	-2732.8431372549
			4245.09803921569	-2730.39215686275
			4242.64705882353	-2727.94117647059
			4242.64705882353	-2725.49019607843
			4242.64705882353	-2723.03921568627
			4240.19607843137	-2720.58823529412
			4240.19607843137	-2718.13725490196
			4237.74509803922	-2715.6862745098
			4237.74509803922	-2713.23529411765
			4237.74509803922	-2710.78431372549
			4237.74509803922	-2708.33333333333
			4235.29411764706	-2708.33333333333
			4235.29411764706	-2705.88235294118
			4235.29411764706	-2703.43137254902
			4235.29411764706	-2700.98039215686
			4232.8431372549	-2698.52941176471
			4232.8431372549	-2696.07843137255
			4232.8431372549	-2693.62745098039
			4230.39215686275	-2691.17647058824
			4230.39215686275	-2688.72549019608
			4230.39215686275	-2686.27450980392
			4227.94117647059	-2683.82352941176
			4227.94117647059	-2681.37254901961
			4227.94117647059	-2678.92156862745
			4225.49019607843	-2676.47058823529
			4225.49019607843	-2674.01960784314
			4225.49019607843	-2671.56862745098
			4223.03921568627	-2669.11764705882
			4223.03921568627	-2666.66666666667
			4223.03921568627	-2664.21568627451
			4220.58823529412	-2661.76470588235
			4220.58823529412	-2659.3137254902
			4220.58823529412	-2656.86274509804
			4218.13725490196	-2654.41176470588
			4218.13725490196	-2651.96078431373
			4218.13725490196	-2649.50980392157
			4215.6862745098	-2647.05882352941
			4215.6862745098	-2644.60784313726
			4215.6862745098	-2642.1568627451
			4213.23529411765	-2639.70588235294
			4213.23529411765	-2637.25490196078
			4213.23529411765	-2634.80392156863
			4210.78431372549	-2632.35294117647
			4210.78431372549	-2629.90196078431
			4210.78431372549	-2627.45098039216
			4210.78431372549	-2625
			4208.33333333333	-2622.54901960784
			4208.33333333333	-2620.09803921569
			4208.33333333333	-2617.64705882353
			4205.88235294118	-2617.64705882353
			4205.88235294118	-2615.19607843137
			4205.88235294118	-2612.74509803922
			4203.43137254902	-2610.29411764706
			4203.43137254902	-2607.8431372549
			4203.43137254902	-2605.39215686275
			4203.43137254902	-2602.94117647059
			4200.98039215686	-2600.49019607843
			4200.98039215686	-2598.03921568627
			4200.98039215686	-2595.58823529412
			4198.52941176471	-2593.13725490196
			4198.52941176471	-2590.6862745098
			4198.52941176471	-2588.23529411765
			4196.07843137255	-2585.78431372549
			4196.07843137255	-2583.33333333333
			4196.07843137255	-2580.88235294118
			4193.62745098039	-2578.43137254902
			4193.62745098039	-2575.98039215686
			4193.62745098039	-2573.52941176471
			4191.17647058824	-2571.07843137255
			4191.17647058824	-2568.62745098039
			4191.17647058824	-2566.17647058824
			4188.72549019608	-2563.72549019608
			4188.72549019608	-2561.27450980392
			4188.72549019608	-2558.82352941176
			4186.27450980392	-2556.37254901961
			4186.27450980392	-2553.92156862745
			4186.27450980392	-2551.47058823529
			4183.82352941176	-2549.01960784314
			4183.82352941176	-2546.56862745098
			4183.82352941176	-2544.11764705882
			4181.37254901961	-2541.66666666667
			4181.37254901961	-2539.21568627451
			4181.37254901961	-2536.76470588235
			4181.37254901961	-2534.3137254902
			4178.92156862745	-2531.86274509804
			4178.92156862745	-2529.41176470588
			4178.92156862745	-2526.96078431373
			4176.47058823529	-2524.50980392157
			4176.47058823529	-2522.05882352941
			4176.47058823529	-2519.60784313726
			4174.01960784314	-2517.1568627451
			4174.01960784314	-2514.70588235294
			4174.01960784314	-2512.25490196078
			4171.56862745098	-2509.80392156863
			4171.56862745098	-2507.35294117647
			4169.11764705882	-2504.90196078431
			4169.11764705882	-2502.45098039216
			4169.11764705882	-2500
			4166.66666666667	-2500
			4166.66666666667	-2497.54901960784
			4166.66666666667	-2495.09803921569
			4164.21568627451	-2492.64705882353
			4164.21568627451	-2490.19607843137
			4164.21568627451	-2487.74509803922
			4161.76470588235	-2485.29411764706
			4161.76470588235	-2482.8431372549
			4161.76470588235	-2480.39215686275
			4159.3137254902	-2477.94117647059
			4159.3137254902	-2475.49019607843
			4156.86274509804	-2473.03921568627
			4156.86274509804	-2470.58823529412
			4156.86274509804	-2468.13725490196
			4154.41176470588	-2465.6862745098
			4154.41176470588	-2463.23529411765
			4151.96078431373	-2460.78431372549
			4151.96078431373	-2458.33333333333
			4151.96078431373	-2455.88235294118
			4149.50980392157	-2453.43137254902
			4149.50980392157	-2450.98039215686
			4147.05882352941	-2448.52941176471
			4147.05882352941	-2446.07843137255
			4147.05882352941	-2443.62745098039
			4144.60784313726	-2441.17647058824
			4144.60784313726	-2438.72549019608
			4144.60784313726	-2436.27450980392
			4142.1568627451	-2433.82352941176
			4142.1568627451	-2431.37254901961
			4139.70588235294	-2428.92156862745
			4139.70588235294	-2426.47058823529
			4137.25490196078	-2424.01960784314
			4137.25490196078	-2421.56862745098
			4137.25490196078	-2419.11764705882
			4134.80392156863	-2416.66666666667
			4134.80392156863	-2414.21568627451
			4132.35294117647	-2411.76470588235
			4132.35294117647	-2409.3137254902
			4132.35294117647	-2406.86274509804
			4129.90196078431	-2406.86274509804
			4129.90196078431	-2404.41176470588
			4129.90196078431	-2401.96078431373
			4127.45098039216	-2399.50980392157
			4127.45098039216	-2397.05882352941
			4125	-2394.60784313726
			4125	-2392.1568627451
			4125	-2389.70588235294
			4122.54901960784	-2387.25490196078
			4122.54901960784	-2384.80392156863
			4120.09803921569	-2382.35294117647
			4120.09803921569	-2379.90196078431
			4120.09803921569	-2377.45098039216
			4117.64705882353	-2375
			4117.64705882353	-2372.54901960784
			4115.19607843137	-2370.09803921569
			4115.19607843137	-2367.64705882353
			4112.74509803922	-2365.19607843137
			4112.74509803922	-2362.74509803922
			4112.74509803922	-2360.29411764706
			4110.29411764706	-2360.29411764706
			4110.29411764706	-2357.8431372549
			4110.29411764706	-2355.39215686275
			4107.8431372549	-2355.39215686275
			4107.8431372549	-2352.94117647059
			4107.8431372549	-2350.49019607843
			4105.39215686275	-2350.49019607843
			4105.39215686275	-2348.03921568627
			4105.39215686275	-2345.58823529412
			4102.94117647059	-2345.58823529412
			4102.94117647059	-2343.13725490196
			4102.94117647059	-2340.6862745098
			4102.94117647059	-2338.23529411765
			4100.49019607843	-2338.23529411765
			4100.49019607843	-2335.78431372549
			4100.49019607843	-2333.33333333333
			4098.03921568627	-2333.33333333333
			4098.03921568627	-2330.88235294118
			4098.03921568627	-2328.43137254902
			4095.58823529412	-2328.43137254902
			4095.58823529412	-2325.98039215686
			4095.58823529412	-2323.52941176471
			4093.13725490196	-2321.07843137255
			4093.13725490196	-2318.62745098039
			4090.6862745098	-2316.17647058824
			4090.6862745098	-2313.72549019608
			4088.23529411765	-2311.27450980392
			4088.23529411765	-2308.82352941176
			4085.78431372549	-2306.37254901961
			4085.78431372549	-2303.92156862745
			4083.33333333333	-2301.47058823529
			4083.33333333333	-2299.01960784314
			4080.88235294118	-2296.56862745098
			4080.88235294118	-2294.11764705882
			4080.88235294118	-2291.66666666667
			4078.43137254902	-2289.21568627451
			4078.43137254902	-2286.76470588235
			4075.98039215686	-2284.3137254902
			4075.98039215686	-2281.86274509804
			4073.52941176471	-2279.41176470588
			4073.52941176471	-2276.96078431373
			4071.07843137255	-2274.50980392157
			4071.07843137255	-2272.05882352941
			4068.62745098039	-2269.60784313726
			4068.62745098039	-2267.1568627451
			4066.17647058824	-2264.70588235294
			4066.17647058824	-2262.25490196078
			4063.72549019608	-2259.80392156863
			4063.72549019608	-2257.35294117647
			4061.27450980392	-2254.90196078431
			4061.27450980392	-2252.45098039216
			4058.82352941176	-2250
			4058.82352941176	-2247.54901960784
			4056.37254901961	-2245.09803921569
			4056.37254901961	-2242.64705882353
			4053.92156862745	-2240.19607843137
			4053.92156862745	-2237.74509803922
			4051.47058823529	-2235.29411764706
			4051.47058823529	-2232.8431372549
			4049.01960784314	-2230.39215686275
			4049.01960784314	-2227.94117647059
			4046.56862745098	-2225.49019607843
			4046.56862745098	-2223.03921568627
			4044.11764705882	-2220.58823529412
			4044.11764705882	-2218.13725490196
			4041.66666666667	-2215.6862745098
			4041.66666666667	-2213.23529411765
			4039.21568627451	-2210.78431372549
			4039.21568627451	-2208.33333333333
			4036.76470588235	-2205.88235294118
			4036.76470588235	-2203.43137254902
			4034.3137254902	-2200.98039215686
			4034.3137254902	-2198.52941176471
			4031.86274509804	-2196.07843137255
			4031.86274509804	-2193.62745098039
			4029.41176470588	-2191.17647058824
			4029.41176470588	-2188.72549019608
			4026.96078431373	-2186.27450980392
			4026.96078431373	-2183.82352941176
			4024.50980392157	-2181.37254901961
			4022.05882352941	-2178.92156862745
			4022.05882352941	-2176.47058823529
			4019.60784313726	-2174.01960784314
			4019.60784313726	-2171.56862745098
			4017.1568627451	-2169.11764705882
			4014.70588235294	-2166.66666666667
			4014.70588235294	-2164.21568627451
			4014.70588235294	-2161.76470588235
			4012.25490196078	-2159.3137254902
			4012.25490196078	-2156.86274509804
			4009.80392156863	-2156.86274509804
			4009.80392156863	-2154.41176470588
			4007.35294117647	-2151.96078431373
			4007.35294117647	-2149.50980392157
			4004.90196078431	-2147.05882352941
			4004.90196078431	-2144.60784313726
			4002.45098039216	-2144.60784313726
			4002.45098039216	-2142.1568627451
			4002.45098039216	-2139.70588235294
			4000	-2137.25490196078
			4000	-2134.80392156863
			3997.54901960784	-2132.35294117647
			3995.09803921569	-2129.90196078431
			3995.09803921569	-2127.45098039216
			3992.64705882353	-2125
			3992.64705882353	-2122.54901960784
			3990.19607843137	-2120.09803921569
			3987.74509803922	-2117.64705882353
			3987.74509803922	-2115.19607843137
			3985.29411764706	-2112.74509803922
			3985.29411764706	-2110.29411764706
			3982.8431372549	-2107.8431372549
			3982.8431372549	-2105.39215686275
			3980.39215686275	-2102.94117647059
			3980.39215686275	-2100.49019607843
			3980.39215686275	-2098.03921568627
			3977.94117647059	-2095.58823529412
			3977.94117647059	-2093.13725490196
			3977.94117647059	-2090.6862745098
			3977.94117647059	-2088.23529411765
			3977.94117647059	-2085.78431372549
			3977.94117647059	-2083.33333333333
			3977.94117647059	-2080.88235294118
			3977.94117647059	-2078.43137254902
			3975.49019607843	-2078.43137254902
			3975.49019607843	-2075.98039215686
			3975.49019607843	-2073.52941176471
			3975.49019607843	-2071.07843137255
			3975.49019607843	-2068.62745098039
			3975.49019607843	-2066.17647058824
			3975.49019607843	-2063.72549019608
			3975.49019607843	-2061.27450980392
			3975.49019607843	-2058.82352941176
			3975.49019607843	-2056.37254901961
			3975.49019607843	-2053.92156862745
			3975.49019607843	-2051.47058823529
			3975.49019607843	-2049.01960784314
			3975.49019607843	-2046.56862745098
			3975.49019607843	-2044.11764705882
			3975.49019607843	-2041.66666666667
			3975.49019607843	-2039.21568627451
			3975.49019607843	-2036.76470588235
			3975.49019607843	-2034.3137254902
			3975.49019607843	-2031.86274509804
			3975.49019607843	-2029.41176470588
			3975.49019607843	-2026.96078431373
			3975.49019607843	-2024.50980392157
			3975.49019607843	-2022.05882352941
			3975.49019607843	-2019.60784313726
			3975.49019607843	-2017.1568627451
			3977.94117647059	-2014.70588235294
			3977.94117647059	-2012.25490196078
			3977.94117647059	-2009.80392156863
			3977.94117647059	-2007.35294117647
			3977.94117647059	-2004.90196078431
			3977.94117647059	-2002.45098039216
			3977.94117647059	-2000
			3980.39215686275	-1997.54901960784
			3980.39215686275	-1995.09803921569
			3980.39215686275	-1992.64705882353
			3980.39215686275	-1990.19607843137
			3980.39215686275	-1987.74509803922
			3982.8431372549	-1987.74509803922
			3982.8431372549	-1985.29411764706
			3982.8431372549	-1982.8431372549
			3982.8431372549	-1980.39215686275
			3985.29411764706	-1977.94117647059
			3985.29411764706	-1975.49019607843
			3985.29411764706	-1973.03921568627
			3987.74509803922	-1970.58823529412
			3987.74509803922	-1968.13725490196
			3990.19607843137	-1965.6862745098
			3990.19607843137	-1963.23529411765
			3990.19607843137	-1960.78431372549
			3992.64705882353	-1958.33333333333
			3992.64705882353	-1955.88235294118
			3995.09803921569	-1953.43137254902
			3995.09803921569	-1950.98039215686
			3997.54901960784	-1948.52941176471
			3997.54901960784	-1946.07843137255
			4000	-1943.62745098039
			4000	-1941.17647058824
			4002.45098039216	-1938.72549019608
			4002.45098039216	-1936.27450980392
			4004.90196078431	-1933.82352941176
			4007.35294117647	-1931.37254901961
			4007.35294117647	-1928.92156862745
			4009.80392156863	-1926.47058823529
			4009.80392156863	-1924.01960784314
			4012.25490196078	-1924.01960784314
			4014.70588235294	-1921.56862745098
			4014.70588235294	-1919.11764705882
			4017.1568627451	-1916.66666666667
			4019.60784313726	-1914.21568627451
			4019.60784313726	-1911.76470588235
			4022.05882352941	-1909.3137254902
			4024.50980392157	-1909.3137254902
			4026.96078431373	-1906.86274509804
			4026.96078431373	-1904.41176470588
			4029.41176470588	-1901.96078431373
			4031.86274509804	-1899.50980392157
			4034.3137254902	-1897.05882352941
			4036.76470588235	-1897.05882352941
			4036.76470588235	-1894.60784313726
			4039.21568627451	-1892.1568627451
			4041.66666666667	-1889.70588235294
			4044.11764705882	-1889.70588235294
			4046.56862745098	-1887.25490196078
			4049.01960784314	-1884.80392156863
			4051.47058823529	-1882.35294117647
			4053.92156862745	-1882.35294117647
			4056.37254901961	-1879.90196078431
			4058.82352941176	-1877.45098039216
			4061.27450980392	-1875
			4063.72549019608	-1875
			4066.17647058824	-1872.54901960784
			4068.62745098039	-1870.09803921569
			4071.07843137255	-1870.09803921569
			4073.52941176471	-1867.64705882353
			4075.98039215686	-1865.19607843137
		</C1>
	</curves.scaled>
	<ruler.points type=matrix rownames=TRUE colnames=FALSE nrow=2 ncol=2 as.numeric=TRUE >
		Ruler point 1	3	1877
		Ruler point 2	105	1877
	</ruler.points>
</shapes>

