<shapes type=list>
	<ruler.pixel type=vector names=FALSE length=1 as.numeric=TRUE >102</ruler.pixel>
	<ruler.interval type=vector names=FALSE length=1 as.numeric=TRUE >250</ruler.interval>
	<scaling.units type=vector names=FALSE length=1 as.numeric=FALSE >nm</scaling.units>
	<scaling type=vector names=FALSE length=1 as.numeric=TRUE >2.45098039215686</scaling>
	<landmarks.pixel type=matrix rownames=TRUE colnames=FALSE nrow=10 ncol=2 as.numeric=TRUE >
		1-Pore1R	1054	592
		2-Pore1L	994	599
		3-Pore2T	540	874
		4-Pore2B	546	952
		5-Pore3T	669	1230
		6-Pore3B	739	1307
		7-Pore4L	1503	1310
		8-Pore4R	1665	1264
		9-Anchor	1970	1230
		10-Tip	1770	731
	</landmarks.pixel>
	<landmarks.scaled type=matrix rownames=TRUE colnames=FALSE nrow=10 ncol=2 as.numeric=TRUE >
		1-Pore1R	2583.33333333333	-1450.98039215686
		2-Pore1L	2436.27450980392	-1468.13725490196
		3-Pore2T	1323.52941176471	-2142.1568627451
		4-Pore2B	1338.23529411765	-2333.33333333333
		5-Pore3T	1639.70588235294	-3014.70588235294
		6-Pore3B	1811.27450980392	-3203.43137254902
		7-Pore4L	3683.82352941176	-3210.78431372549
		8-Pore4R	4080.88235294118	-3098.03921568627
		9-Anchor	4828.43137254902	-3014.70588235294
		10-Tip	4338.23529411765	-1791.66666666667
	</landmarks.scaled>
	<curves.control type=list>
		<C1 type=matrix rownames=FALSE colnames=FALSE nrow=7 ncol=2 as.numeric=TRUE >
			1970	1230
			1904	1114
			1841	930
			1741	882
			1703	823
			1686	783
			1770	731
		</C1>
	</curves.control>
	<curves.pixel type=list>
		<C1 type=matrix rownames=FALSE colnames=FALSE nrow=583 ncol=2 as.numeric=TRUE >
			1970	1230
			1969	1229
			1969	1228
			1968	1227
			1967	1226
			1967	1225
			1967	1224
			1966	1224
			1966	1223
			1966	1222
			1965	1221
			1964	1220
			1964	1219
			1963	1218
			1963	1217
			1962	1216
			1962	1215
			1961	1215
			1961	1214
			1961	1213
			1960	1212
			1960	1211
			1959	1210
			1958	1209
			1958	1208
			1957	1207
			1957	1206
			1956	1205
			1956	1204
			1955	1203
			1954	1202
			1954	1201
			1953	1200
			1953	1199
			1952	1198
			1952	1197
			1952	1196
			1951	1196
			1951	1195
			1951	1194
			1950	1194
			1950	1193
			1949	1192
			1949	1191
			1948	1190
			1948	1189
			1948	1188
			1947	1188
			1947	1187
			1946	1186
			1946	1185
			1945	1184
			1945	1183
			1944	1182
			1944	1181
			1943	1180
			1943	1179
			1942	1178
			1942	1177
			1941	1176
			1941	1175
			1941	1174
			1940	1174
			1940	1173
			1939	1172
			1939	1171
			1938	1170
			1938	1169
			1937	1168
			1937	1167
			1936	1166
			1936	1165
			1935	1164
			1935	1163
			1934	1162
			1934	1161
			1934	1160
			1933	1159
			1933	1158
			1932	1157
			1932	1156
			1931	1155
			1931	1154
			1930	1153
			1930	1152
			1929	1151
			1929	1150
			1928	1149
			1928	1148
			1927	1148
			1927	1147
			1927	1146
			1926	1145
			1926	1144
			1925	1143
			1925	1142
			1924	1141
			1924	1140
			1923	1139
			1923	1138
			1922	1137
			1922	1136
			1921	1135
			1921	1134
			1920	1133
			1920	1132
			1920	1131
			1919	1130
			1919	1129
			1918	1128
			1918	1127
			1918	1126
			1917	1125
			1917	1124
			1916	1123
			1916	1122
			1915	1121
			1915	1120
			1915	1119
			1914	1119
			1914	1118
			1913	1117
			1913	1116
			1913	1115
			1912	1114
			1912	1113
			1911	1112
			1911	1111
			1911	1110
			1910	1110
			1910	1109
			1909	1108
			1909	1107
			1909	1106
			1908	1105
			1908	1104
			1907	1103
			1907	1102
			1907	1101
			1906	1100
			1906	1099
			1905	1099
			1905	1098
			1905	1097
			1904	1096
			1904	1095
			1903	1094
			1903	1093
			1903	1092
			1902	1091
			1902	1090
			1901	1089
			1901	1088
			1901	1087
			1900	1086
			1899	1085
			1899	1084
			1899	1083
			1898	1082
			1898	1081
			1898	1080
			1897	1079
			1897	1078
			1896	1077
			1896	1076
			1895	1075
			1895	1074
			1895	1073
			1894	1072
			1894	1071
			1893	1070
			1893	1069
			1892	1068
			1892	1067
			1892	1066
			1891	1065
			1891	1064
			1890	1063
			1890	1062
			1890	1061
			1889	1060
			1889	1059
			1888	1058
			1888	1057
			1888	1056
			1887	1055
			1887	1054
			1886	1053
			1886	1052
			1885	1051
			1885	1050
			1885	1049
			1885	1048
			1884	1048
			1884	1047
			1884	1046
			1883	1045
			1883	1044
			1882	1043
			1882	1042
			1882	1041
			1881	1040
			1881	1039
			1881	1038
			1880	1037
			1880	1036
			1879	1035
			1879	1034
			1878	1033
			1878	1032
			1878	1031
			1878	1030
			1877	1030
			1877	1029
			1877	1028
			1876	1028
			1876	1027
			1876	1026
			1875	1025
			1875	1024
			1875	1023
			1874	1022
			1874	1021
			1874	1020
			1873	1020
			1873	1019
			1873	1018
			1873	1017
			1872	1017
			1872	1016
			1872	1015
			1871	1014
			1871	1013
			1870	1012
			1870	1011
			1870	1010
			1869	1009
			1869	1008
			1869	1007
			1868	1006
			1868	1005
			1867	1004
			1867	1003
			1867	1002
			1866	1001
			1866	1000
			1866	999
			1865	998
			1865	997
			1865	996
			1864	995
			1864	994
			1863	993
			1863	992
			1863	991
			1862	990
			1862	989
			1862	988
			1861	987
			1861	986
			1861	985
			1860	984
			1860	983
			1859	982
			1859	981
			1859	980
			1858	979
			1858	978
			1858	977
			1857	976
			1857	975
			1857	974
			1856	973
			1856	972
			1855	971
			1855	970
			1855	969
			1854	968
			1854	967
			1854	966
			1853	965
			1853	964
			1853	963
			1852	962
			1852	961
			1851	960
			1851	959
			1851	958
			1850	957
			1850	956
			1850	955
			1849	954
			1849	953
			1849	952
			1848	951
			1848	950
			1847	949
			1847	948
			1847	947
			1846	946
			1846	945
			1846	944
			1846	943
			1845	943
			1845	942
			1845	941
			1844	940
			1844	939
			1844	938
			1843	937
			1843	936
			1843	935
			1842	934
			1842	933
			1842	932
			1841	931
			1841	930
			1840	930
			1839	929
			1838	929
			1837	928
			1836	928
			1835	927
			1834	927
			1833	926
			1832	926
			1831	925
			1830	925
			1829	924
			1828	924
			1828	923
			1827	923
			1826	922
			1825	922
			1824	921
			1823	921
			1822	920
			1821	920
			1820	919
			1819	919
			1818	918
			1817	918
			1816	918
			1815	917
			1814	916
			1813	915
			1812	915
			1811	915
			1811	914
			1810	914
			1809	914
			1809	913
			1808	913
			1807	913
			1807	912
			1806	912
			1805	911
			1804	910
			1803	910
			1802	910
			1801	909
			1800	908
			1799	908
			1798	907
			1797	907
			1796	906
			1795	905
			1794	905
			1793	904
			1792	903
			1791	903
			1790	902
			1789	901
			1788	901
			1787	901
			1787	900
			1786	900
			1785	900
			1785	899
			1784	899
			1784	898
			1783	898
			1782	897
			1781	896
			1780	896
			1779	895
			1778	895
			1777	894
			1776	893
			1775	892
			1774	892
			1773	891
			1772	891
			1772	890
			1771	890
			1770	889
			1769	889
			1768	888
			1768	887
			1767	887
			1766	886
			1765	886
			1764	885
			1763	884
			1762	883
			1761	883
			1760	882
			1759	881
			1758	881
			1757	880
			1757	879
			1756	879
			1755	878
			1754	877
			1753	877
			1752	876
			1751	875
			1751	874
			1750	874
			1749	873
			1748	872
			1747	872
			1746	871
			1746	870
			1745	870
			1744	869
			1743	868
			1742	868
			1742	867
			1741	866
			1740	865
			1739	865
			1738	864
			1738	863
			1737	863
			1736	862
			1735	861
			1734	860
			1733	859
			1732	858
			1731	857
			1730	856
			1729	856
			1729	855
			1728	854
			1727	853
			1726	852
			1725	851
			1725	850
			1724	850
			1723	849
			1722	848
			1721	847
			1721	846
			1720	845
			1719	844
			1718	843
			1717	842
			1716	841
			1715	840
			1715	839
			1714	838
			1713	837
			1712	836
			1711	835
			1711	834
			1710	833
			1709	832
			1708	831
			1708	830
			1707	829
			1706	828
			1706	827
			1705	826
			1705	825
			1704	824
			1703	823
			1703	822
			1702	821
			1702	820
			1702	819
			1701	818
			1701	817
			1701	816
			1701	815
			1700	814
			1700	813
			1700	812
			1700	811
			1700	810
			1700	809
			1700	808
			1700	807
			1700	806
			1700	805
			1700	804
			1701	803
			1701	802
			1701	801
			1701	800
			1702	799
			1702	798
			1702	797
			1702	796
			1703	795
			1703	794
			1704	793
			1704	792
			1705	791
			1705	790
			1706	789
			1706	788
			1707	787
			1707	786
			1708	785
			1709	784
			1709	783
			1710	782
			1711	781
			1711	780
			1712	779
			1713	778
			1714	777
			1714	776
			1715	775
			1716	774
			1717	773
			1718	772
			1718	771
			1719	770
			1720	769
			1721	768
			1722	767
			1723	766
			1724	765
			1725	764
			1726	763
			1727	762
			1728	761
			1729	760
			1730	760
			1731	759
			1732	759
			1732	758
			1733	757
			1734	757
			1734	756
			1735	756
			1736	755
			1737	754
			1738	753
			1739	752
			1740	752
			1741	751
			1742	750
			1743	750
			1744	749
			1745	748
			1746	747
			1747	747
			1748	746
			1749	745
			1750	744
			1751	744
			1752	743
			1753	742
			1754	741
			1755	741
			1756	740
			1757	739
			1758	739
			1759	738
			1760	737
			1761	737
			1762	736
			1763	736
			1764	735
			1765	734
			1766	733
			1767	733
			1768	732
			1769	731
			1770	731
		</C1>
	</curves.pixel>
	<curves.scaled type=list>
		<C1 type=matrix rownames=FALSE colnames=FALSE nrow=583 ncol=2 as.numeric=TRUE >
			4828.43137254902	-3014.70588235294
			4825.98039215686	-3012.25490196078
			4825.98039215686	-3009.80392156863
			4823.52941176471	-3007.35294117647
			4821.07843137255	-3004.90196078431
			4821.07843137255	-3002.45098039216
			4821.07843137255	-3000
			4818.62745098039	-3000
			4818.62745098039	-2997.54901960784
			4818.62745098039	-2995.09803921569
			4816.17647058824	-2992.64705882353
			4813.72549019608	-2990.19607843137
			4813.72549019608	-2987.74509803922
			4811.27450980392	-2985.29411764706
			4811.27450980392	-2982.8431372549
			4808.82352941176	-2980.39215686275
			4808.82352941176	-2977.94117647059
			4806.37254901961	-2977.94117647059
			4806.37254901961	-2975.49019607843
			4806.37254901961	-2973.03921568627
			4803.92156862745	-2970.58823529412
			4803.92156862745	-2968.13725490196
			4801.47058823529	-2965.6862745098
			4799.01960784314	-2963.23529411765
			4799.01960784314	-2960.78431372549
			4796.56862745098	-2958.33333333333
			4796.56862745098	-2955.88235294118
			4794.11764705882	-2953.43137254902
			4794.11764705882	-2950.98039215686
			4791.66666666667	-2948.52941176471
			4789.21568627451	-2946.07843137255
			4789.21568627451	-2943.62745098039
			4786.76470588235	-2941.17647058824
			4786.76470588235	-2938.72549019608
			4784.3137254902	-2936.27450980392
			4784.3137254902	-2933.82352941176
			4784.3137254902	-2931.37254901961
			4781.86274509804	-2931.37254901961
			4781.86274509804	-2928.92156862745
			4781.86274509804	-2926.47058823529
			4779.41176470588	-2926.47058823529
			4779.41176470588	-2924.01960784314
			4776.96078431373	-2921.56862745098
			4776.96078431373	-2919.11764705882
			4774.50980392157	-2916.66666666667
			4774.50980392157	-2914.21568627451
			4774.50980392157	-2911.76470588235
			4772.05882352941	-2911.76470588235
			4772.05882352941	-2909.3137254902
			4769.60784313726	-2906.86274509804
			4769.60784313726	-2904.41176470588
			4767.1568627451	-2901.96078431373
			4767.1568627451	-2899.50980392157
			4764.70588235294	-2897.05882352941
			4764.70588235294	-2894.60784313726
			4762.25490196078	-2892.1568627451
			4762.25490196078	-2889.70588235294
			4759.80392156863	-2887.25490196078
			4759.80392156863	-2884.80392156863
			4757.35294117647	-2882.35294117647
			4757.35294117647	-2879.90196078431
			4757.35294117647	-2877.45098039216
			4754.90196078431	-2877.45098039216
			4754.90196078431	-2875
			4752.45098039216	-2872.54901960784
			4752.45098039216	-2870.09803921569
			4750	-2867.64705882353
			4750	-2865.19607843137
			4747.54901960784	-2862.74509803922
			4747.54901960784	-2860.29411764706
			4745.09803921569	-2857.8431372549
			4745.09803921569	-2855.39215686275
			4742.64705882353	-2852.94117647059
			4742.64705882353	-2850.49019607843
			4740.19607843137	-2848.03921568627
			4740.19607843137	-2845.58823529412
			4740.19607843137	-2843.13725490196
			4737.74509803922	-2840.6862745098
			4737.74509803922	-2838.23529411765
			4735.29411764706	-2835.78431372549
			4735.29411764706	-2833.33333333333
			4732.8431372549	-2830.88235294118
			4732.8431372549	-2828.43137254902
			4730.39215686275	-2825.98039215686
			4730.39215686275	-2823.52941176471
			4727.94117647059	-2821.07843137255
			4727.94117647059	-2818.62745098039
			4725.49019607843	-2816.17647058824
			4725.49019607843	-2813.72549019608
			4723.03921568627	-2813.72549019608
			4723.03921568627	-2811.27450980392
			4723.03921568627	-2808.82352941176
			4720.58823529412	-2806.37254901961
			4720.58823529412	-2803.92156862745
			4718.13725490196	-2801.47058823529
			4718.13725490196	-2799.01960784314
			4715.6862745098	-2796.56862745098
			4715.6862745098	-2794.11764705882
			4713.23529411765	-2791.66666666667
			4713.23529411765	-2789.21568627451
			4710.78431372549	-2786.76470588235
			4710.78431372549	-2784.3137254902
			4708.33333333333	-2781.86274509804
			4708.33333333333	-2779.41176470588
			4705.88235294118	-2776.96078431373
			4705.88235294118	-2774.50980392157
			4705.88235294118	-2772.05882352941
			4703.43137254902	-2769.60784313726
			4703.43137254902	-2767.1568627451
			4700.98039215686	-2764.70588235294
			4700.98039215686	-2762.25490196078
			4700.98039215686	-2759.80392156863
			4698.52941176471	-2757.35294117647
			4698.52941176471	-2754.90196078431
			4696.07843137255	-2752.45098039216
			4696.07843137255	-2750
			4693.62745098039	-2747.54901960784
			4693.62745098039	-2745.09803921569
			4693.62745098039	-2742.64705882353
			4691.17647058824	-2742.64705882353
			4691.17647058824	-2740.19607843137
			4688.72549019608	-2737.74509803922
			4688.72549019608	-2735.29411764706
			4688.72549019608	-2732.8431372549
			4686.27450980392	-2730.39215686275
			4686.27450980392	-2727.94117647059
			4683.82352941176	-2725.49019607843
			4683.82352941176	-2723.03921568627
			4683.82352941176	-2720.58823529412
			4681.37254901961	-2720.58823529412
			4681.37254901961	-2718.13725490196
			4678.92156862745	-2715.6862745098
			4678.92156862745	-2713.23529411765
			4678.92156862745	-2710.78431372549
			4676.47058823529	-2708.33333333333
			4676.47058823529	-2705.88235294118
			4674.01960784314	-2703.43137254902
			4674.01960784314	-2700.98039215686
			4674.01960784314	-2698.52941176471
			4671.56862745098	-2696.07843137255
			4671.56862745098	-2693.62745098039
			4669.11764705882	-2693.62745098039
			4669.11764705882	-2691.17647058824
			4669.11764705882	-2688.72549019608
			4666.66666666667	-2686.27450980392
			4666.66666666667	-2683.82352941176
			4664.21568627451	-2681.37254901961
			4664.21568627451	-2678.92156862745
			4664.21568627451	-2676.47058823529
			4661.76470588235	-2674.01960784314
			4661.76470588235	-2671.56862745098
			4659.3137254902	-2669.11764705882
			4659.3137254902	-2666.66666666667
			4659.3137254902	-2664.21568627451
			4656.86274509804	-2661.76470588235
			4654.41176470588	-2659.3137254902
			4654.41176470588	-2656.86274509804
			4654.41176470588	-2654.41176470588
			4651.96078431373	-2651.96078431373
			4651.96078431373	-2649.50980392157
			4651.96078431373	-2647.05882352941
			4649.50980392157	-2644.60784313726
			4649.50980392157	-2642.1568627451
			4647.05882352941	-2639.70588235294
			4647.05882352941	-2637.25490196078
			4644.60784313726	-2634.80392156863
			4644.60784313726	-2632.35294117647
			4644.60784313726	-2629.90196078431
			4642.1568627451	-2627.45098039216
			4642.1568627451	-2625
			4639.70588235294	-2622.54901960784
			4639.70588235294	-2620.09803921569
			4637.25490196078	-2617.64705882353
			4637.25490196078	-2615.19607843137
			4637.25490196078	-2612.74509803922
			4634.80392156863	-2610.29411764706
			4634.80392156863	-2607.8431372549
			4632.35294117647	-2605.39215686275
			4632.35294117647	-2602.94117647059
			4632.35294117647	-2600.49019607843
			4629.90196078431	-2598.03921568627
			4629.90196078431	-2595.58823529412
			4627.45098039216	-2593.13725490196
			4627.45098039216	-2590.6862745098
			4627.45098039216	-2588.23529411765
			4625	-2585.78431372549
			4625	-2583.33333333333
			4622.54901960784	-2580.88235294118
			4622.54901960784	-2578.43137254902
			4620.09803921569	-2575.98039215686
			4620.09803921569	-2573.52941176471
			4620.09803921569	-2571.07843137255
			4620.09803921569	-2568.62745098039
			4617.64705882353	-2568.62745098039
			4617.64705882353	-2566.17647058824
			4617.64705882353	-2563.72549019608
			4615.19607843137	-2561.27450980392
			4615.19607843137	-2558.82352941176
			4612.74509803922	-2556.37254901961
			4612.74509803922	-2553.92156862745
			4612.74509803922	-2551.47058823529
			4610.29411764706	-2549.01960784314
			4610.29411764706	-2546.56862745098
			4610.29411764706	-2544.11764705882
			4607.8431372549	-2541.66666666667
			4607.8431372549	-2539.21568627451
			4605.39215686275	-2536.76470588235
			4605.39215686275	-2534.3137254902
			4602.94117647059	-2531.86274509804
			4602.94117647059	-2529.41176470588
			4602.94117647059	-2526.96078431373
			4602.94117647059	-2524.50980392157
			4600.49019607843	-2524.50980392157
			4600.49019607843	-2522.05882352941
			4600.49019607843	-2519.60784313726
			4598.03921568627	-2519.60784313726
			4598.03921568627	-2517.1568627451
			4598.03921568627	-2514.70588235294
			4595.58823529412	-2512.25490196078
			4595.58823529412	-2509.80392156863
			4595.58823529412	-2507.35294117647
			4593.13725490196	-2504.90196078431
			4593.13725490196	-2502.45098039216
			4593.13725490196	-2500
			4590.6862745098	-2500
			4590.6862745098	-2497.54901960784
			4590.6862745098	-2495.09803921569
			4590.6862745098	-2492.64705882353
			4588.23529411765	-2492.64705882353
			4588.23529411765	-2490.19607843137
			4588.23529411765	-2487.74509803922
			4585.78431372549	-2485.29411764706
			4585.78431372549	-2482.8431372549
			4583.33333333333	-2480.39215686275
			4583.33333333333	-2477.94117647059
			4583.33333333333	-2475.49019607843
			4580.88235294118	-2473.03921568627
			4580.88235294118	-2470.58823529412
			4580.88235294118	-2468.13725490196
			4578.43137254902	-2465.6862745098
			4578.43137254902	-2463.23529411765
			4575.98039215686	-2460.78431372549
			4575.98039215686	-2458.33333333333
			4575.98039215686	-2455.88235294118
			4573.52941176471	-2453.43137254902
			4573.52941176471	-2450.98039215686
			4573.52941176471	-2448.52941176471
			4571.07843137255	-2446.07843137255
			4571.07843137255	-2443.62745098039
			4571.07843137255	-2441.17647058824
			4568.62745098039	-2438.72549019608
			4568.62745098039	-2436.27450980392
			4566.17647058824	-2433.82352941176
			4566.17647058824	-2431.37254901961
			4566.17647058824	-2428.92156862745
			4563.72549019608	-2426.47058823529
			4563.72549019608	-2424.01960784314
			4563.72549019608	-2421.56862745098
			4561.27450980392	-2419.11764705882
			4561.27450980392	-2416.66666666667
			4561.27450980392	-2414.21568627451
			4558.82352941176	-2411.76470588235
			4558.82352941176	-2409.3137254902
			4556.37254901961	-2406.86274509804
			4556.37254901961	-2404.41176470588
			4556.37254901961	-2401.96078431373
			4553.92156862745	-2399.50980392157
			4553.92156862745	-2397.05882352941
			4553.92156862745	-2394.60784313726
			4551.47058823529	-2392.1568627451
			4551.47058823529	-2389.70588235294
			4551.47058823529	-2387.25490196078
			4549.01960784314	-2384.80392156863
			4549.01960784314	-2382.35294117647
			4546.56862745098	-2379.90196078431
			4546.56862745098	-2377.45098039216
			4546.56862745098	-2375
			4544.11764705882	-2372.54901960784
			4544.11764705882	-2370.09803921569
			4544.11764705882	-2367.64705882353
			4541.66666666667	-2365.19607843137
			4541.66666666667	-2362.74509803922
			4541.66666666667	-2360.29411764706
			4539.21568627451	-2357.8431372549
			4539.21568627451	-2355.39215686275
			4536.76470588235	-2352.94117647059
			4536.76470588235	-2350.49019607843
			4536.76470588235	-2348.03921568627
			4534.3137254902	-2345.58823529412
			4534.3137254902	-2343.13725490196
			4534.3137254902	-2340.6862745098
			4531.86274509804	-2338.23529411765
			4531.86274509804	-2335.78431372549
			4531.86274509804	-2333.33333333333
			4529.41176470588	-2330.88235294118
			4529.41176470588	-2328.43137254902
			4526.96078431373	-2325.98039215686
			4526.96078431373	-2323.52941176471
			4526.96078431373	-2321.07843137255
			4524.50980392157	-2318.62745098039
			4524.50980392157	-2316.17647058824
			4524.50980392157	-2313.72549019608
			4524.50980392157	-2311.27450980392
			4522.05882352941	-2311.27450980392
			4522.05882352941	-2308.82352941176
			4522.05882352941	-2306.37254901961
			4519.60784313726	-2303.92156862745
			4519.60784313726	-2301.47058823529
			4519.60784313726	-2299.01960784314
			4517.1568627451	-2296.56862745098
			4517.1568627451	-2294.11764705882
			4517.1568627451	-2291.66666666667
			4514.70588235294	-2289.21568627451
			4514.70588235294	-2286.76470588235
			4514.70588235294	-2284.3137254902
			4512.25490196078	-2281.86274509804
			4512.25490196078	-2279.41176470588
			4509.80392156863	-2279.41176470588
			4507.35294117647	-2276.96078431373
			4504.90196078431	-2276.96078431373
			4502.45098039216	-2274.50980392157
			4500	-2274.50980392157
			4497.54901960784	-2272.05882352941
			4495.09803921569	-2272.05882352941
			4492.64705882353	-2269.60784313726
			4490.19607843137	-2269.60784313726
			4487.74509803922	-2267.1568627451
			4485.29411764706	-2267.1568627451
			4482.8431372549	-2264.70588235294
			4480.39215686275	-2264.70588235294
			4480.39215686275	-2262.25490196078
			4477.94117647059	-2262.25490196078
			4475.49019607843	-2259.80392156863
			4473.03921568627	-2259.80392156863
			4470.58823529412	-2257.35294117647
			4468.13725490196	-2257.35294117647
			4465.6862745098	-2254.90196078431
			4463.23529411765	-2254.90196078431
			4460.78431372549	-2252.45098039216
			4458.33333333333	-2252.45098039216
			4455.88235294118	-2250
			4453.43137254902	-2250
			4450.98039215686	-2250
			4448.52941176471	-2247.54901960784
			4446.07843137255	-2245.09803921569
			4443.62745098039	-2242.64705882353
			4441.17647058824	-2242.64705882353
			4438.72549019608	-2242.64705882353
			4438.72549019608	-2240.19607843137
			4436.27450980392	-2240.19607843137
			4433.82352941176	-2240.19607843137
			4433.82352941176	-2237.74509803922
			4431.37254901961	-2237.74509803922
			4428.92156862745	-2237.74509803922
			4428.92156862745	-2235.29411764706
			4426.47058823529	-2235.29411764706
			4424.01960784314	-2232.8431372549
			4421.56862745098	-2230.39215686275
			4419.11764705882	-2230.39215686275
			4416.66666666667	-2230.39215686275
			4414.21568627451	-2227.94117647059
			4411.76470588235	-2225.49019607843
			4409.3137254902	-2225.49019607843
			4406.86274509804	-2223.03921568627
			4404.41176470588	-2223.03921568627
			4401.96078431373	-2220.58823529412
			4399.50980392157	-2218.13725490196
			4397.05882352941	-2218.13725490196
			4394.60784313726	-2215.6862745098
			4392.1568627451	-2213.23529411765
			4389.70588235294	-2213.23529411765
			4387.25490196078	-2210.78431372549
			4384.80392156863	-2208.33333333333
			4382.35294117647	-2208.33333333333
			4379.90196078431	-2208.33333333333
			4379.90196078431	-2205.88235294118
			4377.45098039216	-2205.88235294118
			4375	-2205.88235294118
			4375	-2203.43137254902
			4372.54901960784	-2203.43137254902
			4372.54901960784	-2200.98039215686
			4370.09803921569	-2200.98039215686
			4367.64705882353	-2198.52941176471
			4365.19607843137	-2196.07843137255
			4362.74509803922	-2196.07843137255
			4360.29411764706	-2193.62745098039
			4357.8431372549	-2193.62745098039
			4355.39215686275	-2191.17647058824
			4352.94117647059	-2188.72549019608
			4350.49019607843	-2186.27450980392
			4348.03921568627	-2186.27450980392
			4345.58823529412	-2183.82352941176
			4343.13725490196	-2183.82352941176
			4343.13725490196	-2181.37254901961
			4340.6862745098	-2181.37254901961
			4338.23529411765	-2178.92156862745
			4335.78431372549	-2178.92156862745
			4333.33333333333	-2176.47058823529
			4333.33333333333	-2174.01960784314
			4330.88235294118	-2174.01960784314
			4328.43137254902	-2171.56862745098
			4325.98039215686	-2171.56862745098
			4323.52941176471	-2169.11764705882
			4321.07843137255	-2166.66666666667
			4318.62745098039	-2164.21568627451
			4316.17647058824	-2164.21568627451
			4313.72549019608	-2161.76470588235
			4311.27450980392	-2159.3137254902
			4308.82352941176	-2159.3137254902
			4306.37254901961	-2156.86274509804
			4306.37254901961	-2154.41176470588
			4303.92156862745	-2154.41176470588
			4301.47058823529	-2151.96078431373
			4299.01960784314	-2149.50980392157
			4296.56862745098	-2149.50980392157
			4294.11764705882	-2147.05882352941
			4291.66666666667	-2144.60784313726
			4291.66666666667	-2142.1568627451
			4289.21568627451	-2142.1568627451
			4286.76470588235	-2139.70588235294
			4284.3137254902	-2137.25490196078
			4281.86274509804	-2137.25490196078
			4279.41176470588	-2134.80392156863
			4279.41176470588	-2132.35294117647
			4276.96078431373	-2132.35294117647
			4274.50980392157	-2129.90196078431
			4272.05882352941	-2127.45098039216
			4269.60784313726	-2127.45098039216
			4269.60784313726	-2125
			4267.1568627451	-2122.54901960784
			4264.70588235294	-2120.09803921569
			4262.25490196078	-2120.09803921569
			4259.80392156863	-2117.64705882353
			4259.80392156863	-2115.19607843137
			4257.35294117647	-2115.19607843137
			4254.90196078431	-2112.74509803922
			4252.45098039216	-2110.29411764706
			4250	-2107.8431372549
			4247.54901960784	-2105.39215686275
			4245.09803921569	-2102.94117647059
			4242.64705882353	-2100.49019607843
			4240.19607843137	-2098.03921568627
			4237.74509803922	-2098.03921568627
			4237.74509803922	-2095.58823529412
			4235.29411764706	-2093.13725490196
			4232.8431372549	-2090.6862745098
			4230.39215686275	-2088.23529411765
			4227.94117647059	-2085.78431372549
			4227.94117647059	-2083.33333333333
			4225.49019607843	-2083.33333333333
			4223.03921568627	-2080.88235294118
			4220.58823529412	-2078.43137254902
			4218.13725490196	-2075.98039215686
			4218.13725490196	-2073.52941176471
			4215.6862745098	-2071.07843137255
			4213.23529411765	-2068.62745098039
			4210.78431372549	-2066.17647058824
			4208.33333333333	-2063.72549019608
			4205.88235294118	-2061.27450980392
			4203.43137254902	-2058.82352941176
			4203.43137254902	-2056.37254901961
			4200.98039215686	-2053.92156862745
			4198.52941176471	-2051.47058823529
			4196.07843137255	-2049.01960784314
			4193.62745098039	-2046.56862745098
			4193.62745098039	-2044.11764705882
			4191.17647058824	-2041.66666666667
			4188.72549019608	-2039.21568627451
			4186.27450980392	-2036.76470588235
			4186.27450980392	-2034.3137254902
			4183.82352941176	-2031.86274509804
			4181.37254901961	-2029.41176470588
			4181.37254901961	-2026.96078431373
			4178.92156862745	-2024.50980392157
			4178.92156862745	-2022.05882352941
			4176.47058823529	-2019.60784313726
			4174.01960784314	-2017.1568627451
			4174.01960784314	-2014.70588235294
			4171.56862745098	-2012.25490196078
			4171.56862745098	-2009.80392156863
			4171.56862745098	-2007.35294117647
			4169.11764705882	-2004.90196078431
			4169.11764705882	-2002.45098039216
			4169.11764705882	-2000
			4169.11764705882	-1997.54901960784
			4166.66666666667	-1995.09803921569
			4166.66666666667	-1992.64705882353
			4166.66666666667	-1990.19607843137
			4166.66666666667	-1987.74509803922
			4166.66666666667	-1985.29411764706
			4166.66666666667	-1982.8431372549
			4166.66666666667	-1980.39215686275
			4166.66666666667	-1977.94117647059
			4166.66666666667	-1975.49019607843
			4166.66666666667	-1973.03921568627
			4166.66666666667	-1970.58823529412
			4169.11764705882	-1968.13725490196
			4169.11764705882	-1965.6862745098
			4169.11764705882	-1963.23529411765
			4169.11764705882	-1960.78431372549
			4171.56862745098	-1958.33333333333
			4171.56862745098	-1955.88235294118
			4171.56862745098	-1953.43137254902
			4171.56862745098	-1950.98039215686
			4174.01960784314	-1948.52941176471
			4174.01960784314	-1946.07843137255
			4176.47058823529	-1943.62745098039
			4176.47058823529	-1941.17647058824
			4178.92156862745	-1938.72549019608
			4178.92156862745	-1936.27450980392
			4181.37254901961	-1933.82352941176
			4181.37254901961	-1931.37254901961
			4183.82352941176	-1928.92156862745
			4183.82352941176	-1926.47058823529
			4186.27450980392	-1924.01960784314
			4188.72549019608	-1921.56862745098
			4188.72549019608	-1919.11764705882
			4191.17647058824	-1916.66666666667
			4193.62745098039	-1914.21568627451
			4193.62745098039	-1911.76470588235
			4196.07843137255	-1909.3137254902
			4198.52941176471	-1906.86274509804
			4200.98039215686	-1904.41176470588
			4200.98039215686	-1901.96078431373
			4203.43137254902	-1899.50980392157
			4205.88235294118	-1897.05882352941
			4208.33333333333	-1894.60784313726
			4210.78431372549	-1892.1568627451
			4210.78431372549	-1889.70588235294
			4213.23529411765	-1887.25490196078
			4215.6862745098	-1884.80392156863
			4218.13725490196	-1882.35294117647
			4220.58823529412	-1879.90196078431
			4223.03921568627	-1877.45098039216
			4225.49019607843	-1875
			4227.94117647059	-1872.54901960784
			4230.39215686275	-1870.09803921569
			4232.8431372549	-1867.64705882353
			4235.29411764706	-1865.19607843137
			4237.74509803922	-1862.74509803922
			4240.19607843137	-1862.74509803922
			4242.64705882353	-1860.29411764706
			4245.09803921569	-1860.29411764706
			4245.09803921569	-1857.8431372549
			4247.54901960784	-1855.39215686275
			4250	-1855.39215686275
			4250	-1852.94117647059
			4252.45098039216	-1852.94117647059
			4254.90196078431	-1850.49019607843
			4257.35294117647	-1848.03921568627
			4259.80392156863	-1845.58823529412
			4262.25490196078	-1843.13725490196
			4264.70588235294	-1843.13725490196
			4267.1568627451	-1840.6862745098
			4269.60784313726	-1838.23529411765
			4272.05882352941	-1838.23529411765
			4274.50980392157	-1835.78431372549
			4276.96078431373	-1833.33333333333
			4279.41176470588	-1830.88235294118
			4281.86274509804	-1830.88235294118
			4284.3137254902	-1828.43137254902
			4286.76470588235	-1825.98039215686
			4289.21568627451	-1823.52941176471
			4291.66666666667	-1823.52941176471
			4294.11764705882	-1821.07843137255
			4296.56862745098	-1818.62745098039
			4299.01960784314	-1816.17647058824
			4301.47058823529	-1816.17647058824
			4303.92156862745	-1813.72549019608
			4306.37254901961	-1811.27450980392
			4308.82352941176	-1811.27450980392
			4311.27450980392	-1808.82352941176
			4313.72549019608	-1806.37254901961
			4316.17647058824	-1806.37254901961
			4318.62745098039	-1803.92156862745
			4321.07843137255	-1803.92156862745
			4323.52941176471	-1801.47058823529
			4325.98039215686	-1799.01960784314
			4328.43137254902	-1796.56862745098
			4330.88235294118	-1796.56862745098
			4333.33333333333	-1794.11764705882
			4335.78431372549	-1791.66666666667
			4338.23529411765	-1791.66666666667
		</C1>
	</curves.scaled>
	<ruler.points type=matrix rownames=TRUE colnames=FALSE nrow=2 ncol=2 as.numeric=TRUE >
		Ruler point 1	3	1877
		Ruler point 2	105	1877
	</ruler.points>
</shapes>

