<shapes type=list>
	<ruler.pixel type=vector names=FALSE length=1 as.numeric=TRUE >102</ruler.pixel>
	<ruler.interval type=vector names=FALSE length=1 as.numeric=TRUE >250</ruler.interval>
	<scaling.units type=vector names=FALSE length=1 as.numeric=FALSE >nm</scaling.units>
	<scaling type=vector names=FALSE length=1 as.numeric=TRUE >2.45098039215686</scaling>
	<landmarks.pixel type=matrix rownames=TRUE colnames=FALSE nrow=4 ncol=2 as.numeric=TRUE >
		1-TopL	1383	817
		2-TopR	1980	935
		3-BotR	1665	1288
		4-BotL	1611	1257
	</landmarks.pixel>
	<landmarks.scaled type=matrix rownames=TRUE colnames=FALSE nrow=4 ncol=2 as.numeric=TRUE >
		1-TopL	3389.70588235294	-2002.45098039216
		2-TopR	4852.94117647059	-2291.66666666667
		3-BotR	4080.88235294118	-3156.86274509804
		4-BotL	3948.52941176471	-3080.88235294118
	</landmarks.scaled>
	<curves.control type=list>
		<C1 type=matrix rownames=FALSE colnames=FALSE nrow=7 ncol=2 as.numeric=TRUE >
			1383	817
			1462	754
			1598	743
			1674	740
			1800	823
			1955	890
			1980	935
		</C1>
		<C2 type=matrix rownames=FALSE colnames=FALSE nrow=5 ncol=2 as.numeric=TRUE >
			1665	1288
			1686	1320
			1632	1339
			1577	1325
			1611	1257
		</C2>
	</curves.control>
	<curves.pixel type=list>
		<C1 type=matrix rownames=FALSE colnames=FALSE nrow=631 ncol=2 as.numeric=TRUE >
			1383	817
			1384	816
			1385	815
			1386	815
			1387	814
			1388	813
			1389	813
			1390	812
			1390	811
			1391	811
			1392	810
			1393	809
			1394	809
			1395	808
			1396	807
			1397	807
			1398	806
			1399	805
			1400	804
			1401	804
			1402	803
			1403	802
			1404	802
			1405	801
			1406	800
			1407	800
			1408	799
			1409	799
			1409	798
			1410	798
			1411	797
			1412	797
			1413	796
			1414	796
			1414	795
			1415	795
			1416	794
			1417	794
			1418	793
			1419	793
			1419	792
			1420	792
			1421	791
			1422	791
			1423	790
			1424	790
			1425	790
			1425	789
			1426	789
			1427	788
			1428	788
			1429	787
			1430	787
			1431	786
			1432	786
			1433	785
			1434	784
			1435	784
			1436	783
			1437	783
			1438	783
			1438	782
			1439	782
			1440	782
			1441	781
			1442	781
			1443	780
			1444	780
			1445	780
			1446	779
			1447	778
			1448	778
			1449	778
			1450	777
			1451	777
			1452	776
			1453	776
			1454	775
			1455	775
			1456	775
			1457	774
			1458	774
			1459	773
			1460	773
			1461	773
			1462	772
			1463	772
			1464	771
			1465	771
			1466	771
			1467	770
			1468	770
			1469	770
			1470	769
			1471	769
			1472	768
			1473	768
			1474	768
			1475	767
			1476	767
			1477	767
			1478	766
			1479	766
			1480	766
			1481	765
			1482	765
			1483	765
			1484	764
			1485	764
			1486	764
			1487	764
			1488	763
			1489	763
			1490	763
			1491	762
			1492	762
			1493	762
			1494	761
			1495	761
			1496	761
			1497	761
			1498	760
			1499	760
			1500	760
			1501	759
			1502	759
			1503	759
			1504	758
			1505	758
			1506	758
			1507	758
			1508	758
			1508	757
			1509	757
			1510	757
			1511	757
			1512	757
			1513	756
			1514	756
			1515	756
			1516	755
			1517	755
			1518	755
			1519	755
			1520	755
			1521	754
			1522	754
			1523	754
			1524	754
			1525	753
			1526	753
			1527	753
			1528	753
			1529	753
			1530	752
			1531	752
			1532	752
			1533	752
			1534	752
			1535	752
			1536	751
			1537	751
			1538	751
			1539	751
			1540	751
			1541	750
			1542	750
			1543	750
			1544	750
			1545	750
			1546	749
			1547	749
			1548	749
			1549	749
			1550	749
			1551	749
			1552	748
			1553	748
			1554	748
			1555	748
			1556	748
			1557	748
			1558	748
			1559	747
			1560	747
			1561	747
			1562	747
			1563	747
			1564	747
			1565	747
			1566	746
			1567	746
			1568	746
			1569	746
			1570	746
			1571	746
			1572	746
			1573	746
			1574	745
			1575	745
			1576	745
			1577	745
			1578	745
			1579	745
			1580	745
			1581	745
			1582	744
			1583	744
			1584	744
			1585	744
			1586	744
			1587	744
			1588	744
			1589	744
			1590	744
			1591	744
			1592	743
			1593	743
			1594	743
			1595	743
			1596	743
			1597	743
			1598	743
			1599	743
			1600	743
			1601	743
			1602	743
			1603	743
			1604	743
			1605	743
			1606	743
			1607	743
			1608	743
			1609	743
			1610	743
			1611	743
			1612	743
			1613	743
			1614	743
			1615	743
			1616	743
			1617	744
			1618	744
			1619	744
			1620	744
			1621	744
			1622	744
			1623	744
			1624	744
			1625	744
			1626	745
			1627	745
			1628	745
			1629	745
			1630	745
			1631	745
			1632	745
			1633	746
			1634	746
			1635	746
			1636	746
			1637	746
			1638	747
			1639	747
			1640	747
			1641	747
			1642	748
			1643	748
			1644	748
			1645	748
			1646	748
			1647	749
			1648	749
			1649	749
			1650	749
			1651	750
			1652	750
			1653	750
			1654	751
			1655	751
			1656	751
			1657	751
			1658	752
			1659	752
			1660	752
			1661	753
			1662	753
			1663	753
			1664	753
			1665	754
			1666	754
			1667	754
			1668	755
			1669	755
			1670	755
			1671	756
			1672	756
			1673	756
			1673	757
			1674	757
			1675	757
			1676	758
			1677	758
			1678	758
			1679	759
			1680	759
			1681	760
			1682	760
			1683	760
			1684	761
			1685	761
			1686	761
			1687	762
			1688	762
			1689	763
			1690	763
			1691	763
			1692	764
			1693	764
			1694	765
			1695	765
			1696	765
			1696	766
			1697	766
			1698	766
			1699	767
			1700	767
			1701	768
			1702	768
			1703	768
			1704	769
			1705	769
			1706	770
			1707	770
			1708	771
			1709	771
			1710	772
			1711	772
			1712	773
			1713	773
			1714	774
			1715	774
			1716	774
			1717	775
			1718	776
			1719	776
			1720	777
			1721	777
			1722	778
			1723	778
			1724	779
			1725	779
			1726	780
			1727	780
			1728	781
			1729	781
			1730	782
			1731	782
			1732	783
			1733	783
			1734	784
			1735	784
			1736	785
			1737	785
			1738	786
			1739	786
			1740	787
			1741	788
			1742	788
			1743	789
			1744	789
			1745	790
			1746	790
			1747	791
			1748	791
			1749	792
			1750	792
			1750	793
			1751	793
			1752	793
			1752	794
			1753	794
			1754	795
			1755	795
			1756	796
			1757	796
			1758	797
			1759	798
			1760	798
			1761	799
			1762	799
			1763	800
			1764	800
			1765	801
			1766	801
			1767	802
			1768	803
			1769	804
			1770	804
			1771	805
			1772	805
			1773	806
			1774	807
			1775	807
			1776	808
			1777	808
			1777	809
			1778	809
			1779	810
			1780	810
			1781	811
			1782	811
			1782	812
			1783	812
			1784	813
			1785	813
			1786	814
			1787	815
			1788	815
			1789	816
			1790	817
			1791	817
			1792	818
			1793	819
			1794	819
			1795	820
			1796	821
			1797	821
			1798	822
			1799	823
			1800	823
			1801	824
			1802	824
			1803	824
			1804	825
			1805	825
			1806	826
			1807	826
			1808	826
			1809	827
			1810	828
			1811	828
			1812	828
			1813	829
			1814	829
			1815	830
			1816	830
			1817	830
			1818	831
			1819	832
			1820	832
			1821	832
			1822	833
			1823	833
			1824	834
			1825	834
			1826	834
			1827	835
			1828	836
			1829	836
			1830	836
			1831	837
			1832	837
			1833	838
			1834	838
			1835	839
			1836	839
			1837	840
			1838	840
			1839	841
			1840	841
			1841	842
			1842	842
			1843	842
			1844	843
			1845	843
			1846	844
			1847	844
			1848	845
			1849	845
			1850	846
			1851	846
			1852	847
			1853	847
			1854	848
			1855	848
			1856	848
			1857	849
			1858	849
			1859	850
			1860	851
			1861	851
			1862	852
			1863	852
			1864	852
			1865	853
			1866	854
			1867	854
			1868	854
			1868	855
			1869	855
			1870	855
			1871	856
			1872	856
			1872	857
			1873	857
			1874	857
			1875	858
			1876	858
			1877	859
			1878	860
			1879	860
			1880	861
			1881	861
			1882	862
			1883	862
			1884	862
			1884	863
			1885	863
			1886	864
			1887	864
			1888	865
			1889	865
			1889	866
			1890	866
			1891	866
			1892	867
			1893	867
			1894	868
			1895	869
			1896	869
			1897	870
			1898	870
			1899	871
			1900	871
			1901	872
			1902	872
			1903	873
			1904	873
			1905	874
			1906	874
			1906	875
			1907	875
			1908	876
			1909	876
			1910	877
			1911	878
			1912	878
			1913	879
			1914	879
			1914	880
			1915	880
			1916	881
			1917	881
			1918	882
			1919	882
			1919	883
			1920	883
			1921	884
			1922	884
			1923	885
			1924	885
			1924	886
			1925	886
			1926	887
			1927	887
			1927	888
			1928	888
			1929	889
			1930	889
			1931	890
			1932	891
			1933	891
			1934	892
			1935	892
			1936	893
			1936	894
			1937	894
			1938	895
			1939	895
			1940	896
			1941	896
			1941	897
			1942	898
			1943	898
			1944	899
			1945	899
			1945	900
			1946	900
			1947	901
			1948	902
			1949	903
			1950	903
			1951	904
			1952	905
			1953	905
			1953	906
			1954	907
			1955	907
			1956	908
			1957	909
			1958	910
			1959	911
			1960	912
			1961	912
			1962	913
			1962	914
			1963	915
			1964	915
			1965	916
			1966	917
			1966	918
			1967	919
			1968	919
			1969	920
			1969	921
			1970	922
			1971	922
			1971	923
			1972	924
			1973	925
			1974	926
			1975	927
			1976	928
			1976	929
			1977	930
			1977	931
			1978	932
			1979	933
			1980	934
			1980	935
		</C1>
		<C2 type=matrix rownames=FALSE colnames=FALSE nrow=173 ncol=2 as.numeric=TRUE >
			1665	1288
			1665	1289
			1666	1289
			1666	1290
			1667	1291
			1667	1292
			1668	1292
			1668	1293
			1668	1294
			1669	1294
			1669	1295
			1669	1296
			1669	1297
			1670	1297
			1670	1298
			1670	1299
			1670	1300
			1671	1301
			1671	1302
			1671	1303
			1671	1304
			1671	1305
			1671	1306
			1671	1307
			1671	1308
			1670	1309
			1670	1310
			1670	1311
			1670	1312
			1669	1312
			1669	1313
			1669	1314
			1668	1315
			1668	1316
			1667	1317
			1667	1318
			1666	1318
			1665	1319
			1665	1320
			1664	1321
			1663	1322
			1662	1322
			1662	1323
			1661	1324
			1660	1325
			1659	1326
			1658	1326
			1657	1327
			1656	1328
			1655	1329
			1654	1329
			1653	1329
			1652	1330
			1651	1331
			1650	1331
			1649	1332
			1648	1332
			1647	1333
			1646	1333
			1645	1334
			1644	1334
			1643	1335
			1642	1335
			1641	1336
			1640	1336
			1639	1336
			1638	1337
			1637	1337
			1636	1338
			1635	1338
			1634	1338
			1633	1339
			1632	1339
			1631	1339
			1630	1338
			1629	1338
			1628	1338
			1627	1338
			1627	1337
			1626	1337
			1625	1337
			1624	1337
			1623	1336
			1622	1336
			1621	1335
			1620	1335
			1619	1334
			1618	1334
			1617	1333
			1616	1333
			1615	1332
			1614	1331
			1613	1331
			1612	1330
			1611	1329
			1610	1329
			1609	1328
			1609	1327
			1608	1327
			1607	1326
			1607	1325
			1606	1324
			1605	1324
			1605	1323
			1604	1322
			1603	1321
			1603	1320
			1602	1320
			1602	1319
			1602	1318
			1601	1317
			1601	1316
			1600	1315
			1600	1314
			1600	1313
			1599	1312
			1599	1311
			1599	1310
			1599	1309
			1599	1308
			1598	1307
			1598	1306
			1598	1305
			1598	1304
			1598	1303
			1598	1302
			1598	1301
			1598	1300
			1598	1299
			1598	1298
			1598	1297
			1598	1296
			1598	1295
			1598	1294
			1599	1293
			1599	1292
			1599	1291
			1599	1290
			1599	1289
			1599	1288
			1600	1288
			1600	1287
			1600	1286
			1600	1285
			1600	1284
			1601	1283
			1601	1282
			1601	1281
			1602	1280
			1602	1279
			1602	1278
			1602	1277
			1603	1276
			1603	1275
			1603	1274
			1604	1274
			1604	1273
			1604	1272
			1605	1271
			1605	1270
			1606	1269
			1606	1268
			1606	1267
			1607	1266
			1607	1265
			1608	1264
			1608	1263
			1609	1262
			1609	1261
			1610	1260
			1610	1259
			1611	1258
			1611	1257
		</C2>
	</curves.pixel>
	<curves.scaled type=list>
		<C1 type=matrix rownames=FALSE colnames=FALSE nrow=631 ncol=2 as.numeric=TRUE >
			3389.70588235294	-2002.45098039216
			3392.1568627451	-2000
			3394.60784313726	-1997.54901960784
			3397.05882352941	-1997.54901960784
			3399.50980392157	-1995.09803921569
			3401.96078431373	-1992.64705882353
			3404.41176470588	-1992.64705882353
			3406.86274509804	-1990.19607843137
			3406.86274509804	-1987.74509803922
			3409.3137254902	-1987.74509803922
			3411.76470588235	-1985.29411764706
			3414.21568627451	-1982.8431372549
			3416.66666666667	-1982.8431372549
			3419.11764705882	-1980.39215686275
			3421.56862745098	-1977.94117647059
			3424.01960784314	-1977.94117647059
			3426.47058823529	-1975.49019607843
			3428.92156862745	-1973.03921568627
			3431.37254901961	-1970.58823529412
			3433.82352941176	-1970.58823529412
			3436.27450980392	-1968.13725490196
			3438.72549019608	-1965.6862745098
			3441.17647058824	-1965.6862745098
			3443.62745098039	-1963.23529411765
			3446.07843137255	-1960.78431372549
			3448.52941176471	-1960.78431372549
			3450.98039215686	-1958.33333333333
			3453.43137254902	-1958.33333333333
			3453.43137254902	-1955.88235294118
			3455.88235294118	-1955.88235294118
			3458.33333333333	-1953.43137254902
			3460.78431372549	-1953.43137254902
			3463.23529411765	-1950.98039215686
			3465.6862745098	-1950.98039215686
			3465.6862745098	-1948.52941176471
			3468.13725490196	-1948.52941176471
			3470.58823529412	-1946.07843137255
			3473.03921568627	-1946.07843137255
			3475.49019607843	-1943.62745098039
			3477.94117647059	-1943.62745098039
			3477.94117647059	-1941.17647058824
			3480.39215686275	-1941.17647058824
			3482.8431372549	-1938.72549019608
			3485.29411764706	-1938.72549019608
			3487.74509803922	-1936.27450980392
			3490.19607843137	-1936.27450980392
			3492.64705882353	-1936.27450980392
			3492.64705882353	-1933.82352941176
			3495.09803921569	-1933.82352941176
			3497.54901960784	-1931.37254901961
			3500	-1931.37254901961
			3502.45098039216	-1928.92156862745
			3504.90196078431	-1928.92156862745
			3507.35294117647	-1926.47058823529
			3509.80392156863	-1926.47058823529
			3512.25490196078	-1924.01960784314
			3514.70588235294	-1921.56862745098
			3517.1568627451	-1921.56862745098
			3519.60784313726	-1919.11764705882
			3522.05882352941	-1919.11764705882
			3524.50980392157	-1919.11764705882
			3524.50980392157	-1916.66666666667
			3526.96078431373	-1916.66666666667
			3529.41176470588	-1916.66666666667
			3531.86274509804	-1914.21568627451
			3534.3137254902	-1914.21568627451
			3536.76470588235	-1911.76470588235
			3539.21568627451	-1911.76470588235
			3541.66666666667	-1911.76470588235
			3544.11764705882	-1909.3137254902
			3546.56862745098	-1906.86274509804
			3549.01960784314	-1906.86274509804
			3551.47058823529	-1906.86274509804
			3553.92156862745	-1904.41176470588
			3556.37254901961	-1904.41176470588
			3558.82352941176	-1901.96078431373
			3561.27450980392	-1901.96078431373
			3563.72549019608	-1899.50980392157
			3566.17647058824	-1899.50980392157
			3568.62745098039	-1899.50980392157
			3571.07843137255	-1897.05882352941
			3573.52941176471	-1897.05882352941
			3575.98039215686	-1894.60784313726
			3578.43137254902	-1894.60784313726
			3580.88235294118	-1894.60784313726
			3583.33333333333	-1892.1568627451
			3585.78431372549	-1892.1568627451
			3588.23529411765	-1889.70588235294
			3590.6862745098	-1889.70588235294
			3593.13725490196	-1889.70588235294
			3595.58823529412	-1887.25490196078
			3598.03921568627	-1887.25490196078
			3600.49019607843	-1887.25490196078
			3602.94117647059	-1884.80392156863
			3605.39215686275	-1884.80392156863
			3607.8431372549	-1882.35294117647
			3610.29411764706	-1882.35294117647
			3612.74509803922	-1882.35294117647
			3615.19607843137	-1879.90196078431
			3617.64705882353	-1879.90196078431
			3620.09803921569	-1879.90196078431
			3622.54901960784	-1877.45098039216
			3625	-1877.45098039216
			3627.45098039216	-1877.45098039216
			3629.90196078431	-1875
			3632.35294117647	-1875
			3634.80392156863	-1875
			3637.25490196078	-1872.54901960784
			3639.70588235294	-1872.54901960784
			3642.1568627451	-1872.54901960784
			3644.60784313726	-1872.54901960784
			3647.05882352941	-1870.09803921569
			3649.50980392157	-1870.09803921569
			3651.96078431373	-1870.09803921569
			3654.41176470588	-1867.64705882353
			3656.86274509804	-1867.64705882353
			3659.3137254902	-1867.64705882353
			3661.76470588235	-1865.19607843137
			3664.21568627451	-1865.19607843137
			3666.66666666667	-1865.19607843137
			3669.11764705882	-1865.19607843137
			3671.56862745098	-1862.74509803922
			3674.01960784314	-1862.74509803922
			3676.47058823529	-1862.74509803922
			3678.92156862745	-1860.29411764706
			3681.37254901961	-1860.29411764706
			3683.82352941176	-1860.29411764706
			3686.27450980392	-1857.8431372549
			3688.72549019608	-1857.8431372549
			3691.17647058824	-1857.8431372549
			3693.62745098039	-1857.8431372549
			3696.07843137255	-1857.8431372549
			3696.07843137255	-1855.39215686275
			3698.52941176471	-1855.39215686275
			3700.98039215686	-1855.39215686275
			3703.43137254902	-1855.39215686275
			3705.88235294118	-1855.39215686275
			3708.33333333333	-1852.94117647059
			3710.78431372549	-1852.94117647059
			3713.23529411765	-1852.94117647059
			3715.6862745098	-1850.49019607843
			3718.13725490196	-1850.49019607843
			3720.58823529412	-1850.49019607843
			3723.03921568627	-1850.49019607843
			3725.49019607843	-1850.49019607843
			3727.94117647059	-1848.03921568627
			3730.39215686275	-1848.03921568627
			3732.8431372549	-1848.03921568627
			3735.29411764706	-1848.03921568627
			3737.74509803922	-1845.58823529412
			3740.19607843137	-1845.58823529412
			3742.64705882353	-1845.58823529412
			3745.09803921569	-1845.58823529412
			3747.54901960784	-1845.58823529412
			3750	-1843.13725490196
			3752.45098039216	-1843.13725490196
			3754.90196078431	-1843.13725490196
			3757.35294117647	-1843.13725490196
			3759.80392156863	-1843.13725490196
			3762.25490196078	-1843.13725490196
			3764.70588235294	-1840.6862745098
			3767.1568627451	-1840.6862745098
			3769.60784313726	-1840.6862745098
			3772.05882352941	-1840.6862745098
			3774.50980392157	-1840.6862745098
			3776.96078431373	-1838.23529411765
			3779.41176470588	-1838.23529411765
			3781.86274509804	-1838.23529411765
			3784.3137254902	-1838.23529411765
			3786.76470588235	-1838.23529411765
			3789.21568627451	-1835.78431372549
			3791.66666666667	-1835.78431372549
			3794.11764705882	-1835.78431372549
			3796.56862745098	-1835.78431372549
			3799.01960784314	-1835.78431372549
			3801.47058823529	-1835.78431372549
			3803.92156862745	-1833.33333333333
			3806.37254901961	-1833.33333333333
			3808.82352941176	-1833.33333333333
			3811.27450980392	-1833.33333333333
			3813.72549019608	-1833.33333333333
			3816.17647058824	-1833.33333333333
			3818.62745098039	-1833.33333333333
			3821.07843137255	-1830.88235294118
			3823.52941176471	-1830.88235294118
			3825.98039215686	-1830.88235294118
			3828.43137254902	-1830.88235294118
			3830.88235294118	-1830.88235294118
			3833.33333333333	-1830.88235294118
			3835.78431372549	-1830.88235294118
			3838.23529411765	-1828.43137254902
			3840.6862745098	-1828.43137254902
			3843.13725490196	-1828.43137254902
			3845.58823529412	-1828.43137254902
			3848.03921568627	-1828.43137254902
			3850.49019607843	-1828.43137254902
			3852.94117647059	-1828.43137254902
			3855.39215686275	-1828.43137254902
			3857.8431372549	-1825.98039215686
			3860.29411764706	-1825.98039215686
			3862.74509803922	-1825.98039215686
			3865.19607843137	-1825.98039215686
			3867.64705882353	-1825.98039215686
			3870.09803921569	-1825.98039215686
			3872.54901960784	-1825.98039215686
			3875	-1825.98039215686
			3877.45098039216	-1823.52941176471
			3879.90196078431	-1823.52941176471
			3882.35294117647	-1823.52941176471
			3884.80392156863	-1823.52941176471
			3887.25490196078	-1823.52941176471
			3889.70588235294	-1823.52941176471
			3892.1568627451	-1823.52941176471
			3894.60784313726	-1823.52941176471
			3897.05882352941	-1823.52941176471
			3899.50980392157	-1823.52941176471
			3901.96078431373	-1821.07843137255
			3904.41176470588	-1821.07843137255
			3906.86274509804	-1821.07843137255
			3909.3137254902	-1821.07843137255
			3911.76470588235	-1821.07843137255
			3914.21568627451	-1821.07843137255
			3916.66666666667	-1821.07843137255
			3919.11764705882	-1821.07843137255
			3921.56862745098	-1821.07843137255
			3924.01960784314	-1821.07843137255
			3926.47058823529	-1821.07843137255
			3928.92156862745	-1821.07843137255
			3931.37254901961	-1821.07843137255
			3933.82352941176	-1821.07843137255
			3936.27450980392	-1821.07843137255
			3938.72549019608	-1821.07843137255
			3941.17647058824	-1821.07843137255
			3943.62745098039	-1821.07843137255
			3946.07843137255	-1821.07843137255
			3948.52941176471	-1821.07843137255
			3950.98039215686	-1821.07843137255
			3953.43137254902	-1821.07843137255
			3955.88235294118	-1821.07843137255
			3958.33333333333	-1821.07843137255
			3960.78431372549	-1821.07843137255
			3963.23529411765	-1823.52941176471
			3965.6862745098	-1823.52941176471
			3968.13725490196	-1823.52941176471
			3970.58823529412	-1823.52941176471
			3973.03921568627	-1823.52941176471
			3975.49019607843	-1823.52941176471
			3977.94117647059	-1823.52941176471
			3980.39215686275	-1823.52941176471
			3982.8431372549	-1823.52941176471
			3985.29411764706	-1825.98039215686
			3987.74509803922	-1825.98039215686
			3990.19607843137	-1825.98039215686
			3992.64705882353	-1825.98039215686
			3995.09803921569	-1825.98039215686
			3997.54901960784	-1825.98039215686
			4000	-1825.98039215686
			4002.45098039216	-1828.43137254902
			4004.90196078431	-1828.43137254902
			4007.35294117647	-1828.43137254902
			4009.80392156863	-1828.43137254902
			4012.25490196078	-1828.43137254902
			4014.70588235294	-1830.88235294118
			4017.1568627451	-1830.88235294118
			4019.60784313726	-1830.88235294118
			4022.05882352941	-1830.88235294118
			4024.50980392157	-1833.33333333333
			4026.96078431373	-1833.33333333333
			4029.41176470588	-1833.33333333333
			4031.86274509804	-1833.33333333333
			4034.3137254902	-1833.33333333333
			4036.76470588235	-1835.78431372549
			4039.21568627451	-1835.78431372549
			4041.66666666667	-1835.78431372549
			4044.11764705882	-1835.78431372549
			4046.56862745098	-1838.23529411765
			4049.01960784314	-1838.23529411765
			4051.47058823529	-1838.23529411765
			4053.92156862745	-1840.6862745098
			4056.37254901961	-1840.6862745098
			4058.82352941176	-1840.6862745098
			4061.27450980392	-1840.6862745098
			4063.72549019608	-1843.13725490196
			4066.17647058824	-1843.13725490196
			4068.62745098039	-1843.13725490196
			4071.07843137255	-1845.58823529412
			4073.52941176471	-1845.58823529412
			4075.98039215686	-1845.58823529412
			4078.43137254902	-1845.58823529412
			4080.88235294118	-1848.03921568627
			4083.33333333333	-1848.03921568627
			4085.78431372549	-1848.03921568627
			4088.23529411765	-1850.49019607843
			4090.6862745098	-1850.49019607843
			4093.13725490196	-1850.49019607843
			4095.58823529412	-1852.94117647059
			4098.03921568627	-1852.94117647059
			4100.49019607843	-1852.94117647059
			4100.49019607843	-1855.39215686275
			4102.94117647059	-1855.39215686275
			4105.39215686275	-1855.39215686275
			4107.8431372549	-1857.8431372549
			4110.29411764706	-1857.8431372549
			4112.74509803922	-1857.8431372549
			4115.19607843137	-1860.29411764706
			4117.64705882353	-1860.29411764706
			4120.09803921569	-1862.74509803922
			4122.54901960784	-1862.74509803922
			4125	-1862.74509803922
			4127.45098039216	-1865.19607843137
			4129.90196078431	-1865.19607843137
			4132.35294117647	-1865.19607843137
			4134.80392156863	-1867.64705882353
			4137.25490196078	-1867.64705882353
			4139.70588235294	-1870.09803921569
			4142.1568627451	-1870.09803921569
			4144.60784313726	-1870.09803921569
			4147.05882352941	-1872.54901960784
			4149.50980392157	-1872.54901960784
			4151.96078431373	-1875
			4154.41176470588	-1875
			4156.86274509804	-1875
			4156.86274509804	-1877.45098039216
			4159.3137254902	-1877.45098039216
			4161.76470588235	-1877.45098039216
			4164.21568627451	-1879.90196078431
			4166.66666666667	-1879.90196078431
			4169.11764705882	-1882.35294117647
			4171.56862745098	-1882.35294117647
			4174.01960784314	-1882.35294117647
			4176.47058823529	-1884.80392156863
			4178.92156862745	-1884.80392156863
			4181.37254901961	-1887.25490196078
			4183.82352941176	-1887.25490196078
			4186.27450980392	-1889.70588235294
			4188.72549019608	-1889.70588235294
			4191.17647058824	-1892.1568627451
			4193.62745098039	-1892.1568627451
			4196.07843137255	-1894.60784313726
			4198.52941176471	-1894.60784313726
			4200.98039215686	-1897.05882352941
			4203.43137254902	-1897.05882352941
			4205.88235294118	-1897.05882352941
			4208.33333333333	-1899.50980392157
			4210.78431372549	-1901.96078431373
			4213.23529411765	-1901.96078431373
			4215.6862745098	-1904.41176470588
			4218.13725490196	-1904.41176470588
			4220.58823529412	-1906.86274509804
			4223.03921568627	-1906.86274509804
			4225.49019607843	-1909.3137254902
			4227.94117647059	-1909.3137254902
			4230.39215686275	-1911.76470588235
			4232.8431372549	-1911.76470588235
			4235.29411764706	-1914.21568627451
			4237.74509803922	-1914.21568627451
			4240.19607843137	-1916.66666666667
			4242.64705882353	-1916.66666666667
			4245.09803921569	-1919.11764705882
			4247.54901960784	-1919.11764705882
			4250	-1921.56862745098
			4252.45098039216	-1921.56862745098
			4254.90196078431	-1924.01960784314
			4257.35294117647	-1924.01960784314
			4259.80392156863	-1926.47058823529
			4262.25490196078	-1926.47058823529
			4264.70588235294	-1928.92156862745
			4267.1568627451	-1931.37254901961
			4269.60784313726	-1931.37254901961
			4272.05882352941	-1933.82352941176
			4274.50980392157	-1933.82352941176
			4276.96078431373	-1936.27450980392
			4279.41176470588	-1936.27450980392
			4281.86274509804	-1938.72549019608
			4284.3137254902	-1938.72549019608
			4286.76470588235	-1941.17647058824
			4289.21568627451	-1941.17647058824
			4289.21568627451	-1943.62745098039
			4291.66666666667	-1943.62745098039
			4294.11764705882	-1943.62745098039
			4294.11764705882	-1946.07843137255
			4296.56862745098	-1946.07843137255
			4299.01960784314	-1948.52941176471
			4301.47058823529	-1948.52941176471
			4303.92156862745	-1950.98039215686
			4306.37254901961	-1950.98039215686
			4308.82352941176	-1953.43137254902
			4311.27450980392	-1955.88235294118
			4313.72549019608	-1955.88235294118
			4316.17647058824	-1958.33333333333
			4318.62745098039	-1958.33333333333
			4321.07843137255	-1960.78431372549
			4323.52941176471	-1960.78431372549
			4325.98039215686	-1963.23529411765
			4328.43137254902	-1963.23529411765
			4330.88235294118	-1965.6862745098
			4333.33333333333	-1968.13725490196
			4335.78431372549	-1970.58823529412
			4338.23529411765	-1970.58823529412
			4340.6862745098	-1973.03921568627
			4343.13725490196	-1973.03921568627
			4345.58823529412	-1975.49019607843
			4348.03921568627	-1977.94117647059
			4350.49019607843	-1977.94117647059
			4352.94117647059	-1980.39215686275
			4355.39215686275	-1980.39215686275
			4355.39215686275	-1982.8431372549
			4357.8431372549	-1982.8431372549
			4360.29411764706	-1985.29411764706
			4362.74509803922	-1985.29411764706
			4365.19607843137	-1987.74509803922
			4367.64705882353	-1987.74509803922
			4367.64705882353	-1990.19607843137
			4370.09803921569	-1990.19607843137
			4372.54901960784	-1992.64705882353
			4375	-1992.64705882353
			4377.45098039216	-1995.09803921569
			4379.90196078431	-1997.54901960784
			4382.35294117647	-1997.54901960784
			4384.80392156863	-2000
			4387.25490196078	-2002.45098039216
			4389.70588235294	-2002.45098039216
			4392.1568627451	-2004.90196078431
			4394.60784313726	-2007.35294117647
			4397.05882352941	-2007.35294117647
			4399.50980392157	-2009.80392156863
			4401.96078431373	-2012.25490196078
			4404.41176470588	-2012.25490196078
			4406.86274509804	-2014.70588235294
			4409.3137254902	-2017.1568627451
			4411.76470588235	-2017.1568627451
			4414.21568627451	-2019.60784313726
			4416.66666666667	-2019.60784313726
			4419.11764705882	-2019.60784313726
			4421.56862745098	-2022.05882352941
			4424.01960784314	-2022.05882352941
			4426.47058823529	-2024.50980392157
			4428.92156862745	-2024.50980392157
			4431.37254901961	-2024.50980392157
			4433.82352941176	-2026.96078431373
			4436.27450980392	-2029.41176470588
			4438.72549019608	-2029.41176470588
			4441.17647058824	-2029.41176470588
			4443.62745098039	-2031.86274509804
			4446.07843137255	-2031.86274509804
			4448.52941176471	-2034.3137254902
			4450.98039215686	-2034.3137254902
			4453.43137254902	-2034.3137254902
			4455.88235294118	-2036.76470588235
			4458.33333333333	-2039.21568627451
			4460.78431372549	-2039.21568627451
			4463.23529411765	-2039.21568627451
			4465.6862745098	-2041.66666666667
			4468.13725490196	-2041.66666666667
			4470.58823529412	-2044.11764705882
			4473.03921568627	-2044.11764705882
			4475.49019607843	-2044.11764705882
			4477.94117647059	-2046.56862745098
			4480.39215686275	-2049.01960784314
			4482.8431372549	-2049.01960784314
			4485.29411764706	-2049.01960784314
			4487.74509803922	-2051.47058823529
			4490.19607843137	-2051.47058823529
			4492.64705882353	-2053.92156862745
			4495.09803921569	-2053.92156862745
			4497.54901960784	-2056.37254901961
			4500	-2056.37254901961
			4502.45098039216	-2058.82352941176
			4504.90196078431	-2058.82352941176
			4507.35294117647	-2061.27450980392
			4509.80392156863	-2061.27450980392
			4512.25490196078	-2063.72549019608
			4514.70588235294	-2063.72549019608
			4517.1568627451	-2063.72549019608
			4519.60784313726	-2066.17647058824
			4522.05882352941	-2066.17647058824
			4524.50980392157	-2068.62745098039
			4526.96078431373	-2068.62745098039
			4529.41176470588	-2071.07843137255
			4531.86274509804	-2071.07843137255
			4534.3137254902	-2073.52941176471
			4536.76470588235	-2073.52941176471
			4539.21568627451	-2075.98039215686
			4541.66666666667	-2075.98039215686
			4544.11764705882	-2078.43137254902
			4546.56862745098	-2078.43137254902
			4549.01960784314	-2078.43137254902
			4551.47058823529	-2080.88235294118
			4553.92156862745	-2080.88235294118
			4556.37254901961	-2083.33333333333
			4558.82352941176	-2085.78431372549
			4561.27450980392	-2085.78431372549
			4563.72549019608	-2088.23529411765
			4566.17647058824	-2088.23529411765
			4568.62745098039	-2088.23529411765
			4571.07843137255	-2090.6862745098
			4573.52941176471	-2093.13725490196
			4575.98039215686	-2093.13725490196
			4578.43137254902	-2093.13725490196
			4578.43137254902	-2095.58823529412
			4580.88235294118	-2095.58823529412
			4583.33333333333	-2095.58823529412
			4585.78431372549	-2098.03921568627
			4588.23529411765	-2098.03921568627
			4588.23529411765	-2100.49019607843
			4590.6862745098	-2100.49019607843
			4593.13725490196	-2100.49019607843
			4595.58823529412	-2102.94117647059
			4598.03921568627	-2102.94117647059
			4600.49019607843	-2105.39215686275
			4602.94117647059	-2107.8431372549
			4605.39215686275	-2107.8431372549
			4607.8431372549	-2110.29411764706
			4610.29411764706	-2110.29411764706
			4612.74509803922	-2112.74509803922
			4615.19607843137	-2112.74509803922
			4617.64705882353	-2112.74509803922
			4617.64705882353	-2115.19607843137
			4620.09803921569	-2115.19607843137
			4622.54901960784	-2117.64705882353
			4625	-2117.64705882353
			4627.45098039216	-2120.09803921569
			4629.90196078431	-2120.09803921569
			4629.90196078431	-2122.54901960784
			4632.35294117647	-2122.54901960784
			4634.80392156863	-2122.54901960784
			4637.25490196078	-2125
			4639.70588235294	-2125
			4642.1568627451	-2127.45098039216
			4644.60784313726	-2129.90196078431
			4647.05882352941	-2129.90196078431
			4649.50980392157	-2132.35294117647
			4651.96078431373	-2132.35294117647
			4654.41176470588	-2134.80392156863
			4656.86274509804	-2134.80392156863
			4659.3137254902	-2137.25490196078
			4661.76470588235	-2137.25490196078
			4664.21568627451	-2139.70588235294
			4666.66666666667	-2139.70588235294
			4669.11764705882	-2142.1568627451
			4671.56862745098	-2142.1568627451
			4671.56862745098	-2144.60784313726
			4674.01960784314	-2144.60784313726
			4676.47058823529	-2147.05882352941
			4678.92156862745	-2147.05882352941
			4681.37254901961	-2149.50980392157
			4683.82352941176	-2151.96078431373
			4686.27450980392	-2151.96078431373
			4688.72549019608	-2154.41176470588
			4691.17647058824	-2154.41176470588
			4691.17647058824	-2156.86274509804
			4693.62745098039	-2156.86274509804
			4696.07843137255	-2159.3137254902
			4698.52941176471	-2159.3137254902
			4700.98039215686	-2161.76470588235
			4703.43137254902	-2161.76470588235
			4703.43137254902	-2164.21568627451
			4705.88235294118	-2164.21568627451
			4708.33333333333	-2166.66666666667
			4710.78431372549	-2166.66666666667
			4713.23529411765	-2169.11764705882
			4715.6862745098	-2169.11764705882
			4715.6862745098	-2171.56862745098
			4718.13725490196	-2171.56862745098
			4720.58823529412	-2174.01960784314
			4723.03921568627	-2174.01960784314
			4723.03921568627	-2176.47058823529
			4725.49019607843	-2176.47058823529
			4727.94117647059	-2178.92156862745
			4730.39215686275	-2178.92156862745
			4732.8431372549	-2181.37254901961
			4735.29411764706	-2183.82352941176
			4737.74509803922	-2183.82352941176
			4740.19607843137	-2186.27450980392
			4742.64705882353	-2186.27450980392
			4745.09803921569	-2188.72549019608
			4745.09803921569	-2191.17647058824
			4747.54901960784	-2191.17647058824
			4750	-2193.62745098039
			4752.45098039216	-2193.62745098039
			4754.90196078431	-2196.07843137255
			4757.35294117647	-2196.07843137255
			4757.35294117647	-2198.52941176471
			4759.80392156863	-2200.98039215686
			4762.25490196078	-2200.98039215686
			4764.70588235294	-2203.43137254902
			4767.1568627451	-2203.43137254902
			4767.1568627451	-2205.88235294118
			4769.60784313726	-2205.88235294118
			4772.05882352941	-2208.33333333333
			4774.50980392157	-2210.78431372549
			4776.96078431373	-2213.23529411765
			4779.41176470588	-2213.23529411765
			4781.86274509804	-2215.6862745098
			4784.3137254902	-2218.13725490196
			4786.76470588235	-2218.13725490196
			4786.76470588235	-2220.58823529412
			4789.21568627451	-2223.03921568627
			4791.66666666667	-2223.03921568627
			4794.11764705882	-2225.49019607843
			4796.56862745098	-2227.94117647059
			4799.01960784314	-2230.39215686275
			4801.47058823529	-2232.8431372549
			4803.92156862745	-2235.29411764706
			4806.37254901961	-2235.29411764706
			4808.82352941176	-2237.74509803922
			4808.82352941176	-2240.19607843137
			4811.27450980392	-2242.64705882353
			4813.72549019608	-2242.64705882353
			4816.17647058824	-2245.09803921569
			4818.62745098039	-2247.54901960784
			4818.62745098039	-2250
			4821.07843137255	-2252.45098039216
			4823.52941176471	-2252.45098039216
			4825.98039215686	-2254.90196078431
			4825.98039215686	-2257.35294117647
			4828.43137254902	-2259.80392156863
			4830.88235294118	-2259.80392156863
			4830.88235294118	-2262.25490196078
			4833.33333333333	-2264.70588235294
			4835.78431372549	-2267.1568627451
			4838.23529411765	-2269.60784313726
			4840.6862745098	-2272.05882352941
			4843.13725490196	-2274.50980392157
			4843.13725490196	-2276.96078431373
			4845.58823529412	-2279.41176470588
			4845.58823529412	-2281.86274509804
			4848.03921568627	-2284.3137254902
			4850.49019607843	-2286.76470588235
			4852.94117647059	-2289.21568627451
			4852.94117647059	-2291.66666666667
		</C1>
		<C2 type=matrix rownames=FALSE colnames=FALSE nrow=173 ncol=2 as.numeric=TRUE >
			4080.88235294118	-3156.86274509804
			4080.88235294118	-3159.3137254902
			4083.33333333333	-3159.3137254902
			4083.33333333333	-3161.76470588235
			4085.78431372549	-3164.21568627451
			4085.78431372549	-3166.66666666667
			4088.23529411765	-3166.66666666667
			4088.23529411765	-3169.11764705882
			4088.23529411765	-3171.56862745098
			4090.6862745098	-3171.56862745098
			4090.6862745098	-3174.01960784314
			4090.6862745098	-3176.47058823529
			4090.6862745098	-3178.92156862745
			4093.13725490196	-3178.92156862745
			4093.13725490196	-3181.37254901961
			4093.13725490196	-3183.82352941176
			4093.13725490196	-3186.27450980392
			4095.58823529412	-3188.72549019608
			4095.58823529412	-3191.17647058824
			4095.58823529412	-3193.62745098039
			4095.58823529412	-3196.07843137255
			4095.58823529412	-3198.52941176471
			4095.58823529412	-3200.98039215686
			4095.58823529412	-3203.43137254902
			4095.58823529412	-3205.88235294118
			4093.13725490196	-3208.33333333333
			4093.13725490196	-3210.78431372549
			4093.13725490196	-3213.23529411765
			4093.13725490196	-3215.6862745098
			4090.6862745098	-3215.6862745098
			4090.6862745098	-3218.13725490196
			4090.6862745098	-3220.58823529412
			4088.23529411765	-3223.03921568627
			4088.23529411765	-3225.49019607843
			4085.78431372549	-3227.94117647059
			4085.78431372549	-3230.39215686275
			4083.33333333333	-3230.39215686275
			4080.88235294118	-3232.8431372549
			4080.88235294118	-3235.29411764706
			4078.43137254902	-3237.74509803922
			4075.98039215686	-3240.19607843137
			4073.52941176471	-3240.19607843137
			4073.52941176471	-3242.64705882353
			4071.07843137255	-3245.09803921569
			4068.62745098039	-3247.54901960784
			4066.17647058824	-3250
			4063.72549019608	-3250
			4061.27450980392	-3252.45098039216
			4058.82352941176	-3254.90196078431
			4056.37254901961	-3257.35294117647
			4053.92156862745	-3257.35294117647
			4051.47058823529	-3257.35294117647
			4049.01960784314	-3259.80392156863
			4046.56862745098	-3262.25490196078
			4044.11764705882	-3262.25490196078
			4041.66666666667	-3264.70588235294
			4039.21568627451	-3264.70588235294
			4036.76470588235	-3267.1568627451
			4034.3137254902	-3267.1568627451
			4031.86274509804	-3269.60784313726
			4029.41176470588	-3269.60784313726
			4026.96078431373	-3272.05882352941
			4024.50980392157	-3272.05882352941
			4022.05882352941	-3274.50980392157
			4019.60784313726	-3274.50980392157
			4017.1568627451	-3274.50980392157
			4014.70588235294	-3276.96078431373
			4012.25490196078	-3276.96078431373
			4009.80392156863	-3279.41176470588
			4007.35294117647	-3279.41176470588
			4004.90196078431	-3279.41176470588
			4002.45098039216	-3281.86274509804
			4000	-3281.86274509804
			3997.54901960784	-3281.86274509804
			3995.09803921569	-3279.41176470588
			3992.64705882353	-3279.41176470588
			3990.19607843137	-3279.41176470588
			3987.74509803922	-3279.41176470588
			3987.74509803922	-3276.96078431373
			3985.29411764706	-3276.96078431373
			3982.8431372549	-3276.96078431373
			3980.39215686275	-3276.96078431373
			3977.94117647059	-3274.50980392157
			3975.49019607843	-3274.50980392157
			3973.03921568627	-3272.05882352941
			3970.58823529412	-3272.05882352941
			3968.13725490196	-3269.60784313726
			3965.6862745098	-3269.60784313726
			3963.23529411765	-3267.1568627451
			3960.78431372549	-3267.1568627451
			3958.33333333333	-3264.70588235294
			3955.88235294118	-3262.25490196078
			3953.43137254902	-3262.25490196078
			3950.98039215686	-3259.80392156863
			3948.52941176471	-3257.35294117647
			3946.07843137255	-3257.35294117647
			3943.62745098039	-3254.90196078431
			3943.62745098039	-3252.45098039216
			3941.17647058824	-3252.45098039216
			3938.72549019608	-3250
			3938.72549019608	-3247.54901960784
			3936.27450980392	-3245.09803921569
			3933.82352941176	-3245.09803921569
			3933.82352941176	-3242.64705882353
			3931.37254901961	-3240.19607843137
			3928.92156862745	-3237.74509803922
			3928.92156862745	-3235.29411764706
			3926.47058823529	-3235.29411764706
			3926.47058823529	-3232.8431372549
			3926.47058823529	-3230.39215686275
			3924.01960784314	-3227.94117647059
			3924.01960784314	-3225.49019607843
			3921.56862745098	-3223.03921568627
			3921.56862745098	-3220.58823529412
			3921.56862745098	-3218.13725490196
			3919.11764705882	-3215.6862745098
			3919.11764705882	-3213.23529411765
			3919.11764705882	-3210.78431372549
			3919.11764705882	-3208.33333333333
			3919.11764705882	-3205.88235294118
			3916.66666666667	-3203.43137254902
			3916.66666666667	-3200.98039215686
			3916.66666666667	-3198.52941176471
			3916.66666666667	-3196.07843137255
			3916.66666666667	-3193.62745098039
			3916.66666666667	-3191.17647058824
			3916.66666666667	-3188.72549019608
			3916.66666666667	-3186.27450980392
			3916.66666666667	-3183.82352941176
			3916.66666666667	-3181.37254901961
			3916.66666666667	-3178.92156862745
			3916.66666666667	-3176.47058823529
			3916.66666666667	-3174.01960784314
			3916.66666666667	-3171.56862745098
			3919.11764705882	-3169.11764705882
			3919.11764705882	-3166.66666666667
			3919.11764705882	-3164.21568627451
			3919.11764705882	-3161.76470588235
			3919.11764705882	-3159.3137254902
			3919.11764705882	-3156.86274509804
			3921.56862745098	-3156.86274509804
			3921.56862745098	-3154.41176470588
			3921.56862745098	-3151.96078431373
			3921.56862745098	-3149.50980392157
			3921.56862745098	-3147.05882352941
			3924.01960784314	-3144.60784313726
			3924.01960784314	-3142.1568627451
			3924.01960784314	-3139.70588235294
			3926.47058823529	-3137.25490196078
			3926.47058823529	-3134.80392156863
			3926.47058823529	-3132.35294117647
			3926.47058823529	-3129.90196078431
			3928.92156862745	-3127.45098039216
			3928.92156862745	-3125
			3928.92156862745	-3122.54901960784
			3931.37254901961	-3122.54901960784
			3931.37254901961	-3120.09803921569
			3931.37254901961	-3117.64705882353
			3933.82352941176	-3115.19607843137
			3933.82352941176	-3112.74509803922
			3936.27450980392	-3110.29411764706
			3936.27450980392	-3107.8431372549
			3936.27450980392	-3105.39215686275
			3938.72549019608	-3102.94117647059
			3938.72549019608	-3100.49019607843
			3941.17647058824	-3098.03921568627
			3941.17647058824	-3095.58823529412
			3943.62745098039	-3093.13725490196
			3943.62745098039	-3090.6862745098
			3946.07843137255	-3088.23529411765
			3946.07843137255	-3085.78431372549
			3948.52941176471	-3083.33333333333
			3948.52941176471	-3080.88235294118
		</C2>
	</curves.scaled>
	<ruler.points type=matrix rownames=TRUE colnames=FALSE nrow=2 ncol=2 as.numeric=TRUE >
		Ruler point 1	3	1877
		Ruler point 2	105	1877
	</ruler.points>
</shapes>

