<shapes type=list>
	<ruler.pixel type=vector names=FALSE length=1 as.numeric=TRUE >102</ruler.pixel>
	<ruler.interval type=vector names=FALSE length=1 as.numeric=TRUE >250</ruler.interval>
	<scaling.units type=vector names=FALSE length=1 as.numeric=FALSE >nm</scaling.units>
	<scaling type=vector names=FALSE length=1 as.numeric=TRUE >2.45098039215686</scaling>
	<landmarks.pixel type=matrix rownames=TRUE colnames=FALSE nrow=4 ncol=2 as.numeric=TRUE >
		1-TopL	1388	778
		2-TopR	2012	971
		3-BotR	1646	1302
		4-BotL	1569	1283
	</landmarks.pixel>
	<landmarks.scaled type=matrix rownames=TRUE colnames=FALSE nrow=4 ncol=2 as.numeric=TRUE >
		1-TopL	3401.96078431373	-1906.86274509804
		2-TopR	4931.37254901961	-2379.90196078431
		3-BotR	4034.3137254902	-3191.17647058824
		4-BotL	3845.58823529412	-3144.60784313726
	</landmarks.scaled>
	<curves.control type=list>
		<C1 type=matrix rownames=FALSE colnames=FALSE nrow=9 ncol=2 as.numeric=TRUE >
			1388	778
			1462	745
			1559	728
			1676	726
			1786	791
			1894	846
			1939	881
			1979	906
			2012	971
		</C1>
		<C2 type=matrix rownames=FALSE colnames=FALSE nrow=5 ncol=2 as.numeric=TRUE >
			1646	1302
			1663	1339
			1616	1359
			1549	1350
			1569	1283
		</C2>
	</curves.control>
	<curves.pixel type=list>
		<C1 type=matrix rownames=FALSE colnames=FALSE nrow=671 ncol=2 as.numeric=TRUE >
			1388	778
			1389	778
			1390	777
			1391	777
			1392	776
			1393	776
			1394	775
			1395	775
			1396	774
			1397	774
			1398	774
			1399	773
			1400	773
			1401	772
			1402	772
			1403	771
			1404	771
			1405	771
			1406	770
			1407	770
			1408	770
			1408	769
			1409	769
			1410	769
			1411	768
			1412	768
			1413	767
			1414	767
			1415	767
			1416	767
			1416	766
			1417	766
			1418	766
			1419	765
			1420	765
			1421	764
			1422	764
			1423	764
			1424	763
			1425	763
			1426	763
			1427	762
			1428	762
			1429	762
			1429	761
			1430	761
			1431	761
			1432	760
			1433	760
			1434	760
			1435	759
			1436	759
			1437	759
			1438	758
			1439	758
			1440	758
			1441	757
			1442	757
			1443	757
			1444	757
			1445	756
			1446	756
			1447	756
			1447	755
			1448	755
			1449	755
			1450	754
			1451	754
			1452	754
			1453	753
			1454	753
			1455	753
			1456	752
			1457	752
			1458	752
			1459	752
			1460	751
			1461	751
			1462	751
			1463	750
			1464	750
			1465	750
			1466	749
			1467	749
			1468	749
			1469	749
			1470	748
			1471	748
			1472	748
			1473	747
			1474	747
			1475	747
			1476	747
			1477	746
			1478	746
			1479	746
			1480	746
			1481	745
			1482	745
			1483	745
			1484	744
			1485	744
			1486	744
			1487	744
			1488	743
			1489	743
			1490	743
			1491	743
			1492	742
			1493	742
			1494	742
			1495	742
			1496	741
			1497	741
			1498	741
			1499	740
			1500	740
			1501	740
			1502	740
			1503	740
			1504	739
			1505	739
			1506	739
			1507	739
			1508	738
			1509	738
			1510	738
			1511	738
			1512	737
			1513	737
			1514	737
			1515	737
			1516	737
			1517	736
			1518	736
			1519	736
			1520	736
			1521	736
			1521	735
			1522	735
			1523	735
			1524	735
			1525	735
			1525	734
			1526	734
			1527	734
			1528	734
			1529	734
			1530	734
			1530	733
			1531	733
			1532	733
			1533	733
			1534	733
			1535	732
			1536	732
			1537	732
			1538	732
			1539	732
			1540	731
			1541	731
			1542	731
			1543	731
			1544	731
			1545	731
			1546	730
			1547	730
			1548	730
			1549	730
			1550	730
			1551	729
			1552	729
			1553	729
			1554	729
			1555	729
			1556	729
			1557	728
			1558	728
			1559	728
			1560	728
			1561	728
			1562	728
			1563	728
			1564	728
			1565	728
			1566	728
			1567	728
			1568	728
			1569	728
			1570	728
			1571	728
			1572	728
			1573	728
			1574	728
			1575	728
			1576	728
			1577	728
			1578	728
			1579	728
			1580	728
			1581	728
			1582	728
			1583	728
			1584	728
			1585	728
			1586	728
			1587	729
			1588	729
			1589	729
			1590	729
			1591	729
			1592	729
			1593	729
			1594	729
			1595	729
			1596	729
			1597	729
			1598	729
			1599	729
			1600	729
			1601	729
			1602	730
			1603	730
			1604	730
			1605	730
			1606	730
			1607	730
			1608	730
			1609	730
			1610	730
			1611	730
			1612	731
			1613	731
			1614	731
			1615	731
			1616	731
			1617	731
			1618	731
			1619	731
			1620	732
			1621	732
			1622	732
			1623	732
			1624	732
			1625	732
			1626	732
			1627	733
			1628	733
			1629	733
			1630	733
			1631	733
			1632	733
			1633	733
			1634	734
			1635	734
			1636	734
			1637	734
			1638	735
			1639	735
			1640	735
			1641	735
			1642	735
			1643	735
			1644	736
			1645	736
			1646	736
			1647	736
			1648	736
			1649	737
			1650	737
			1651	737
			1652	737
			1653	738
			1654	738
			1655	738
			1656	738
			1657	738
			1658	739
			1659	739
			1660	739
			1661	739
			1662	740
			1663	740
			1664	740
			1665	740
			1666	741
			1667	741
			1668	741
			1669	741
			1670	742
			1671	742
			1672	742
			1673	742
			1674	743
			1675	743
			1676	743
			1677	744
			1678	744
			1679	744
			1680	744
			1681	745
			1682	745
			1683	745
			1684	746
			1685	746
			1686	746
			1687	746
			1688	747
			1689	747
			1690	747
			1691	748
			1692	748
			1693	748
			1694	749
			1695	749
			1696	749
			1697	750
			1698	750
			1699	750
			1700	751
			1701	751
			1702	752
			1703	752
			1704	752
			1705	752
			1705	753
			1706	753
			1707	753
			1708	754
			1709	754
			1710	755
			1711	755
			1712	755
			1713	755
			1714	756
			1715	756
			1716	757
			1717	757
			1718	758
			1719	758
			1720	758
			1721	759
			1722	759
			1723	760
			1724	760
			1725	760
			1726	761
			1727	761
			1728	762
			1729	762
			1730	763
			1731	763
			1732	763
			1733	764
			1734	764
			1735	765
			1736	765
			1737	766
			1738	766
			1739	767
			1740	767
			1741	768
			1742	768
			1743	768
			1744	769
			1745	769
			1746	770
			1747	770
			1748	771
			1749	771
			1750	772
			1751	772
			1752	773
			1753	773
			1754	774
			1755	774
			1756	775
			1757	775
			1758	776
			1759	776
			1760	777
			1761	777
			1762	778
			1763	778
			1764	779
			1765	779
			1766	780
			1767	780
			1768	781
			1769	782
			1770	782
			1771	783
			1772	783
			1773	784
			1774	784
			1775	785
			1776	785
			1777	786
			1778	787
			1779	787
			1780	788
			1781	788
			1782	789
			1783	789
			1784	790
			1785	791
			1786	791
			1787	792
			1788	792
			1789	793
			1790	793
			1791	794
			1792	794
			1793	795
			1794	795
			1795	796
			1796	796
			1797	796
			1798	797
			1799	797
			1800	798
			1801	799
			1802	799
			1803	800
			1804	800
			1805	801
			1806	801
			1807	802
			1808	802
			1809	803
			1810	803
			1811	804
			1812	804
			1813	805
			1814	805
			1815	806
			1816	806
			1817	807
			1818	807
			1818	808
			1819	808
			1820	809
			1821	809
			1822	810
			1823	810
			1824	811
			1825	811
			1826	812
			1827	812
			1828	813
			1829	814
			1830	814
			1831	815
			1832	815
			1833	816
			1834	816
			1835	817
			1836	817
			1837	818
			1838	819
			1839	819
			1840	819
			1841	820
			1842	821
			1843	821
			1844	821
			1845	822
			1846	822
			1846	823
			1847	823
			1848	824
			1849	824
			1850	825
			1851	825
			1852	826
			1853	827
			1854	827
			1855	828
			1856	828
			1857	829
			1858	829
			1859	830
			1860	831
			1861	831
			1862	832
			1863	832
			1864	833
			1865	833
			1866	834
			1867	834
			1868	835
			1869	835
			1870	836
			1871	836
			1871	837
			1872	838
			1873	838
			1874	839
			1875	839
			1876	840
			1877	840
			1878	841
			1879	841
			1880	842
			1881	843
			1882	843
			1883	844
			1884	845
			1885	845
			1886	846
			1887	846
			1888	847
			1889	848
			1890	848
			1891	849
			1892	850
			1893	850
			1894	851
			1895	851
			1896	852
			1897	852
			1898	853
			1899	854
			1900	854
			1901	855
			1902	855
			1903	856
			1904	857
			1905	857
			1906	858
			1907	859
			1908	860
			1909	860
			1910	861
			1911	861
			1912	862
			1913	863
			1914	863
			1915	864
			1916	864
			1917	865
			1918	866
			1919	867
			1920	867
			1921	868
			1922	868
			1923	869
			1923	870
			1924	870
			1925	871
			1926	871
			1926	872
			1927	872
			1928	873
			1929	873
			1929	874
			1930	874
			1931	875
			1932	875
			1932	876
			1933	877
			1934	877
			1934	878
			1935	878
			1936	879
			1937	879
			1937	880
			1938	880
			1939	881
			1940	881
			1941	882
			1942	883
			1943	884
			1944	885
			1945	885
			1946	886
			1947	886
			1948	887
			1949	888
			1950	889
			1951	890
			1952	890
			1953	891
			1953	892
			1954	892
			1955	893
			1956	894
			1957	894
			1957	895
			1958	896
			1959	896
			1960	897
			1961	898
			1961	899
			1962	899
			1963	900
			1964	901
			1965	902
			1965	903
			1966	903
			1967	904
			1968	905
			1968	906
			1969	907
			1970	908
			1971	908
			1972	909
			1972	910
			1973	911
			1974	912
			1975	913
			1975	914
			1976	915
			1977	916
			1978	917
			1979	918
			1980	919
			1980	920
			1981	921
			1982	922
			1983	923
			1984	924
			1984	925
			1985	926
			1986	927
			1986	928
			1987	929
			1987	930
			1988	931
			1989	931
			1989	932
			1990	933
			1991	934
			1991	935
			1992	936
			1993	937
			1993	938
			1994	939
			1994	940
			1995	941
			1996	942
			1996	943
			1997	944
			1998	945
			1998	946
			1999	947
			1999	948
			2000	949
			2001	950
			2001	951
			2002	952
			2002	953
			2003	954
			2004	955
			2004	956
			2004	957
			2005	957
			2005	958
			2006	959
			2006	960
			2007	961
			2007	962
			2008	963
			2008	964
			2009	965
			2010	966
			2010	967
			2011	968
			2011	969
			2012	970
			2012	971
		</C1>
		<C2 type=matrix rownames=FALSE colnames=FALSE nrow=169 ncol=2 as.numeric=TRUE >
			1646	1302
			1646	1303
			1647	1304
			1647	1305
			1648	1306
			1648	1307
			1648	1308
			1649	1309
			1649	1310
			1649	1311
			1649	1312
			1650	1313
			1650	1314
			1650	1315
			1650	1316
			1650	1317
			1650	1318
			1650	1319
			1651	1320
			1651	1321
			1650	1322
			1650	1323
			1650	1324
			1650	1325
			1650	1326
			1650	1327
			1649	1328
			1649	1329
			1649	1330
			1649	1331
			1648	1332
			1648	1333
			1647	1334
			1647	1335
			1646	1336
			1646	1337
			1645	1338
			1644	1339
			1644	1340
			1643	1341
			1642	1342
			1641	1343
			1640	1344
			1639	1345
			1638	1346
			1637	1347
			1636	1347
			1635	1348
			1635	1349
			1634	1349
			1633	1350
			1632	1350
			1631	1351
			1630	1352
			1629	1353
			1628	1353
			1627	1354
			1626	1354
			1625	1355
			1624	1355
			1623	1356
			1622	1356
			1621	1357
			1620	1357
			1619	1357
			1618	1358
			1617	1359
			1616	1359
			1615	1359
			1614	1359
			1613	1359
			1612	1358
			1611	1358
			1610	1358
			1609	1358
			1608	1358
			1607	1358
			1606	1357
			1605	1357
			1604	1357
			1603	1356
			1602	1356
			1601	1356
			1600	1356
			1599	1355
			1598	1355
			1597	1355
			1596	1354
			1595	1354
			1594	1354
			1593	1353
			1592	1353
			1591	1352
			1590	1352
			1589	1351
			1588	1351
			1587	1350
			1586	1350
			1585	1349
			1584	1349
			1583	1348
			1582	1348
			1582	1347
			1581	1346
			1580	1346
			1579	1345
			1578	1344
			1577	1343
			1576	1342
			1575	1341
			1574	1340
			1573	1339
			1573	1338
			1572	1337
			1571	1336
			1571	1335
			1570	1334
			1570	1333
			1569	1332
			1569	1331
			1568	1330
			1568	1329
			1567	1328
			1567	1327
			1566	1326
			1566	1325
			1566	1324
			1566	1323
			1566	1322
			1565	1321
			1565	1320
			1565	1319
			1565	1318
			1565	1317
			1565	1316
			1565	1315
			1565	1314
			1564	1314
			1564	1313
			1564	1312
			1564	1311
			1564	1310
			1564	1309
			1564	1308
			1565	1307
			1565	1306
			1565	1305
			1565	1304
			1565	1303
			1565	1302
			1565	1301
			1565	1300
			1565	1299
			1566	1298
			1566	1297
			1566	1296
			1566	1295
			1566	1294
			1566	1293
			1567	1292
			1567	1291
			1567	1290
			1567	1289
			1568	1288
			1568	1287
			1568	1286
			1569	1285
			1569	1284
			1569	1283
		</C2>
	</curves.pixel>
	<curves.scaled type=list>
		<C1 type=matrix rownames=FALSE colnames=FALSE nrow=671 ncol=2 as.numeric=TRUE >
			3401.96078431373	-1906.86274509804
			3404.41176470588	-1906.86274509804
			3406.86274509804	-1904.41176470588
			3409.3137254902	-1904.41176470588
			3411.76470588235	-1901.96078431373
			3414.21568627451	-1901.96078431373
			3416.66666666667	-1899.50980392157
			3419.11764705882	-1899.50980392157
			3421.56862745098	-1897.05882352941
			3424.01960784314	-1897.05882352941
			3426.47058823529	-1897.05882352941
			3428.92156862745	-1894.60784313726
			3431.37254901961	-1894.60784313726
			3433.82352941176	-1892.1568627451
			3436.27450980392	-1892.1568627451
			3438.72549019608	-1889.70588235294
			3441.17647058824	-1889.70588235294
			3443.62745098039	-1889.70588235294
			3446.07843137255	-1887.25490196078
			3448.52941176471	-1887.25490196078
			3450.98039215686	-1887.25490196078
			3450.98039215686	-1884.80392156863
			3453.43137254902	-1884.80392156863
			3455.88235294118	-1884.80392156863
			3458.33333333333	-1882.35294117647
			3460.78431372549	-1882.35294117647
			3463.23529411765	-1879.90196078431
			3465.6862745098	-1879.90196078431
			3468.13725490196	-1879.90196078431
			3470.58823529412	-1879.90196078431
			3470.58823529412	-1877.45098039216
			3473.03921568627	-1877.45098039216
			3475.49019607843	-1877.45098039216
			3477.94117647059	-1875
			3480.39215686275	-1875
			3482.8431372549	-1872.54901960784
			3485.29411764706	-1872.54901960784
			3487.74509803922	-1872.54901960784
			3490.19607843137	-1870.09803921569
			3492.64705882353	-1870.09803921569
			3495.09803921569	-1870.09803921569
			3497.54901960784	-1867.64705882353
			3500	-1867.64705882353
			3502.45098039216	-1867.64705882353
			3502.45098039216	-1865.19607843137
			3504.90196078431	-1865.19607843137
			3507.35294117647	-1865.19607843137
			3509.80392156863	-1862.74509803922
			3512.25490196078	-1862.74509803922
			3514.70588235294	-1862.74509803922
			3517.1568627451	-1860.29411764706
			3519.60784313726	-1860.29411764706
			3522.05882352941	-1860.29411764706
			3524.50980392157	-1857.8431372549
			3526.96078431373	-1857.8431372549
			3529.41176470588	-1857.8431372549
			3531.86274509804	-1855.39215686275
			3534.3137254902	-1855.39215686275
			3536.76470588235	-1855.39215686275
			3539.21568627451	-1855.39215686275
			3541.66666666667	-1852.94117647059
			3544.11764705882	-1852.94117647059
			3546.56862745098	-1852.94117647059
			3546.56862745098	-1850.49019607843
			3549.01960784314	-1850.49019607843
			3551.47058823529	-1850.49019607843
			3553.92156862745	-1848.03921568627
			3556.37254901961	-1848.03921568627
			3558.82352941176	-1848.03921568627
			3561.27450980392	-1845.58823529412
			3563.72549019608	-1845.58823529412
			3566.17647058824	-1845.58823529412
			3568.62745098039	-1843.13725490196
			3571.07843137255	-1843.13725490196
			3573.52941176471	-1843.13725490196
			3575.98039215686	-1843.13725490196
			3578.43137254902	-1840.6862745098
			3580.88235294118	-1840.6862745098
			3583.33333333333	-1840.6862745098
			3585.78431372549	-1838.23529411765
			3588.23529411765	-1838.23529411765
			3590.6862745098	-1838.23529411765
			3593.13725490196	-1835.78431372549
			3595.58823529412	-1835.78431372549
			3598.03921568627	-1835.78431372549
			3600.49019607843	-1835.78431372549
			3602.94117647059	-1833.33333333333
			3605.39215686275	-1833.33333333333
			3607.8431372549	-1833.33333333333
			3610.29411764706	-1830.88235294118
			3612.74509803922	-1830.88235294118
			3615.19607843137	-1830.88235294118
			3617.64705882353	-1830.88235294118
			3620.09803921569	-1828.43137254902
			3622.54901960784	-1828.43137254902
			3625	-1828.43137254902
			3627.45098039216	-1828.43137254902
			3629.90196078431	-1825.98039215686
			3632.35294117647	-1825.98039215686
			3634.80392156863	-1825.98039215686
			3637.25490196078	-1823.52941176471
			3639.70588235294	-1823.52941176471
			3642.1568627451	-1823.52941176471
			3644.60784313726	-1823.52941176471
			3647.05882352941	-1821.07843137255
			3649.50980392157	-1821.07843137255
			3651.96078431373	-1821.07843137255
			3654.41176470588	-1821.07843137255
			3656.86274509804	-1818.62745098039
			3659.3137254902	-1818.62745098039
			3661.76470588235	-1818.62745098039
			3664.21568627451	-1818.62745098039
			3666.66666666667	-1816.17647058824
			3669.11764705882	-1816.17647058824
			3671.56862745098	-1816.17647058824
			3674.01960784314	-1813.72549019608
			3676.47058823529	-1813.72549019608
			3678.92156862745	-1813.72549019608
			3681.37254901961	-1813.72549019608
			3683.82352941176	-1813.72549019608
			3686.27450980392	-1811.27450980392
			3688.72549019608	-1811.27450980392
			3691.17647058824	-1811.27450980392
			3693.62745098039	-1811.27450980392
			3696.07843137255	-1808.82352941176
			3698.52941176471	-1808.82352941176
			3700.98039215686	-1808.82352941176
			3703.43137254902	-1808.82352941176
			3705.88235294118	-1806.37254901961
			3708.33333333333	-1806.37254901961
			3710.78431372549	-1806.37254901961
			3713.23529411765	-1806.37254901961
			3715.6862745098	-1806.37254901961
			3718.13725490196	-1803.92156862745
			3720.58823529412	-1803.92156862745
			3723.03921568627	-1803.92156862745
			3725.49019607843	-1803.92156862745
			3727.94117647059	-1803.92156862745
			3727.94117647059	-1801.47058823529
			3730.39215686275	-1801.47058823529
			3732.8431372549	-1801.47058823529
			3735.29411764706	-1801.47058823529
			3737.74509803922	-1801.47058823529
			3737.74509803922	-1799.01960784314
			3740.19607843137	-1799.01960784314
			3742.64705882353	-1799.01960784314
			3745.09803921569	-1799.01960784314
			3747.54901960784	-1799.01960784314
			3750	-1799.01960784314
			3750	-1796.56862745098
			3752.45098039216	-1796.56862745098
			3754.90196078431	-1796.56862745098
			3757.35294117647	-1796.56862745098
			3759.80392156863	-1796.56862745098
			3762.25490196078	-1794.11764705882
			3764.70588235294	-1794.11764705882
			3767.1568627451	-1794.11764705882
			3769.60784313726	-1794.11764705882
			3772.05882352941	-1794.11764705882
			3774.50980392157	-1791.66666666667
			3776.96078431373	-1791.66666666667
			3779.41176470588	-1791.66666666667
			3781.86274509804	-1791.66666666667
			3784.3137254902	-1791.66666666667
			3786.76470588235	-1791.66666666667
			3789.21568627451	-1789.21568627451
			3791.66666666667	-1789.21568627451
			3794.11764705882	-1789.21568627451
			3796.56862745098	-1789.21568627451
			3799.01960784314	-1789.21568627451
			3801.47058823529	-1786.76470588235
			3803.92156862745	-1786.76470588235
			3806.37254901961	-1786.76470588235
			3808.82352941176	-1786.76470588235
			3811.27450980392	-1786.76470588235
			3813.72549019608	-1786.76470588235
			3816.17647058824	-1784.3137254902
			3818.62745098039	-1784.3137254902
			3821.07843137255	-1784.3137254902
			3823.52941176471	-1784.3137254902
			3825.98039215686	-1784.3137254902
			3828.43137254902	-1784.3137254902
			3830.88235294118	-1784.3137254902
			3833.33333333333	-1784.3137254902
			3835.78431372549	-1784.3137254902
			3838.23529411765	-1784.3137254902
			3840.6862745098	-1784.3137254902
			3843.13725490196	-1784.3137254902
			3845.58823529412	-1784.3137254902
			3848.03921568627	-1784.3137254902
			3850.49019607843	-1784.3137254902
			3852.94117647059	-1784.3137254902
			3855.39215686275	-1784.3137254902
			3857.8431372549	-1784.3137254902
			3860.29411764706	-1784.3137254902
			3862.74509803922	-1784.3137254902
			3865.19607843137	-1784.3137254902
			3867.64705882353	-1784.3137254902
			3870.09803921569	-1784.3137254902
			3872.54901960784	-1784.3137254902
			3875	-1784.3137254902
			3877.45098039216	-1784.3137254902
			3879.90196078431	-1784.3137254902
			3882.35294117647	-1784.3137254902
			3884.80392156863	-1784.3137254902
			3887.25490196078	-1784.3137254902
			3889.70588235294	-1786.76470588235
			3892.1568627451	-1786.76470588235
			3894.60784313726	-1786.76470588235
			3897.05882352941	-1786.76470588235
			3899.50980392157	-1786.76470588235
			3901.96078431373	-1786.76470588235
			3904.41176470588	-1786.76470588235
			3906.86274509804	-1786.76470588235
			3909.3137254902	-1786.76470588235
			3911.76470588235	-1786.76470588235
			3914.21568627451	-1786.76470588235
			3916.66666666667	-1786.76470588235
			3919.11764705882	-1786.76470588235
			3921.56862745098	-1786.76470588235
			3924.01960784314	-1786.76470588235
			3926.47058823529	-1789.21568627451
			3928.92156862745	-1789.21568627451
			3931.37254901961	-1789.21568627451
			3933.82352941176	-1789.21568627451
			3936.27450980392	-1789.21568627451
			3938.72549019608	-1789.21568627451
			3941.17647058824	-1789.21568627451
			3943.62745098039	-1789.21568627451
			3946.07843137255	-1789.21568627451
			3948.52941176471	-1789.21568627451
			3950.98039215686	-1791.66666666667
			3953.43137254902	-1791.66666666667
			3955.88235294118	-1791.66666666667
			3958.33333333333	-1791.66666666667
			3960.78431372549	-1791.66666666667
			3963.23529411765	-1791.66666666667
			3965.6862745098	-1791.66666666667
			3968.13725490196	-1791.66666666667
			3970.58823529412	-1794.11764705882
			3973.03921568627	-1794.11764705882
			3975.49019607843	-1794.11764705882
			3977.94117647059	-1794.11764705882
			3980.39215686275	-1794.11764705882
			3982.8431372549	-1794.11764705882
			3985.29411764706	-1794.11764705882
			3987.74509803922	-1796.56862745098
			3990.19607843137	-1796.56862745098
			3992.64705882353	-1796.56862745098
			3995.09803921569	-1796.56862745098
			3997.54901960784	-1796.56862745098
			4000	-1796.56862745098
			4002.45098039216	-1796.56862745098
			4004.90196078431	-1799.01960784314
			4007.35294117647	-1799.01960784314
			4009.80392156863	-1799.01960784314
			4012.25490196078	-1799.01960784314
			4014.70588235294	-1801.47058823529
			4017.1568627451	-1801.47058823529
			4019.60784313726	-1801.47058823529
			4022.05882352941	-1801.47058823529
			4024.50980392157	-1801.47058823529
			4026.96078431373	-1801.47058823529
			4029.41176470588	-1803.92156862745
			4031.86274509804	-1803.92156862745
			4034.3137254902	-1803.92156862745
			4036.76470588235	-1803.92156862745
			4039.21568627451	-1803.92156862745
			4041.66666666667	-1806.37254901961
			4044.11764705882	-1806.37254901961
			4046.56862745098	-1806.37254901961
			4049.01960784314	-1806.37254901961
			4051.47058823529	-1808.82352941176
			4053.92156862745	-1808.82352941176
			4056.37254901961	-1808.82352941176
			4058.82352941176	-1808.82352941176
			4061.27450980392	-1808.82352941176
			4063.72549019608	-1811.27450980392
			4066.17647058824	-1811.27450980392
			4068.62745098039	-1811.27450980392
			4071.07843137255	-1811.27450980392
			4073.52941176471	-1813.72549019608
			4075.98039215686	-1813.72549019608
			4078.43137254902	-1813.72549019608
			4080.88235294118	-1813.72549019608
			4083.33333333333	-1816.17647058824
			4085.78431372549	-1816.17647058824
			4088.23529411765	-1816.17647058824
			4090.6862745098	-1816.17647058824
			4093.13725490196	-1818.62745098039
			4095.58823529412	-1818.62745098039
			4098.03921568627	-1818.62745098039
			4100.49019607843	-1818.62745098039
			4102.94117647059	-1821.07843137255
			4105.39215686275	-1821.07843137255
			4107.8431372549	-1821.07843137255
			4110.29411764706	-1823.52941176471
			4112.74509803922	-1823.52941176471
			4115.19607843137	-1823.52941176471
			4117.64705882353	-1823.52941176471
			4120.09803921569	-1825.98039215686
			4122.54901960784	-1825.98039215686
			4125	-1825.98039215686
			4127.45098039216	-1828.43137254902
			4129.90196078431	-1828.43137254902
			4132.35294117647	-1828.43137254902
			4134.80392156863	-1828.43137254902
			4137.25490196078	-1830.88235294118
			4139.70588235294	-1830.88235294118
			4142.1568627451	-1830.88235294118
			4144.60784313726	-1833.33333333333
			4147.05882352941	-1833.33333333333
			4149.50980392157	-1833.33333333333
			4151.96078431373	-1835.78431372549
			4154.41176470588	-1835.78431372549
			4156.86274509804	-1835.78431372549
			4159.3137254902	-1838.23529411765
			4161.76470588235	-1838.23529411765
			4164.21568627451	-1838.23529411765
			4166.66666666667	-1840.6862745098
			4169.11764705882	-1840.6862745098
			4171.56862745098	-1843.13725490196
			4174.01960784314	-1843.13725490196
			4176.47058823529	-1843.13725490196
			4178.92156862745	-1843.13725490196
			4178.92156862745	-1845.58823529412
			4181.37254901961	-1845.58823529412
			4183.82352941176	-1845.58823529412
			4186.27450980392	-1848.03921568627
			4188.72549019608	-1848.03921568627
			4191.17647058824	-1850.49019607843
			4193.62745098039	-1850.49019607843
			4196.07843137255	-1850.49019607843
			4198.52941176471	-1850.49019607843
			4200.98039215686	-1852.94117647059
			4203.43137254902	-1852.94117647059
			4205.88235294118	-1855.39215686275
			4208.33333333333	-1855.39215686275
			4210.78431372549	-1857.8431372549
			4213.23529411765	-1857.8431372549
			4215.6862745098	-1857.8431372549
			4218.13725490196	-1860.29411764706
			4220.58823529412	-1860.29411764706
			4223.03921568627	-1862.74509803922
			4225.49019607843	-1862.74509803922
			4227.94117647059	-1862.74509803922
			4230.39215686275	-1865.19607843137
			4232.8431372549	-1865.19607843137
			4235.29411764706	-1867.64705882353
			4237.74509803922	-1867.64705882353
			4240.19607843137	-1870.09803921569
			4242.64705882353	-1870.09803921569
			4245.09803921569	-1870.09803921569
			4247.54901960784	-1872.54901960784
			4250	-1872.54901960784
			4252.45098039216	-1875
			4254.90196078431	-1875
			4257.35294117647	-1877.45098039216
			4259.80392156863	-1877.45098039216
			4262.25490196078	-1879.90196078431
			4264.70588235294	-1879.90196078431
			4267.1568627451	-1882.35294117647
			4269.60784313726	-1882.35294117647
			4272.05882352941	-1882.35294117647
			4274.50980392157	-1884.80392156863
			4276.96078431373	-1884.80392156863
			4279.41176470588	-1887.25490196078
			4281.86274509804	-1887.25490196078
			4284.3137254902	-1889.70588235294
			4286.76470588235	-1889.70588235294
			4289.21568627451	-1892.1568627451
			4291.66666666667	-1892.1568627451
			4294.11764705882	-1894.60784313726
			4296.56862745098	-1894.60784313726
			4299.01960784314	-1897.05882352941
			4301.47058823529	-1897.05882352941
			4303.92156862745	-1899.50980392157
			4306.37254901961	-1899.50980392157
			4308.82352941176	-1901.96078431373
			4311.27450980392	-1901.96078431373
			4313.72549019608	-1904.41176470588
			4316.17647058824	-1904.41176470588
			4318.62745098039	-1906.86274509804
			4321.07843137255	-1906.86274509804
			4323.52941176471	-1909.3137254902
			4325.98039215686	-1909.3137254902
			4328.43137254902	-1911.76470588235
			4330.88235294118	-1911.76470588235
			4333.33333333333	-1914.21568627451
			4335.78431372549	-1916.66666666667
			4338.23529411765	-1916.66666666667
			4340.6862745098	-1919.11764705882
			4343.13725490196	-1919.11764705882
			4345.58823529412	-1921.56862745098
			4348.03921568627	-1921.56862745098
			4350.49019607843	-1924.01960784314
			4352.94117647059	-1924.01960784314
			4355.39215686275	-1926.47058823529
			4357.8431372549	-1928.92156862745
			4360.29411764706	-1928.92156862745
			4362.74509803922	-1931.37254901961
			4365.19607843137	-1931.37254901961
			4367.64705882353	-1933.82352941176
			4370.09803921569	-1933.82352941176
			4372.54901960784	-1936.27450980392
			4375	-1938.72549019608
			4377.45098039216	-1938.72549019608
			4379.90196078431	-1941.17647058824
			4382.35294117647	-1941.17647058824
			4384.80392156863	-1943.62745098039
			4387.25490196078	-1943.62745098039
			4389.70588235294	-1946.07843137255
			4392.1568627451	-1946.07843137255
			4394.60784313726	-1948.52941176471
			4397.05882352941	-1948.52941176471
			4399.50980392157	-1950.98039215686
			4401.96078431373	-1950.98039215686
			4404.41176470588	-1950.98039215686
			4406.86274509804	-1953.43137254902
			4409.3137254902	-1953.43137254902
			4411.76470588235	-1955.88235294118
			4414.21568627451	-1958.33333333333
			4416.66666666667	-1958.33333333333
			4419.11764705882	-1960.78431372549
			4421.56862745098	-1960.78431372549
			4424.01960784314	-1963.23529411765
			4426.47058823529	-1963.23529411765
			4428.92156862745	-1965.6862745098
			4431.37254901961	-1965.6862745098
			4433.82352941176	-1968.13725490196
			4436.27450980392	-1968.13725490196
			4438.72549019608	-1970.58823529412
			4441.17647058824	-1970.58823529412
			4443.62745098039	-1973.03921568627
			4446.07843137255	-1973.03921568627
			4448.52941176471	-1975.49019607843
			4450.98039215686	-1975.49019607843
			4453.43137254902	-1977.94117647059
			4455.88235294118	-1977.94117647059
			4455.88235294118	-1980.39215686275
			4458.33333333333	-1980.39215686275
			4460.78431372549	-1982.8431372549
			4463.23529411765	-1982.8431372549
			4465.6862745098	-1985.29411764706
			4468.13725490196	-1985.29411764706
			4470.58823529412	-1987.74509803922
			4473.03921568627	-1987.74509803922
			4475.49019607843	-1990.19607843137
			4477.94117647059	-1990.19607843137
			4480.39215686275	-1992.64705882353
			4482.8431372549	-1995.09803921569
			4485.29411764706	-1995.09803921569
			4487.74509803922	-1997.54901960784
			4490.19607843137	-1997.54901960784
			4492.64705882353	-2000
			4495.09803921569	-2000
			4497.54901960784	-2002.45098039216
			4500	-2002.45098039216
			4502.45098039216	-2004.90196078431
			4504.90196078431	-2007.35294117647
			4507.35294117647	-2007.35294117647
			4509.80392156863	-2007.35294117647
			4512.25490196078	-2009.80392156863
			4514.70588235294	-2012.25490196078
			4517.1568627451	-2012.25490196078
			4519.60784313726	-2012.25490196078
			4522.05882352941	-2014.70588235294
			4524.50980392157	-2014.70588235294
			4524.50980392157	-2017.1568627451
			4526.96078431373	-2017.1568627451
			4529.41176470588	-2019.60784313726
			4531.86274509804	-2019.60784313726
			4534.3137254902	-2022.05882352941
			4536.76470588235	-2022.05882352941
			4539.21568627451	-2024.50980392157
			4541.66666666667	-2026.96078431373
			4544.11764705882	-2026.96078431373
			4546.56862745098	-2029.41176470588
			4549.01960784314	-2029.41176470588
			4551.47058823529	-2031.86274509804
			4553.92156862745	-2031.86274509804
			4556.37254901961	-2034.3137254902
			4558.82352941176	-2036.76470588235
			4561.27450980392	-2036.76470588235
			4563.72549019608	-2039.21568627451
			4566.17647058824	-2039.21568627451
			4568.62745098039	-2041.66666666667
			4571.07843137255	-2041.66666666667
			4573.52941176471	-2044.11764705882
			4575.98039215686	-2044.11764705882
			4578.43137254902	-2046.56862745098
			4580.88235294118	-2046.56862745098
			4583.33333333333	-2049.01960784314
			4585.78431372549	-2049.01960784314
			4585.78431372549	-2051.47058823529
			4588.23529411765	-2053.92156862745
			4590.6862745098	-2053.92156862745
			4593.13725490196	-2056.37254901961
			4595.58823529412	-2056.37254901961
			4598.03921568627	-2058.82352941176
			4600.49019607843	-2058.82352941176
			4602.94117647059	-2061.27450980392
			4605.39215686275	-2061.27450980392
			4607.8431372549	-2063.72549019608
			4610.29411764706	-2066.17647058824
			4612.74509803922	-2066.17647058824
			4615.19607843137	-2068.62745098039
			4617.64705882353	-2071.07843137255
			4620.09803921569	-2071.07843137255
			4622.54901960784	-2073.52941176471
			4625	-2073.52941176471
			4627.45098039216	-2075.98039215686
			4629.90196078431	-2078.43137254902
			4632.35294117647	-2078.43137254902
			4634.80392156863	-2080.88235294118
			4637.25490196078	-2083.33333333333
			4639.70588235294	-2083.33333333333
			4642.1568627451	-2085.78431372549
			4644.60784313726	-2085.78431372549
			4647.05882352941	-2088.23529411765
			4649.50980392157	-2088.23529411765
			4651.96078431373	-2090.6862745098
			4654.41176470588	-2093.13725490196
			4656.86274509804	-2093.13725490196
			4659.3137254902	-2095.58823529412
			4661.76470588235	-2095.58823529412
			4664.21568627451	-2098.03921568627
			4666.66666666667	-2100.49019607843
			4669.11764705882	-2100.49019607843
			4671.56862745098	-2102.94117647059
			4674.01960784314	-2105.39215686275
			4676.47058823529	-2107.8431372549
			4678.92156862745	-2107.8431372549
			4681.37254901961	-2110.29411764706
			4683.82352941176	-2110.29411764706
			4686.27450980392	-2112.74509803922
			4688.72549019608	-2115.19607843137
			4691.17647058824	-2115.19607843137
			4693.62745098039	-2117.64705882353
			4696.07843137255	-2117.64705882353
			4698.52941176471	-2120.09803921569
			4700.98039215686	-2122.54901960784
			4703.43137254902	-2125
			4705.88235294118	-2125
			4708.33333333333	-2127.45098039216
			4710.78431372549	-2127.45098039216
			4713.23529411765	-2129.90196078431
			4713.23529411765	-2132.35294117647
			4715.6862745098	-2132.35294117647
			4718.13725490196	-2134.80392156863
			4720.58823529412	-2134.80392156863
			4720.58823529412	-2137.25490196078
			4723.03921568627	-2137.25490196078
			4725.49019607843	-2139.70588235294
			4727.94117647059	-2139.70588235294
			4727.94117647059	-2142.1568627451
			4730.39215686275	-2142.1568627451
			4732.8431372549	-2144.60784313726
			4735.29411764706	-2144.60784313726
			4735.29411764706	-2147.05882352941
			4737.74509803922	-2149.50980392157
			4740.19607843137	-2149.50980392157
			4740.19607843137	-2151.96078431373
			4742.64705882353	-2151.96078431373
			4745.09803921569	-2154.41176470588
			4747.54901960784	-2154.41176470588
			4747.54901960784	-2156.86274509804
			4750	-2156.86274509804
			4752.45098039216	-2159.3137254902
			4754.90196078431	-2159.3137254902
			4757.35294117647	-2161.76470588235
			4759.80392156863	-2164.21568627451
			4762.25490196078	-2166.66666666667
			4764.70588235294	-2169.11764705882
			4767.1568627451	-2169.11764705882
			4769.60784313726	-2171.56862745098
			4772.05882352941	-2171.56862745098
			4774.50980392157	-2174.01960784314
			4776.96078431373	-2176.47058823529
			4779.41176470588	-2178.92156862745
			4781.86274509804	-2181.37254901961
			4784.3137254902	-2181.37254901961
			4786.76470588235	-2183.82352941176
			4786.76470588235	-2186.27450980392
			4789.21568627451	-2186.27450980392
			4791.66666666667	-2188.72549019608
			4794.11764705882	-2191.17647058824
			4796.56862745098	-2191.17647058824
			4796.56862745098	-2193.62745098039
			4799.01960784314	-2196.07843137255
			4801.47058823529	-2196.07843137255
			4803.92156862745	-2198.52941176471
			4806.37254901961	-2200.98039215686
			4806.37254901961	-2203.43137254902
			4808.82352941176	-2203.43137254902
			4811.27450980392	-2205.88235294118
			4813.72549019608	-2208.33333333333
			4816.17647058824	-2210.78431372549
			4816.17647058824	-2213.23529411765
			4818.62745098039	-2213.23529411765
			4821.07843137255	-2215.6862745098
			4823.52941176471	-2218.13725490196
			4823.52941176471	-2220.58823529412
			4825.98039215686	-2223.03921568627
			4828.43137254902	-2225.49019607843
			4830.88235294118	-2225.49019607843
			4833.33333333333	-2227.94117647059
			4833.33333333333	-2230.39215686275
			4835.78431372549	-2232.8431372549
			4838.23529411765	-2235.29411764706
			4840.6862745098	-2237.74509803922
			4840.6862745098	-2240.19607843137
			4843.13725490196	-2242.64705882353
			4845.58823529412	-2245.09803921569
			4848.03921568627	-2247.54901960784
			4850.49019607843	-2250
			4852.94117647059	-2252.45098039216
			4852.94117647059	-2254.90196078431
			4855.39215686275	-2257.35294117647
			4857.8431372549	-2259.80392156863
			4860.29411764706	-2262.25490196078
			4862.74509803922	-2264.70588235294
			4862.74509803922	-2267.1568627451
			4865.19607843137	-2269.60784313726
			4867.64705882353	-2272.05882352941
			4867.64705882353	-2274.50980392157
			4870.09803921569	-2276.96078431373
			4870.09803921569	-2279.41176470588
			4872.54901960784	-2281.86274509804
			4875	-2281.86274509804
			4875	-2284.3137254902
			4877.45098039216	-2286.76470588235
			4879.90196078431	-2289.21568627451
			4879.90196078431	-2291.66666666667
			4882.35294117647	-2294.11764705882
			4884.80392156863	-2296.56862745098
			4884.80392156863	-2299.01960784314
			4887.25490196078	-2301.47058823529
			4887.25490196078	-2303.92156862745
			4889.70588235294	-2306.37254901961
			4892.1568627451	-2308.82352941176
			4892.1568627451	-2311.27450980392
			4894.60784313726	-2313.72549019608
			4897.05882352941	-2316.17647058824
			4897.05882352941	-2318.62745098039
			4899.50980392157	-2321.07843137255
			4899.50980392157	-2323.52941176471
			4901.96078431373	-2325.98039215686
			4904.41176470588	-2328.43137254902
			4904.41176470588	-2330.88235294118
			4906.86274509804	-2333.33333333333
			4906.86274509804	-2335.78431372549
			4909.3137254902	-2338.23529411765
			4911.76470588235	-2340.6862745098
			4911.76470588235	-2343.13725490196
			4911.76470588235	-2345.58823529412
			4914.21568627451	-2345.58823529412
			4914.21568627451	-2348.03921568627
			4916.66666666667	-2350.49019607843
			4916.66666666667	-2352.94117647059
			4919.11764705882	-2355.39215686275
			4919.11764705882	-2357.8431372549
			4921.56862745098	-2360.29411764706
			4921.56862745098	-2362.74509803922
			4924.01960784314	-2365.19607843137
			4926.47058823529	-2367.64705882353
			4926.47058823529	-2370.09803921569
			4928.92156862745	-2372.54901960784
			4928.92156862745	-2375
			4931.37254901961	-2377.45098039216
			4931.37254901961	-2379.90196078431
		</C1>
		<C2 type=matrix rownames=FALSE colnames=FALSE nrow=169 ncol=2 as.numeric=TRUE >
			4034.3137254902	-3191.17647058824
			4034.3137254902	-3193.62745098039
			4036.76470588235	-3196.07843137255
			4036.76470588235	-3198.52941176471
			4039.21568627451	-3200.98039215686
			4039.21568627451	-3203.43137254902
			4039.21568627451	-3205.88235294118
			4041.66666666667	-3208.33333333333
			4041.66666666667	-3210.78431372549
			4041.66666666667	-3213.23529411765
			4041.66666666667	-3215.6862745098
			4044.11764705882	-3218.13725490196
			4044.11764705882	-3220.58823529412
			4044.11764705882	-3223.03921568627
			4044.11764705882	-3225.49019607843
			4044.11764705882	-3227.94117647059
			4044.11764705882	-3230.39215686275
			4044.11764705882	-3232.8431372549
			4046.56862745098	-3235.29411764706
			4046.56862745098	-3237.74509803922
			4044.11764705882	-3240.19607843137
			4044.11764705882	-3242.64705882353
			4044.11764705882	-3245.09803921569
			4044.11764705882	-3247.54901960784
			4044.11764705882	-3250
			4044.11764705882	-3252.45098039216
			4041.66666666667	-3254.90196078431
			4041.66666666667	-3257.35294117647
			4041.66666666667	-3259.80392156863
			4041.66666666667	-3262.25490196078
			4039.21568627451	-3264.70588235294
			4039.21568627451	-3267.1568627451
			4036.76470588235	-3269.60784313726
			4036.76470588235	-3272.05882352941
			4034.3137254902	-3274.50980392157
			4034.3137254902	-3276.96078431373
			4031.86274509804	-3279.41176470588
			4029.41176470588	-3281.86274509804
			4029.41176470588	-3284.3137254902
			4026.96078431373	-3286.76470588235
			4024.50980392157	-3289.21568627451
			4022.05882352941	-3291.66666666667
			4019.60784313726	-3294.11764705882
			4017.1568627451	-3296.56862745098
			4014.70588235294	-3299.01960784314
			4012.25490196078	-3301.47058823529
			4009.80392156863	-3301.47058823529
			4007.35294117647	-3303.92156862745
			4007.35294117647	-3306.37254901961
			4004.90196078431	-3306.37254901961
			4002.45098039216	-3308.82352941176
			4000	-3308.82352941176
			3997.54901960784	-3311.27450980392
			3995.09803921569	-3313.72549019608
			3992.64705882353	-3316.17647058824
			3990.19607843137	-3316.17647058824
			3987.74509803922	-3318.62745098039
			3985.29411764706	-3318.62745098039
			3982.8431372549	-3321.07843137255
			3980.39215686275	-3321.07843137255
			3977.94117647059	-3323.52941176471
			3975.49019607843	-3323.52941176471
			3973.03921568627	-3325.98039215686
			3970.58823529412	-3325.98039215686
			3968.13725490196	-3325.98039215686
			3965.6862745098	-3328.43137254902
			3963.23529411765	-3330.88235294118
			3960.78431372549	-3330.88235294118
			3958.33333333333	-3330.88235294118
			3955.88235294118	-3330.88235294118
			3953.43137254902	-3330.88235294118
			3950.98039215686	-3328.43137254902
			3948.52941176471	-3328.43137254902
			3946.07843137255	-3328.43137254902
			3943.62745098039	-3328.43137254902
			3941.17647058824	-3328.43137254902
			3938.72549019608	-3328.43137254902
			3936.27450980392	-3325.98039215686
			3933.82352941176	-3325.98039215686
			3931.37254901961	-3325.98039215686
			3928.92156862745	-3323.52941176471
			3926.47058823529	-3323.52941176471
			3924.01960784314	-3323.52941176471
			3921.56862745098	-3323.52941176471
			3919.11764705882	-3321.07843137255
			3916.66666666667	-3321.07843137255
			3914.21568627451	-3321.07843137255
			3911.76470588235	-3318.62745098039
			3909.3137254902	-3318.62745098039
			3906.86274509804	-3318.62745098039
			3904.41176470588	-3316.17647058824
			3901.96078431373	-3316.17647058824
			3899.50980392157	-3313.72549019608
			3897.05882352941	-3313.72549019608
			3894.60784313726	-3311.27450980392
			3892.1568627451	-3311.27450980392
			3889.70588235294	-3308.82352941176
			3887.25490196078	-3308.82352941176
			3884.80392156863	-3306.37254901961
			3882.35294117647	-3306.37254901961
			3879.90196078431	-3303.92156862745
			3877.45098039216	-3303.92156862745
			3877.45098039216	-3301.47058823529
			3875	-3299.01960784314
			3872.54901960784	-3299.01960784314
			3870.09803921569	-3296.56862745098
			3867.64705882353	-3294.11764705882
			3865.19607843137	-3291.66666666667
			3862.74509803922	-3289.21568627451
			3860.29411764706	-3286.76470588235
			3857.8431372549	-3284.3137254902
			3855.39215686275	-3281.86274509804
			3855.39215686275	-3279.41176470588
			3852.94117647059	-3276.96078431373
			3850.49019607843	-3274.50980392157
			3850.49019607843	-3272.05882352941
			3848.03921568627	-3269.60784313726
			3848.03921568627	-3267.1568627451
			3845.58823529412	-3264.70588235294
			3845.58823529412	-3262.25490196078
			3843.13725490196	-3259.80392156863
			3843.13725490196	-3257.35294117647
			3840.6862745098	-3254.90196078431
			3840.6862745098	-3252.45098039216
			3838.23529411765	-3250
			3838.23529411765	-3247.54901960784
			3838.23529411765	-3245.09803921569
			3838.23529411765	-3242.64705882353
			3838.23529411765	-3240.19607843137
			3835.78431372549	-3237.74509803922
			3835.78431372549	-3235.29411764706
			3835.78431372549	-3232.8431372549
			3835.78431372549	-3230.39215686275
			3835.78431372549	-3227.94117647059
			3835.78431372549	-3225.49019607843
			3835.78431372549	-3223.03921568627
			3835.78431372549	-3220.58823529412
			3833.33333333333	-3220.58823529412
			3833.33333333333	-3218.13725490196
			3833.33333333333	-3215.6862745098
			3833.33333333333	-3213.23529411765
			3833.33333333333	-3210.78431372549
			3833.33333333333	-3208.33333333333
			3833.33333333333	-3205.88235294118
			3835.78431372549	-3203.43137254902
			3835.78431372549	-3200.98039215686
			3835.78431372549	-3198.52941176471
			3835.78431372549	-3196.07843137255
			3835.78431372549	-3193.62745098039
			3835.78431372549	-3191.17647058824
			3835.78431372549	-3188.72549019608
			3835.78431372549	-3186.27450980392
			3835.78431372549	-3183.82352941176
			3838.23529411765	-3181.37254901961
			3838.23529411765	-3178.92156862745
			3838.23529411765	-3176.47058823529
			3838.23529411765	-3174.01960784314
			3838.23529411765	-3171.56862745098
			3838.23529411765	-3169.11764705882
			3840.6862745098	-3166.66666666667
			3840.6862745098	-3164.21568627451
			3840.6862745098	-3161.76470588235
			3840.6862745098	-3159.3137254902
			3843.13725490196	-3156.86274509804
			3843.13725490196	-3154.41176470588
			3843.13725490196	-3151.96078431373
			3845.58823529412	-3149.50980392157
			3845.58823529412	-3147.05882352941
			3845.58823529412	-3144.60784313726
		</C2>
	</curves.scaled>
	<ruler.points type=matrix rownames=TRUE colnames=FALSE nrow=2 ncol=2 as.numeric=TRUE >
		Ruler point 1	3	1877
		Ruler point 2	105	1877
	</ruler.points>
</shapes>

