<shapes type=list>
	<ruler.pixel type=vector names=FALSE length=1 as.numeric=TRUE >102</ruler.pixel>
	<ruler.interval type=vector names=FALSE length=1 as.numeric=TRUE >250</ruler.interval>
	<scaling.units type=vector names=FALSE length=1 as.numeric=FALSE >nm</scaling.units>
	<scaling type=vector names=FALSE length=1 as.numeric=TRUE >2.45098039215686</scaling>
	<landmarks.pixel type=matrix rownames=TRUE colnames=FALSE nrow=10 ncol=2 as.numeric=TRUE >
		1-Pore1R	1177	497
		2-Pore1L	1093	508
		3-Pore2T	575	882
		4-Pore2B	595	956
		5-Pore3T	836	1295
		6-Pore3B	929	1353
		7-Pore4L	1814	1241
		8-Pore4R	1942	1110
		9-Anchor	2289	1102
		10-Tip	2003	487
	</landmarks.pixel>
	<landmarks.scaled type=matrix rownames=TRUE colnames=FALSE nrow=10 ncol=2 as.numeric=TRUE >
		1-Pore1R	2884.80392156863	-1218.13725490196
		2-Pore1L	2678.92156862745	-1245.09803921569
		3-Pore2T	1409.3137254902	-2161.76470588235
		4-Pore2B	1458.33333333333	-2343.13725490196
		5-Pore3T	2049.01960784314	-3174.01960784314
		6-Pore3B	2276.96078431373	-3316.17647058824
		7-Pore4L	4446.07843137255	-3041.66666666667
		8-Pore4R	4759.80392156863	-2720.58823529412
		9-Anchor	5610.29411764706	-2700.98039215686
		10-Tip	4909.3137254902	-1193.62745098039
	</landmarks.scaled>
	<curves.control type=list>
		<C1 type=matrix rownames=FALSE colnames=FALSE nrow=9 ncol=2 as.numeric=TRUE >
			2289	1102
			2148	966
			2083	815
			2011	656
			1958	643
			1867	602
			1882	536
			1894	475
			2003	487
		</C1>
	</curves.control>
	<curves.pixel type=list>
		<C1 type=matrix rownames=FALSE colnames=FALSE nrow=784 ncol=2 as.numeric=TRUE >
			2289	1102
			2288	1101
			2287	1100
			2286	1099
			2285	1098
			2284	1097
			2283	1096
			2282	1095
			2281	1094
			2280	1093
			2279	1092
			2278	1091
			2277	1091
			2276	1090
			2275	1089
			2275	1088
			2274	1087
			2273	1086
			2272	1085
			2271	1084
			2270	1083
			2269	1082
			2268	1081
			2267	1080
			2266	1080
			2265	1079
			2265	1078
			2264	1077
			2263	1076
			2262	1075
			2261	1074
			2260	1073
			2259	1072
			2258	1071
			2257	1070
			2257	1069
			2256	1069
			2255	1068
			2254	1067
			2253	1066
			2252	1065
			2251	1064
			2250	1063
			2250	1062
			2249	1061
			2248	1060
			2247	1059
			2246	1058
			2245	1057
			2244	1057
			2243	1056
			2243	1055
			2242	1054
			2241	1053
			2240	1052
			2239	1051
			2238	1050
			2238	1049
			2237	1048
			2236	1047
			2235	1046
			2234	1045
			2233	1044
			2232	1043
			2231	1042
			2230	1041
			2229	1040
			2229	1039
			2228	1039
			2227	1038
			2227	1037
			2226	1036
			2225	1035
			2224	1034
			2223	1033
			2222	1032
			2222	1031
			2221	1031
			2220	1030
			2220	1029
			2219	1028
			2218	1027
			2217	1026
			2216	1025
			2215	1024
			2214	1023
			2214	1022
			2213	1021
			2212	1020
			2211	1019
			2210	1018
			2209	1017
			2209	1016
			2208	1015
			2207	1014
			2206	1013
			2205	1012
			2205	1011
			2204	1010
			2203	1009
			2202	1008
			2201	1007
			2201	1006
			2200	1005
			2199	1004
			2198	1003
			2197	1002
			2197	1001
			2196	1000
			2195	999
			2194	998
			2194	997
			2193	996
			2192	995
			2191	994
			2190	993
			2190	992
			2189	991
			2188	990
			2187	989
			2186	988
			2185	987
			2185	986
			2184	985
			2183	984
			2182	983
			2181	982
			2181	981
			2180	980
			2179	979
			2179	978
			2178	977
			2177	977
			2177	976
			2176	975
			2176	974
			2175	973
			2174	972
			2174	971
			2173	971
			2172	970
			2172	969
			2171	968
			2171	967
			2170	966
			2169	965
			2168	964
			2167	963
			2167	962
			2166	961
			2165	960
			2164	959
			2164	958
			2163	957
			2163	956
			2162	956
			2162	955
			2161	954
			2161	953
			2160	952
			2159	951
			2158	950
			2158	949
			2157	948
			2156	947
			2156	946
			2155	945
			2154	944
			2154	943
			2153	942
			2152	941
			2151	940
			2151	939
			2150	938
			2150	937
			2149	937
			2149	936
			2148	935
			2148	934
			2147	933
			2146	932
			2146	931
			2145	930
			2144	929
			2144	928
			2143	927
			2142	926
			2142	925
			2141	924
			2141	923
			2140	922
			2139	921
			2139	920
			2138	919
			2138	918
			2137	918
			2136	917
			2136	916
			2135	915
			2135	914
			2134	913
			2133	912
			2133	911
			2132	910
			2132	909
			2131	908
			2131	907
			2130	906
			2129	905
			2129	904
			2128	903
			2128	902
			2127	902
			2127	901
			2126	900
			2126	899
			2125	898
			2124	897
			2124	896
			2123	895
			2123	894
			2122	893
			2122	892
			2121	891
			2121	890
			2120	889
			2120	888
			2119	887
			2118	886
			2118	885
			2117	884
			2116	883
			2116	882
			2116	881
			2115	881
			2115	880
			2114	879
			2114	878
			2113	877
			2113	876
			2112	875
			2112	874
			2111	873
			2111	872
			2110	872
			2110	871
			2109	870
			2109	869
			2109	868
			2108	867
			2107	866
			2107	865
			2106	864
			2106	863
			2105	862
			2105	861
			2104	860
			2104	859
			2103	858
			2103	857
			2102	856
			2102	855
			2101	854
			2101	853
			2100	852
			2100	851
			2099	850
			2099	849
			2098	848
			2098	847
			2097	846
			2097	845
			2096	844
			2096	843
			2095	842
			2095	841
			2094	840
			2094	839
			2093	838
			2093	837
			2092	836
			2092	835
			2091	834
			2091	833
			2091	832
			2090	831
			2090	830
			2089	829
			2089	828
			2088	827
			2088	826
			2087	825
			2087	824
			2086	823
			2086	822
			2086	821
			2085	820
			2085	819
			2084	818
			2084	817
			2083	816
			2083	815
			2082	814
			2082	813
			2081	812
			2081	811
			2081	810
			2080	809
			2080	808
			2079	807
			2079	806
			2078	805
			2078	804
			2078	803
			2077	802
			2077	801
			2076	800
			2076	799
			2075	798
			2075	797
			2074	797
			2074	796
			2074	795
			2073	794
			2073	793
			2072	792
			2072	791
			2072	790
			2071	790
			2071	789
			2070	788
			2070	787
			2070	786
			2069	785
			2068	784
			2068	783
			2067	782
			2067	781
			2066	780
			2066	779
			2065	778
			2065	777
			2064	776
			2064	775
			2064	774
			2063	773
			2063	772
			2062	771
			2062	770
			2061	769
			2061	768
			2060	767
			2060	766
			2059	765
			2058	764
			2058	763
			2057	762
			2057	761
			2056	760
			2056	759
			2055	758
			2055	757
			2054	756
			2054	755
			2053	754
			2053	753
			2052	752
			2052	751
			2051	750
			2051	749
			2050	748
			2049	747
			2049	746
			2048	745
			2048	744
			2047	743
			2047	742
			2046	741
			2046	740
			2045	739
			2044	738
			2044	737
			2044	736
			2043	736
			2043	735
			2042	734
			2042	733
			2041	732
			2040	731
			2040	730
			2039	729
			2039	728
			2038	727
			2038	726
			2037	726
			2037	725
			2036	724
			2036	723
			2035	722
			2034	721
			2034	720
			2033	719
			2033	718
			2032	717
			2032	716
			2031	715
			2030	714
			2030	713
			2029	712
			2029	711
			2028	711
			2027	710
			2027	709
			2026	708
			2026	707
			2025	706
			2025	705
			2024	704
			2023	704
			2023	703
			2022	702
			2022	701
			2021	700
			2021	699
			2020	699
			2020	698
			2019	697
			2018	696
			2018	695
			2017	695
			2017	694
			2016	693
			2016	692
			2015	692
			2014	691
			2014	690
			2013	689
			2012	688
			2012	687
			2011	686
			2010	685
			2010	684
			2009	683
			2008	683
			2008	682
			2007	681
			2006	680
			2006	679
			2005	679
			2004	678
			2004	677
			2003	676
			2002	676
			2002	675
			2001	674
			2000	673
			1999	672
			1998	671
			1998	670
			1997	669
			1996	669
			1995	668
			1995	667
			1994	666
			1993	665
			1992	665
			1992	664
			1991	663
			1990	663
			1989	662
			1989	661
			1988	660
			1987	660
			1986	659
			1985	658
			1984	657
			1983	656
			1982	656
			1981	655
			1980	654
			1979	653
			1978	652
			1977	652
			1976	651
			1975	651
			1974	650
			1973	649
			1972	649
			1971	648
			1970	648
			1969	647
			1968	647
			1968	646
			1967	646
			1966	646
			1965	646
			1965	645
			1964	645
			1963	645
			1963	644
			1962	644
			1961	644
			1960	644
			1960	643
			1959	643
			1958	643
			1957	643
			1956	642
			1955	642
			1954	641
			1953	640
			1952	640
			1951	640
			1950	639
			1949	639
			1948	638
			1947	638
			1946	637
			1945	637
			1945	636
			1944	636
			1943	636
			1942	635
			1941	635
			1941	634
			1940	634
			1939	634
			1938	633
			1937	632
			1936	632
			1935	631
			1934	631
			1933	630
			1932	630
			1932	629
			1931	629
			1930	628
			1929	628
			1928	627
			1927	627
			1927	626
			1926	626
			1925	625
			1924	624
			1923	624
			1923	623
			1922	623
			1921	622
			1920	622
			1920	621
			1919	621
			1918	620
			1917	620
			1917	619
			1916	619
			1915	618
			1914	617
			1913	616
			1912	615
			1911	614
			1910	614
			1909	613
			1909	612
			1908	612
			1907	611
			1906	610
			1905	609
			1904	608
			1903	607
			1902	606
			1901	605
			1900	604
			1900	603
			1899	603
			1898	602
			1897	601
			1897	600
			1896	599
			1895	598
			1895	597
			1894	596
			1893	596
			1893	595
			1892	594
			1892	593
			1891	592
			1890	591
			1890	590
			1889	589
			1889	588
			1888	587
			1888	586
			1887	586
			1887	585
			1886	584
			1886	583
			1886	582
			1885	581
			1885	580
			1884	579
			1884	578
			1884	577
			1883	576
			1883	575
			1883	574
			1882	573
			1882	572
			1882	571
			1882	570
			1882	569
			1881	568
			1881	567
			1881	566
			1881	565
			1881	564
			1880	563
			1880	562
			1880	561
			1880	560
			1880	559
			1880	558
			1880	557
			1880	556
			1880	555
			1880	554
			1880	553
			1880	552
			1880	551
			1880	550
			1880	549
			1880	548
			1880	547
			1880	546
			1880	545
			1881	544
			1881	543
			1881	542
			1881	541
			1881	540
			1881	539
			1882	538
			1882	537
			1882	536
			1882	535
			1882	534
			1883	533
			1883	532
			1883	531
			1884	530
			1884	529
			1884	528
			1884	527
			1885	526
			1885	525
			1886	524
			1886	523
			1886	522
			1887	521
			1887	520
			1888	520
			1888	519
			1889	518
			1889	517
			1890	516
			1890	515
			1891	515
			1891	514
			1892	513
			1892	512
			1893	511
			1894	511
			1894	510
			1895	509
			1896	508
			1897	507
			1898	506
			1899	505
			1900	504
			1901	503
			1902	502
			1903	502
			1903	501
			1904	501
			1905	500
			1906	500
			1906	499
			1907	499
			1908	498
			1909	498
			1909	497
			1910	497
			1911	497
			1912	496
			1913	496
			1914	495
			1915	495
			1916	494
			1917	494
			1918	493
			1919	493
			1920	493
			1921	492
			1922	492
			1923	492
			1924	491
			1925	491
			1926	490
			1927	490
			1928	490
			1929	490
			1930	489
			1931	489
			1932	489
			1933	489
			1934	488
			1935	488
			1936	488
			1937	488
			1938	488
			1939	487
			1940	487
			1941	487
			1942	487
			1943	487
			1944	487
			1945	486
			1946	486
			1947	486
			1948	486
			1949	486
			1950	486
			1951	486
			1952	486
			1953	486
			1954	486
			1955	486
			1956	485
			1957	485
			1958	485
			1959	485
			1960	485
			1961	485
			1962	485
			1963	485
			1964	485
			1965	485
			1966	485
			1967	485
			1968	485
			1969	485
			1970	485
			1971	485
			1972	485
			1973	485
			1974	485
			1975	485
			1976	485
			1977	485
			1978	485
			1979	485
			1980	485
			1981	485
			1982	485
			1983	485
			1984	485
			1985	485
			1986	486
			1987	486
			1988	486
			1989	486
			1990	486
			1991	486
			1992	486
			1993	486
			1994	486
			1995	486
			1996	486
			1997	486
			1998	487
			1999	487
			2000	487
			2001	487
			2002	487
			2003	487
		</C1>
	</curves.pixel>
	<curves.scaled type=list>
		<C1 type=matrix rownames=FALSE colnames=FALSE nrow=784 ncol=2 as.numeric=TRUE >
			5610.29411764706	-2700.98039215686
			5607.8431372549	-2698.52941176471
			5605.39215686275	-2696.07843137255
			5602.94117647059	-2693.62745098039
			5600.49019607843	-2691.17647058824
			5598.03921568627	-2688.72549019608
			5595.58823529412	-2686.27450980392
			5593.13725490196	-2683.82352941176
			5590.6862745098	-2681.37254901961
			5588.23529411765	-2678.92156862745
			5585.78431372549	-2676.47058823529
			5583.33333333333	-2674.01960784314
			5580.88235294118	-2674.01960784314
			5578.43137254902	-2671.56862745098
			5575.98039215686	-2669.11764705882
			5575.98039215686	-2666.66666666667
			5573.52941176471	-2664.21568627451
			5571.07843137255	-2661.76470588235
			5568.62745098039	-2659.3137254902
			5566.17647058824	-2656.86274509804
			5563.72549019608	-2654.41176470588
			5561.27450980392	-2651.96078431373
			5558.82352941176	-2649.50980392157
			5556.37254901961	-2647.05882352941
			5553.92156862745	-2647.05882352941
			5551.47058823529	-2644.60784313726
			5551.47058823529	-2642.1568627451
			5549.01960784314	-2639.70588235294
			5546.56862745098	-2637.25490196078
			5544.11764705882	-2634.80392156863
			5541.66666666667	-2632.35294117647
			5539.21568627451	-2629.90196078431
			5536.76470588235	-2627.45098039216
			5534.3137254902	-2625
			5531.86274509804	-2622.54901960784
			5531.86274509804	-2620.09803921569
			5529.41176470588	-2620.09803921569
			5526.96078431373	-2617.64705882353
			5524.50980392157	-2615.19607843137
			5522.05882352941	-2612.74509803922
			5519.60784313726	-2610.29411764706
			5517.1568627451	-2607.8431372549
			5514.70588235294	-2605.39215686275
			5514.70588235294	-2602.94117647059
			5512.25490196078	-2600.49019607843
			5509.80392156863	-2598.03921568627
			5507.35294117647	-2595.58823529412
			5504.90196078431	-2593.13725490196
			5502.45098039216	-2590.6862745098
			5500	-2590.6862745098
			5497.54901960784	-2588.23529411765
			5497.54901960784	-2585.78431372549
			5495.09803921569	-2583.33333333333
			5492.64705882353	-2580.88235294118
			5490.19607843137	-2578.43137254902
			5487.74509803922	-2575.98039215686
			5485.29411764706	-2573.52941176471
			5485.29411764706	-2571.07843137255
			5482.8431372549	-2568.62745098039
			5480.39215686275	-2566.17647058824
			5477.94117647059	-2563.72549019608
			5475.49019607843	-2561.27450980392
			5473.03921568627	-2558.82352941176
			5470.58823529412	-2556.37254901961
			5468.13725490196	-2553.92156862745
			5465.6862745098	-2551.47058823529
			5463.23529411765	-2549.01960784314
			5463.23529411765	-2546.56862745098
			5460.78431372549	-2546.56862745098
			5458.33333333333	-2544.11764705882
			5458.33333333333	-2541.66666666667
			5455.88235294118	-2539.21568627451
			5453.43137254902	-2536.76470588235
			5450.98039215686	-2534.3137254902
			5448.52941176471	-2531.86274509804
			5446.07843137255	-2529.41176470588
			5446.07843137255	-2526.96078431373
			5443.62745098039	-2526.96078431373
			5441.17647058824	-2524.50980392157
			5441.17647058824	-2522.05882352941
			5438.72549019608	-2519.60784313726
			5436.27450980392	-2517.1568627451
			5433.82352941176	-2514.70588235294
			5431.37254901961	-2512.25490196078
			5428.92156862745	-2509.80392156863
			5426.47058823529	-2507.35294117647
			5426.47058823529	-2504.90196078431
			5424.01960784314	-2502.45098039216
			5421.56862745098	-2500
			5419.11764705882	-2497.54901960784
			5416.66666666667	-2495.09803921569
			5414.21568627451	-2492.64705882353
			5414.21568627451	-2490.19607843137
			5411.76470588235	-2487.74509803922
			5409.3137254902	-2485.29411764706
			5406.86274509804	-2482.8431372549
			5404.41176470588	-2480.39215686275
			5404.41176470588	-2477.94117647059
			5401.96078431373	-2475.49019607843
			5399.50980392157	-2473.03921568627
			5397.05882352941	-2470.58823529412
			5394.60784313726	-2468.13725490196
			5394.60784313726	-2465.6862745098
			5392.1568627451	-2463.23529411765
			5389.70588235294	-2460.78431372549
			5387.25490196078	-2458.33333333333
			5384.80392156863	-2455.88235294118
			5384.80392156863	-2453.43137254902
			5382.35294117647	-2450.98039215686
			5379.90196078431	-2448.52941176471
			5377.45098039216	-2446.07843137255
			5377.45098039216	-2443.62745098039
			5375	-2441.17647058824
			5372.54901960784	-2438.72549019608
			5370.09803921569	-2436.27450980392
			5367.64705882353	-2433.82352941176
			5367.64705882353	-2431.37254901961
			5365.19607843137	-2428.92156862745
			5362.74509803922	-2426.47058823529
			5360.29411764706	-2424.01960784314
			5357.8431372549	-2421.56862745098
			5355.39215686275	-2419.11764705882
			5355.39215686275	-2416.66666666667
			5352.94117647059	-2414.21568627451
			5350.49019607843	-2411.76470588235
			5348.03921568627	-2409.3137254902
			5345.58823529412	-2406.86274509804
			5345.58823529412	-2404.41176470588
			5343.13725490196	-2401.96078431373
			5340.6862745098	-2399.50980392157
			5340.6862745098	-2397.05882352941
			5338.23529411765	-2394.60784313726
			5335.78431372549	-2394.60784313726
			5335.78431372549	-2392.1568627451
			5333.33333333333	-2389.70588235294
			5333.33333333333	-2387.25490196078
			5330.88235294118	-2384.80392156863
			5328.43137254902	-2382.35294117647
			5328.43137254902	-2379.90196078431
			5325.98039215686	-2379.90196078431
			5323.52941176471	-2377.45098039216
			5323.52941176471	-2375
			5321.07843137255	-2372.54901960784
			5321.07843137255	-2370.09803921569
			5318.62745098039	-2367.64705882353
			5316.17647058824	-2365.19607843137
			5313.72549019608	-2362.74509803922
			5311.27450980392	-2360.29411764706
			5311.27450980392	-2357.8431372549
			5308.82352941176	-2355.39215686275
			5306.37254901961	-2352.94117647059
			5303.92156862745	-2350.49019607843
			5303.92156862745	-2348.03921568627
			5301.47058823529	-2345.58823529412
			5301.47058823529	-2343.13725490196
			5299.01960784314	-2343.13725490196
			5299.01960784314	-2340.6862745098
			5296.56862745098	-2338.23529411765
			5296.56862745098	-2335.78431372549
			5294.11764705882	-2333.33333333333
			5291.66666666667	-2330.88235294118
			5289.21568627451	-2328.43137254902
			5289.21568627451	-2325.98039215686
			5286.76470588235	-2323.52941176471
			5284.3137254902	-2321.07843137255
			5284.3137254902	-2318.62745098039
			5281.86274509804	-2316.17647058824
			5279.41176470588	-2313.72549019608
			5279.41176470588	-2311.27450980392
			5276.96078431373	-2308.82352941176
			5274.50980392157	-2306.37254901961
			5272.05882352941	-2303.92156862745
			5272.05882352941	-2301.47058823529
			5269.60784313726	-2299.01960784314
			5269.60784313726	-2296.56862745098
			5267.1568627451	-2296.56862745098
			5267.1568627451	-2294.11764705882
			5264.70588235294	-2291.66666666667
			5264.70588235294	-2289.21568627451
			5262.25490196078	-2286.76470588235
			5259.80392156863	-2284.3137254902
			5259.80392156863	-2281.86274509804
			5257.35294117647	-2279.41176470588
			5254.90196078431	-2276.96078431373
			5254.90196078431	-2274.50980392157
			5252.45098039216	-2272.05882352941
			5250	-2269.60784313726
			5250	-2267.1568627451
			5247.54901960784	-2264.70588235294
			5247.54901960784	-2262.25490196078
			5245.09803921569	-2259.80392156863
			5242.64705882353	-2257.35294117647
			5242.64705882353	-2254.90196078431
			5240.19607843137	-2252.45098039216
			5240.19607843137	-2250
			5237.74509803922	-2250
			5235.29411764706	-2247.54901960784
			5235.29411764706	-2245.09803921569
			5232.8431372549	-2242.64705882353
			5232.8431372549	-2240.19607843137
			5230.39215686275	-2237.74509803922
			5227.94117647059	-2235.29411764706
			5227.94117647059	-2232.8431372549
			5225.49019607843	-2230.39215686275
			5225.49019607843	-2227.94117647059
			5223.03921568627	-2225.49019607843
			5223.03921568627	-2223.03921568627
			5220.58823529412	-2220.58823529412
			5218.13725490196	-2218.13725490196
			5218.13725490196	-2215.6862745098
			5215.6862745098	-2213.23529411765
			5215.6862745098	-2210.78431372549
			5213.23529411765	-2210.78431372549
			5213.23529411765	-2208.33333333333
			5210.78431372549	-2205.88235294118
			5210.78431372549	-2203.43137254902
			5208.33333333333	-2200.98039215686
			5205.88235294118	-2198.52941176471
			5205.88235294118	-2196.07843137255
			5203.43137254902	-2193.62745098039
			5203.43137254902	-2191.17647058824
			5200.98039215686	-2188.72549019608
			5200.98039215686	-2186.27450980392
			5198.52941176471	-2183.82352941176
			5198.52941176471	-2181.37254901961
			5196.07843137255	-2178.92156862745
			5196.07843137255	-2176.47058823529
			5193.62745098039	-2174.01960784314
			5191.17647058824	-2171.56862745098
			5191.17647058824	-2169.11764705882
			5188.72549019608	-2166.66666666667
			5186.27450980392	-2164.21568627451
			5186.27450980392	-2161.76470588235
			5186.27450980392	-2159.3137254902
			5183.82352941176	-2159.3137254902
			5183.82352941176	-2156.86274509804
			5181.37254901961	-2154.41176470588
			5181.37254901961	-2151.96078431373
			5178.92156862745	-2149.50980392157
			5178.92156862745	-2147.05882352941
			5176.47058823529	-2144.60784313726
			5176.47058823529	-2142.1568627451
			5174.01960784314	-2139.70588235294
			5174.01960784314	-2137.25490196078
			5171.56862745098	-2137.25490196078
			5171.56862745098	-2134.80392156863
			5169.11764705882	-2132.35294117647
			5169.11764705882	-2129.90196078431
			5169.11764705882	-2127.45098039216
			5166.66666666667	-2125
			5164.21568627451	-2122.54901960784
			5164.21568627451	-2120.09803921569
			5161.76470588235	-2117.64705882353
			5161.76470588235	-2115.19607843137
			5159.3137254902	-2112.74509803922
			5159.3137254902	-2110.29411764706
			5156.86274509804	-2107.8431372549
			5156.86274509804	-2105.39215686275
			5154.41176470588	-2102.94117647059
			5154.41176470588	-2100.49019607843
			5151.96078431373	-2098.03921568627
			5151.96078431373	-2095.58823529412
			5149.50980392157	-2093.13725490196
			5149.50980392157	-2090.6862745098
			5147.05882352941	-2088.23529411765
			5147.05882352941	-2085.78431372549
			5144.60784313726	-2083.33333333333
			5144.60784313726	-2080.88235294118
			5142.1568627451	-2078.43137254902
			5142.1568627451	-2075.98039215686
			5139.70588235294	-2073.52941176471
			5139.70588235294	-2071.07843137255
			5137.25490196078	-2068.62745098039
			5137.25490196078	-2066.17647058824
			5134.80392156863	-2063.72549019608
			5134.80392156863	-2061.27450980392
			5132.35294117647	-2058.82352941176
			5132.35294117647	-2056.37254901961
			5129.90196078431	-2053.92156862745
			5129.90196078431	-2051.47058823529
			5127.45098039216	-2049.01960784314
			5127.45098039216	-2046.56862745098
			5125	-2044.11764705882
			5125	-2041.66666666667
			5125	-2039.21568627451
			5122.54901960784	-2036.76470588235
			5122.54901960784	-2034.3137254902
			5120.09803921569	-2031.86274509804
			5120.09803921569	-2029.41176470588
			5117.64705882353	-2026.96078431373
			5117.64705882353	-2024.50980392157
			5115.19607843137	-2022.05882352941
			5115.19607843137	-2019.60784313726
			5112.74509803922	-2017.1568627451
			5112.74509803922	-2014.70588235294
			5112.74509803922	-2012.25490196078
			5110.29411764706	-2009.80392156863
			5110.29411764706	-2007.35294117647
			5107.8431372549	-2004.90196078431
			5107.8431372549	-2002.45098039216
			5105.39215686275	-2000
			5105.39215686275	-1997.54901960784
			5102.94117647059	-1995.09803921569
			5102.94117647059	-1992.64705882353
			5100.49019607843	-1990.19607843137
			5100.49019607843	-1987.74509803922
			5100.49019607843	-1985.29411764706
			5098.03921568627	-1982.8431372549
			5098.03921568627	-1980.39215686275
			5095.58823529412	-1977.94117647059
			5095.58823529412	-1975.49019607843
			5093.13725490196	-1973.03921568627
			5093.13725490196	-1970.58823529412
			5093.13725490196	-1968.13725490196
			5090.6862745098	-1965.6862745098
			5090.6862745098	-1963.23529411765
			5088.23529411765	-1960.78431372549
			5088.23529411765	-1958.33333333333
			5085.78431372549	-1955.88235294118
			5085.78431372549	-1953.43137254902
			5083.33333333333	-1953.43137254902
			5083.33333333333	-1950.98039215686
			5083.33333333333	-1948.52941176471
			5080.88235294118	-1946.07843137255
			5080.88235294118	-1943.62745098039
			5078.43137254902	-1941.17647058824
			5078.43137254902	-1938.72549019608
			5078.43137254902	-1936.27450980392
			5075.98039215686	-1936.27450980392
			5075.98039215686	-1933.82352941176
			5073.52941176471	-1931.37254901961
			5073.52941176471	-1928.92156862745
			5073.52941176471	-1926.47058823529
			5071.07843137255	-1924.01960784314
			5068.62745098039	-1921.56862745098
			5068.62745098039	-1919.11764705882
			5066.17647058824	-1916.66666666667
			5066.17647058824	-1914.21568627451
			5063.72549019608	-1911.76470588235
			5063.72549019608	-1909.3137254902
			5061.27450980392	-1906.86274509804
			5061.27450980392	-1904.41176470588
			5058.82352941176	-1901.96078431373
			5058.82352941176	-1899.50980392157
			5058.82352941176	-1897.05882352941
			5056.37254901961	-1894.60784313726
			5056.37254901961	-1892.1568627451
			5053.92156862745	-1889.70588235294
			5053.92156862745	-1887.25490196078
			5051.47058823529	-1884.80392156863
			5051.47058823529	-1882.35294117647
			5049.01960784314	-1879.90196078431
			5049.01960784314	-1877.45098039216
			5046.56862745098	-1875
			5044.11764705882	-1872.54901960784
			5044.11764705882	-1870.09803921569
			5041.66666666667	-1867.64705882353
			5041.66666666667	-1865.19607843137
			5039.21568627451	-1862.74509803922
			5039.21568627451	-1860.29411764706
			5036.76470588235	-1857.8431372549
			5036.76470588235	-1855.39215686275
			5034.3137254902	-1852.94117647059
			5034.3137254902	-1850.49019607843
			5031.86274509804	-1848.03921568627
			5031.86274509804	-1845.58823529412
			5029.41176470588	-1843.13725490196
			5029.41176470588	-1840.6862745098
			5026.96078431373	-1838.23529411765
			5026.96078431373	-1835.78431372549
			5024.50980392157	-1833.33333333333
			5022.05882352941	-1830.88235294118
			5022.05882352941	-1828.43137254902
			5019.60784313726	-1825.98039215686
			5019.60784313726	-1823.52941176471
			5017.1568627451	-1821.07843137255
			5017.1568627451	-1818.62745098039
			5014.70588235294	-1816.17647058824
			5014.70588235294	-1813.72549019608
			5012.25490196078	-1811.27450980392
			5009.80392156863	-1808.82352941176
			5009.80392156863	-1806.37254901961
			5009.80392156863	-1803.92156862745
			5007.35294117647	-1803.92156862745
			5007.35294117647	-1801.47058823529
			5004.90196078431	-1799.01960784314
			5004.90196078431	-1796.56862745098
			5002.45098039216	-1794.11764705882
			5000	-1791.66666666667
			5000	-1789.21568627451
			4997.54901960784	-1786.76470588235
			4997.54901960784	-1784.3137254902
			4995.09803921569	-1781.86274509804
			4995.09803921569	-1779.41176470588
			4992.64705882353	-1779.41176470588
			4992.64705882353	-1776.96078431373
			4990.19607843137	-1774.50980392157
			4990.19607843137	-1772.05882352941
			4987.74509803922	-1769.60784313726
			4985.29411764706	-1767.1568627451
			4985.29411764706	-1764.70588235294
			4982.8431372549	-1762.25490196078
			4982.8431372549	-1759.80392156863
			4980.39215686275	-1757.35294117647
			4980.39215686275	-1754.90196078431
			4977.94117647059	-1752.45098039216
			4975.49019607843	-1750
			4975.49019607843	-1747.54901960784
			4973.03921568627	-1745.09803921569
			4973.03921568627	-1742.64705882353
			4970.58823529412	-1742.64705882353
			4968.13725490196	-1740.19607843137
			4968.13725490196	-1737.74509803922
			4965.6862745098	-1735.29411764706
			4965.6862745098	-1732.8431372549
			4963.23529411765	-1730.39215686275
			4963.23529411765	-1727.94117647059
			4960.78431372549	-1725.49019607843
			4958.33333333333	-1725.49019607843
			4958.33333333333	-1723.03921568627
			4955.88235294118	-1720.58823529412
			4955.88235294118	-1718.13725490196
			4953.43137254902	-1715.6862745098
			4953.43137254902	-1713.23529411765
			4950.98039215686	-1713.23529411765
			4950.98039215686	-1710.78431372549
			4948.52941176471	-1708.33333333333
			4946.07843137255	-1705.88235294118
			4946.07843137255	-1703.43137254902
			4943.62745098039	-1703.43137254902
			4943.62745098039	-1700.98039215686
			4941.17647058824	-1698.52941176471
			4941.17647058824	-1696.07843137255
			4938.72549019608	-1696.07843137255
			4936.27450980392	-1693.62745098039
			4936.27450980392	-1691.17647058824
			4933.82352941176	-1688.72549019608
			4931.37254901961	-1686.27450980392
			4931.37254901961	-1683.82352941176
			4928.92156862745	-1681.37254901961
			4926.47058823529	-1678.92156862745
			4926.47058823529	-1676.47058823529
			4924.01960784314	-1674.01960784314
			4921.56862745098	-1674.01960784314
			4921.56862745098	-1671.56862745098
			4919.11764705882	-1669.11764705882
			4916.66666666667	-1666.66666666667
			4916.66666666667	-1664.21568627451
			4914.21568627451	-1664.21568627451
			4911.76470588235	-1661.76470588235
			4911.76470588235	-1659.3137254902
			4909.3137254902	-1656.86274509804
			4906.86274509804	-1656.86274509804
			4906.86274509804	-1654.41176470588
			4904.41176470588	-1651.96078431373
			4901.96078431373	-1649.50980392157
			4899.50980392157	-1647.05882352941
			4897.05882352941	-1644.60784313726
			4897.05882352941	-1642.1568627451
			4894.60784313726	-1639.70588235294
			4892.1568627451	-1639.70588235294
			4889.70588235294	-1637.25490196078
			4889.70588235294	-1634.80392156863
			4887.25490196078	-1632.35294117647
			4884.80392156863	-1629.90196078431
			4882.35294117647	-1629.90196078431
			4882.35294117647	-1627.45098039216
			4879.90196078431	-1625
			4877.45098039216	-1625
			4875	-1622.54901960784
			4875	-1620.09803921569
			4872.54901960784	-1617.64705882353
			4870.09803921569	-1617.64705882353
			4867.64705882353	-1615.19607843137
			4865.19607843137	-1612.74509803922
			4862.74509803922	-1610.29411764706
			4860.29411764706	-1607.8431372549
			4857.8431372549	-1607.8431372549
			4855.39215686275	-1605.39215686275
			4852.94117647059	-1602.94117647059
			4850.49019607843	-1600.49019607843
			4848.03921568627	-1598.03921568627
			4845.58823529412	-1598.03921568627
			4843.13725490196	-1595.58823529412
			4840.6862745098	-1595.58823529412
			4838.23529411765	-1593.13725490196
			4835.78431372549	-1590.6862745098
			4833.33333333333	-1590.6862745098
			4830.88235294118	-1588.23529411765
			4828.43137254902	-1588.23529411765
			4825.98039215686	-1585.78431372549
			4823.52941176471	-1585.78431372549
			4823.52941176471	-1583.33333333333
			4821.07843137255	-1583.33333333333
			4818.62745098039	-1583.33333333333
			4816.17647058824	-1583.33333333333
			4816.17647058824	-1580.88235294118
			4813.72549019608	-1580.88235294118
			4811.27450980392	-1580.88235294118
			4811.27450980392	-1578.43137254902
			4808.82352941176	-1578.43137254902
			4806.37254901961	-1578.43137254902
			4803.92156862745	-1578.43137254902
			4803.92156862745	-1575.98039215686
			4801.47058823529	-1575.98039215686
			4799.01960784314	-1575.98039215686
			4796.56862745098	-1575.98039215686
			4794.11764705882	-1573.52941176471
			4791.66666666667	-1573.52941176471
			4789.21568627451	-1571.07843137255
			4786.76470588235	-1568.62745098039
			4784.3137254902	-1568.62745098039
			4781.86274509804	-1568.62745098039
			4779.41176470588	-1566.17647058824
			4776.96078431373	-1566.17647058824
			4774.50980392157	-1563.72549019608
			4772.05882352941	-1563.72549019608
			4769.60784313726	-1561.27450980392
			4767.1568627451	-1561.27450980392
			4767.1568627451	-1558.82352941176
			4764.70588235294	-1558.82352941176
			4762.25490196078	-1558.82352941176
			4759.80392156863	-1556.37254901961
			4757.35294117647	-1556.37254901961
			4757.35294117647	-1553.92156862745
			4754.90196078431	-1553.92156862745
			4752.45098039216	-1553.92156862745
			4750	-1551.47058823529
			4747.54901960784	-1549.01960784314
			4745.09803921569	-1549.01960784314
			4742.64705882353	-1546.56862745098
			4740.19607843137	-1546.56862745098
			4737.74509803922	-1544.11764705882
			4735.29411764706	-1544.11764705882
			4735.29411764706	-1541.66666666667
			4732.8431372549	-1541.66666666667
			4730.39215686275	-1539.21568627451
			4727.94117647059	-1539.21568627451
			4725.49019607843	-1536.76470588235
			4723.03921568627	-1536.76470588235
			4723.03921568627	-1534.3137254902
			4720.58823529412	-1534.3137254902
			4718.13725490196	-1531.86274509804
			4715.6862745098	-1529.41176470588
			4713.23529411765	-1529.41176470588
			4713.23529411765	-1526.96078431373
			4710.78431372549	-1526.96078431373
			4708.33333333333	-1524.50980392157
			4705.88235294118	-1524.50980392157
			4705.88235294118	-1522.05882352941
			4703.43137254902	-1522.05882352941
			4700.98039215686	-1519.60784313726
			4698.52941176471	-1519.60784313726
			4698.52941176471	-1517.1568627451
			4696.07843137255	-1517.1568627451
			4693.62745098039	-1514.70588235294
			4691.17647058824	-1512.25490196078
			4688.72549019608	-1509.80392156863
			4686.27450980392	-1507.35294117647
			4683.82352941176	-1504.90196078431
			4681.37254901961	-1504.90196078431
			4678.92156862745	-1502.45098039216
			4678.92156862745	-1500
			4676.47058823529	-1500
			4674.01960784314	-1497.54901960784
			4671.56862745098	-1495.09803921569
			4669.11764705882	-1492.64705882353
			4666.66666666667	-1490.19607843137
			4664.21568627451	-1487.74509803922
			4661.76470588235	-1485.29411764706
			4659.3137254902	-1482.8431372549
			4656.86274509804	-1480.39215686275
			4656.86274509804	-1477.94117647059
			4654.41176470588	-1477.94117647059
			4651.96078431373	-1475.49019607843
			4649.50980392157	-1473.03921568627
			4649.50980392157	-1470.58823529412
			4647.05882352941	-1468.13725490196
			4644.60784313726	-1465.6862745098
			4644.60784313726	-1463.23529411765
			4642.1568627451	-1460.78431372549
			4639.70588235294	-1460.78431372549
			4639.70588235294	-1458.33333333333
			4637.25490196078	-1455.88235294118
			4637.25490196078	-1453.43137254902
			4634.80392156863	-1450.98039215686
			4632.35294117647	-1448.52941176471
			4632.35294117647	-1446.07843137255
			4629.90196078431	-1443.62745098039
			4629.90196078431	-1441.17647058824
			4627.45098039216	-1438.72549019608
			4627.45098039216	-1436.27450980392
			4625	-1436.27450980392
			4625	-1433.82352941176
			4622.54901960784	-1431.37254901961
			4622.54901960784	-1428.92156862745
			4622.54901960784	-1426.47058823529
			4620.09803921569	-1424.01960784314
			4620.09803921569	-1421.56862745098
			4617.64705882353	-1419.11764705882
			4617.64705882353	-1416.66666666667
			4617.64705882353	-1414.21568627451
			4615.19607843137	-1411.76470588235
			4615.19607843137	-1409.3137254902
			4615.19607843137	-1406.86274509804
			4612.74509803922	-1404.41176470588
			4612.74509803922	-1401.96078431373
			4612.74509803922	-1399.50980392157
			4612.74509803922	-1397.05882352941
			4612.74509803922	-1394.60784313726
			4610.29411764706	-1392.1568627451
			4610.29411764706	-1389.70588235294
			4610.29411764706	-1387.25490196078
			4610.29411764706	-1384.80392156863
			4610.29411764706	-1382.35294117647
			4607.8431372549	-1379.90196078431
			4607.8431372549	-1377.45098039216
			4607.8431372549	-1375
			4607.8431372549	-1372.54901960784
			4607.8431372549	-1370.09803921569
			4607.8431372549	-1367.64705882353
			4607.8431372549	-1365.19607843137
			4607.8431372549	-1362.74509803922
			4607.8431372549	-1360.29411764706
			4607.8431372549	-1357.8431372549
			4607.8431372549	-1355.39215686275
			4607.8431372549	-1352.94117647059
			4607.8431372549	-1350.49019607843
			4607.8431372549	-1348.03921568627
			4607.8431372549	-1345.58823529412
			4607.8431372549	-1343.13725490196
			4607.8431372549	-1340.6862745098
			4607.8431372549	-1338.23529411765
			4607.8431372549	-1335.78431372549
			4610.29411764706	-1333.33333333333
			4610.29411764706	-1330.88235294118
			4610.29411764706	-1328.43137254902
			4610.29411764706	-1325.98039215686
			4610.29411764706	-1323.52941176471
			4610.29411764706	-1321.07843137255
			4612.74509803922	-1318.62745098039
			4612.74509803922	-1316.17647058824
			4612.74509803922	-1313.72549019608
			4612.74509803922	-1311.27450980392
			4612.74509803922	-1308.82352941176
			4615.19607843137	-1306.37254901961
			4615.19607843137	-1303.92156862745
			4615.19607843137	-1301.47058823529
			4617.64705882353	-1299.01960784314
			4617.64705882353	-1296.56862745098
			4617.64705882353	-1294.11764705882
			4617.64705882353	-1291.66666666667
			4620.09803921569	-1289.21568627451
			4620.09803921569	-1286.76470588235
			4622.54901960784	-1284.3137254902
			4622.54901960784	-1281.86274509804
			4622.54901960784	-1279.41176470588
			4625	-1276.96078431373
			4625	-1274.50980392157
			4627.45098039216	-1274.50980392157
			4627.45098039216	-1272.05882352941
			4629.90196078431	-1269.60784313726
			4629.90196078431	-1267.1568627451
			4632.35294117647	-1264.70588235294
			4632.35294117647	-1262.25490196078
			4634.80392156863	-1262.25490196078
			4634.80392156863	-1259.80392156863
			4637.25490196078	-1257.35294117647
			4637.25490196078	-1254.90196078431
			4639.70588235294	-1252.45098039216
			4642.1568627451	-1252.45098039216
			4642.1568627451	-1250
			4644.60784313726	-1247.54901960784
			4647.05882352941	-1245.09803921569
			4649.50980392157	-1242.64705882353
			4651.96078431373	-1240.19607843137
			4654.41176470588	-1237.74509803922
			4656.86274509804	-1235.29411764706
			4659.3137254902	-1232.8431372549
			4661.76470588235	-1230.39215686275
			4664.21568627451	-1230.39215686275
			4664.21568627451	-1227.94117647059
			4666.66666666667	-1227.94117647059
			4669.11764705882	-1225.49019607843
			4671.56862745098	-1225.49019607843
			4671.56862745098	-1223.03921568627
			4674.01960784314	-1223.03921568627
			4676.47058823529	-1220.58823529412
			4678.92156862745	-1220.58823529412
			4678.92156862745	-1218.13725490196
			4681.37254901961	-1218.13725490196
			4683.82352941176	-1218.13725490196
			4686.27450980392	-1215.6862745098
			4688.72549019608	-1215.6862745098
			4691.17647058824	-1213.23529411765
			4693.62745098039	-1213.23529411765
			4696.07843137255	-1210.78431372549
			4698.52941176471	-1210.78431372549
			4700.98039215686	-1208.33333333333
			4703.43137254902	-1208.33333333333
			4705.88235294118	-1208.33333333333
			4708.33333333333	-1205.88235294118
			4710.78431372549	-1205.88235294118
			4713.23529411765	-1205.88235294118
			4715.6862745098	-1203.43137254902
			4718.13725490196	-1203.43137254902
			4720.58823529412	-1200.98039215686
			4723.03921568627	-1200.98039215686
			4725.49019607843	-1200.98039215686
			4727.94117647059	-1200.98039215686
			4730.39215686275	-1198.52941176471
			4732.8431372549	-1198.52941176471
			4735.29411764706	-1198.52941176471
			4737.74509803922	-1198.52941176471
			4740.19607843137	-1196.07843137255
			4742.64705882353	-1196.07843137255
			4745.09803921569	-1196.07843137255
			4747.54901960784	-1196.07843137255
			4750	-1196.07843137255
			4752.45098039216	-1193.62745098039
			4754.90196078431	-1193.62745098039
			4757.35294117647	-1193.62745098039
			4759.80392156863	-1193.62745098039
			4762.25490196078	-1193.62745098039
			4764.70588235294	-1193.62745098039
			4767.1568627451	-1191.17647058824
			4769.60784313726	-1191.17647058824
			4772.05882352941	-1191.17647058824
			4774.50980392157	-1191.17647058824
			4776.96078431373	-1191.17647058824
			4779.41176470588	-1191.17647058824
			4781.86274509804	-1191.17647058824
			4784.3137254902	-1191.17647058824
			4786.76470588235	-1191.17647058824
			4789.21568627451	-1191.17647058824
			4791.66666666667	-1191.17647058824
			4794.11764705882	-1188.72549019608
			4796.56862745098	-1188.72549019608
			4799.01960784314	-1188.72549019608
			4801.47058823529	-1188.72549019608
			4803.92156862745	-1188.72549019608
			4806.37254901961	-1188.72549019608
			4808.82352941176	-1188.72549019608
			4811.27450980392	-1188.72549019608
			4813.72549019608	-1188.72549019608
			4816.17647058824	-1188.72549019608
			4818.62745098039	-1188.72549019608
			4821.07843137255	-1188.72549019608
			4823.52941176471	-1188.72549019608
			4825.98039215686	-1188.72549019608
			4828.43137254902	-1188.72549019608
			4830.88235294118	-1188.72549019608
			4833.33333333333	-1188.72549019608
			4835.78431372549	-1188.72549019608
			4838.23529411765	-1188.72549019608
			4840.6862745098	-1188.72549019608
			4843.13725490196	-1188.72549019608
			4845.58823529412	-1188.72549019608
			4848.03921568627	-1188.72549019608
			4850.49019607843	-1188.72549019608
			4852.94117647059	-1188.72549019608
			4855.39215686275	-1188.72549019608
			4857.8431372549	-1188.72549019608
			4860.29411764706	-1188.72549019608
			4862.74509803922	-1188.72549019608
			4865.19607843137	-1188.72549019608
			4867.64705882353	-1191.17647058824
			4870.09803921569	-1191.17647058824
			4872.54901960784	-1191.17647058824
			4875	-1191.17647058824
			4877.45098039216	-1191.17647058824
			4879.90196078431	-1191.17647058824
			4882.35294117647	-1191.17647058824
			4884.80392156863	-1191.17647058824
			4887.25490196078	-1191.17647058824
			4889.70588235294	-1191.17647058824
			4892.1568627451	-1191.17647058824
			4894.60784313726	-1191.17647058824
			4897.05882352941	-1193.62745098039
			4899.50980392157	-1193.62745098039
			4901.96078431373	-1193.62745098039
			4904.41176470588	-1193.62745098039
			4906.86274509804	-1193.62745098039
			4909.3137254902	-1193.62745098039
		</C1>
	</curves.scaled>
	<ruler.points type=matrix rownames=TRUE colnames=FALSE nrow=2 ncol=2 as.numeric=TRUE >
		Ruler point 1	3	1877
		Ruler point 2	105	1877
	</ruler.points>
</shapes>

