<shapes type=list>
	<ruler.pixel type=vector names=FALSE length=1 as.numeric=TRUE >102</ruler.pixel>
	<ruler.interval type=vector names=FALSE length=1 as.numeric=TRUE >250</ruler.interval>
	<scaling.units type=vector names=FALSE length=1 as.numeric=FALSE >nm</scaling.units>
	<scaling type=vector names=FALSE length=1 as.numeric=TRUE >2.45098039215686</scaling>
	<landmarks.pixel type=matrix rownames=TRUE colnames=FALSE nrow=10 ncol=2 as.numeric=TRUE >
		1-Pore1R	1267	631
		2-Pore1L	1193	638
		3-Pore2T	772	831
		4-Pore2B	780	920
		5-Pore3T	895	1182
		6-Pore3B	982	1228
		7-Pore4L	1647	1284
		8-Pore4R	1752	1248
		9-Anchor	1880	1225
		10-Tip	1806	757
	</landmarks.pixel>
	<landmarks.scaled type=matrix rownames=TRUE colnames=FALSE nrow=10 ncol=2 as.numeric=TRUE >
		1-Pore1R	3105.39215686275	-1546.56862745098
		2-Pore1L	2924.01960784314	-1563.72549019608
		3-Pore2T	1892.1568627451	-2036.76470588235
		4-Pore2B	1911.76470588235	-2254.90196078431
		5-Pore3T	2193.62745098039	-2897.05882352941
		6-Pore3B	2406.86274509804	-3009.80392156863
		7-Pore4L	4036.76470588235	-3147.05882352941
		8-Pore4R	4294.11764705882	-3058.82352941176
		9-Anchor	4607.8431372549	-3002.45098039216
		10-Tip	4426.47058823529	-1855.39215686275
	</landmarks.scaled>
	<curves.control type=list>
		<C1 type=matrix rownames=FALSE colnames=FALSE nrow=7 ncol=2 as.numeric=TRUE >
			1880	1225
			1844	1091
			1828	969
			1810	902
			1761	858
			1700	781
			1806	757
		</C1>
	</curves.control>
	<curves.pixel type=list>
		<C1 type=matrix rownames=FALSE colnames=FALSE nrow=519 ncol=2 as.numeric=TRUE >
			1880	1225
			1880	1224
			1879	1223
			1879	1222
			1879	1221
			1879	1220
			1878	1219
			1878	1218
			1878	1217
			1878	1216
			1877	1215
			1877	1214
			1877	1213
			1876	1212
			1876	1211
			1876	1210
			1876	1209
			1875	1208
			1875	1207
			1875	1206
			1875	1205
			1874	1204
			1874	1203
			1874	1202
			1874	1201
			1873	1200
			1873	1199
			1873	1198
			1873	1197
			1872	1196
			1872	1195
			1872	1194
			1872	1193
			1871	1192
			1871	1191
			1871	1190
			1871	1189
			1870	1188
			1870	1187
			1870	1186
			1870	1185
			1869	1184
			1869	1183
			1869	1182
			1869	1181
			1868	1180
			1868	1179
			1868	1178
			1868	1177
			1867	1176
			1867	1175
			1867	1174
			1867	1173
			1866	1172
			1866	1171
			1866	1170
			1866	1169
			1865	1168
			1865	1167
			1865	1166
			1865	1165
			1865	1164
			1864	1163
			1864	1162
			1864	1161
			1864	1160
			1863	1159
			1863	1158
			1863	1157
			1863	1156
			1862	1155
			1862	1154
			1862	1153
			1862	1152
			1861	1151
			1861	1150
			1861	1149
			1861	1148
			1861	1147
			1860	1146
			1860	1145
			1860	1144
			1860	1143
			1859	1142
			1859	1141
			1859	1140
			1859	1139
			1858	1138
			1858	1137
			1858	1136
			1858	1135
			1858	1134
			1857	1133
			1857	1132
			1857	1131
			1857	1130
			1857	1129
			1856	1129
			1856	1128
			1856	1127
			1856	1126
			1856	1125
			1855	1124
			1855	1123
			1855	1122
			1855	1121
			1854	1120
			1854	1119
			1854	1118
			1854	1117
			1854	1116
			1853	1115
			1853	1114
			1853	1113
			1853	1112
			1852	1111
			1852	1110
			1852	1109
			1852	1108
			1852	1107
			1851	1106
			1851	1105
			1851	1104
			1851	1103
			1851	1102
			1850	1101
			1850	1100
			1850	1099
			1850	1098
			1850	1097
			1849	1096
			1849	1095
			1849	1094
			1849	1093
			1849	1092
			1848	1091
			1848	1090
			1848	1089
			1848	1088
			1848	1087
			1847	1086
			1847	1085
			1847	1084
			1847	1083
			1847	1082
			1846	1081
			1846	1080
			1846	1079
			1846	1078
			1846	1077
			1845	1076
			1845	1075
			1845	1074
			1845	1073
			1845	1072
			1845	1071
			1844	1070
			1844	1069
			1844	1068
			1844	1067
			1844	1066
			1843	1065
			1843	1064
			1843	1063
			1843	1062
			1843	1061
			1842	1060
			1842	1059
			1842	1058
			1842	1057
			1842	1056
			1842	1055
			1841	1054
			1841	1053
			1841	1052
			1841	1051
			1841	1050
			1840	1049
			1840	1048
			1840	1047
			1840	1046
			1840	1045
			1839	1044
			1839	1043
			1839	1042
			1839	1041
			1839	1040
			1839	1039
			1838	1038
			1838	1037
			1838	1036
			1838	1035
			1838	1034
			1838	1033
			1837	1032
			1837	1031
			1837	1030
			1837	1029
			1837	1028
			1837	1027
			1836	1026
			1836	1025
			1836	1024
			1836	1023
			1836	1022
			1836	1021
			1835	1020
			1835	1019
			1835	1018
			1835	1017
			1835	1016
			1835	1015
			1834	1014
			1834	1013
			1834	1012
			1834	1011
			1834	1010
			1834	1009
			1834	1008
			1833	1007
			1833	1006
			1833	1005
			1833	1004
			1833	1003
			1833	1002
			1832	1001
			1832	1000
			1832	999
			1832	998
			1832	997
			1832	996
			1832	995
			1831	994
			1831	993
			1831	992
			1831	991
			1831	990
			1831	989
			1831	988
			1830	987
			1830	986
			1830	985
			1830	984
			1830	983
			1830	982
			1830	981
			1830	980
			1829	979
			1829	978
			1829	977
			1829	976
			1829	975
			1829	974
			1829	973
			1828	972
			1828	971
			1828	970
			1828	969
			1828	968
			1827	967
			1827	966
			1827	965
			1827	964
			1826	963
			1826	962
			1826	961
			1825	960
			1825	959
			1825	958
			1824	957
			1824	956
			1824	955
			1823	954
			1823	953
			1823	952
			1822	951
			1822	950
			1822	949
			1821	948
			1821	947
			1821	946
			1820	945
			1820	944
			1819	943
			1819	942
			1819	941
			1818	940
			1818	939
			1817	938
			1817	937
			1817	936
			1816	935
			1816	934
			1815	933
			1815	932
			1814	931
			1814	930
			1813	929
			1813	928
			1812	927
			1812	926
			1812	925
			1811	924
			1811	923
			1810	922
			1810	921
			1809	920
			1809	919
			1808	918
			1808	917
			1807	916
			1806	915
			1806	914
			1805	913
			1805	912
			1804	911
			1804	910
			1803	909
			1802	908
			1802	907
			1801	906
			1801	905
			1800	905
			1800	904
			1799	903
			1799	902
			1798	901
			1797	900
			1797	899
			1796	898
			1795	897
			1795	896
			1794	895
			1793	894
			1793	893
			1792	892
			1791	891
			1790	890
			1789	889
			1788	888
			1788	887
			1787	886
			1786	885
			1785	884
			1784	883
			1784	882
			1783	881
			1783	880
			1782	880
			1781	879
			1781	878
			1780	877
			1779	877
			1779	876
			1778	875
			1778	874
			1777	874
			1776	873
			1776	872
			1775	872
			1774	871
			1774	870
			1773	870
			1772	869
			1772	868
			1771	867
			1770	867
			1770	866
			1769	865
			1768	865
			1767	864
			1767	863
			1766	863
			1765	862
			1765	861
			1764	861
			1763	860
			1763	859
			1762	859
			1761	858
			1760	857
			1759	856
			1758	855
			1758	854
			1757	853
			1757	852
			1756	852
			1756	851
			1755	850
			1754	849
			1753	848
			1753	847
			1752	846
			1752	845
			1751	845
			1751	844
			1750	843
			1750	842
			1749	841
			1749	840
			1748	839
			1748	838
			1747	837
			1747	836
			1746	835
			1745	834
			1745	833
			1744	832
			1744	831
			1743	830
			1743	829
			1743	828
			1742	827
			1742	826
			1741	825
			1741	824
			1741	823
			1741	822
			1740	821
			1740	820
			1740	819
			1740	818
			1739	817
			1739	816
			1739	815
			1739	814
			1739	813
			1739	812
			1739	811
			1739	810
			1739	809
			1739	808
			1739	807
			1739	806
			1739	805
			1739	804
			1739	803
			1739	802
			1740	801
			1740	800
			1740	799
			1740	798
			1741	797
			1741	796
			1742	795
			1742	794
			1742	793
			1743	792
			1743	791
			1744	790
			1744	789
			1745	788
			1746	788
			1746	787
			1747	786
			1748	785
			1748	784
			1749	783
			1750	782
			1751	782
			1752	781
			1752	780
			1753	779
			1754	779
			1755	778
			1756	777
			1757	776
			1758	776
			1759	775
			1760	774
			1761	774
			1762	773
			1763	773
			1763	772
			1764	772
			1765	772
			1765	771
			1766	771
			1767	770
			1768	770
			1769	769
			1770	769
			1771	768
			1772	768
			1773	767
			1774	767
			1775	767
			1776	766
			1777	766
			1778	765
			1779	765
			1780	765
			1781	764
			1782	764
			1783	763
			1784	763
			1785	763
			1786	762
			1787	762
			1788	762
			1789	762
			1789	761
			1790	761
			1791	761
			1792	761
			1793	760
			1794	760
			1795	760
			1796	760
			1797	759
			1798	759
			1799	759
			1800	759
			1801	758
			1802	758
			1803	758
			1804	758
			1805	757
			1806	757
		</C1>
	</curves.pixel>
	<curves.scaled type=list>
		<C1 type=matrix rownames=FALSE colnames=FALSE nrow=519 ncol=2 as.numeric=TRUE >
			4607.8431372549	-3002.45098039216
			4607.8431372549	-3000
			4605.39215686275	-2997.54901960784
			4605.39215686275	-2995.09803921569
			4605.39215686275	-2992.64705882353
			4605.39215686275	-2990.19607843137
			4602.94117647059	-2987.74509803922
			4602.94117647059	-2985.29411764706
			4602.94117647059	-2982.8431372549
			4602.94117647059	-2980.39215686275
			4600.49019607843	-2977.94117647059
			4600.49019607843	-2975.49019607843
			4600.49019607843	-2973.03921568627
			4598.03921568627	-2970.58823529412
			4598.03921568627	-2968.13725490196
			4598.03921568627	-2965.6862745098
			4598.03921568627	-2963.23529411765
			4595.58823529412	-2960.78431372549
			4595.58823529412	-2958.33333333333
			4595.58823529412	-2955.88235294118
			4595.58823529412	-2953.43137254902
			4593.13725490196	-2950.98039215686
			4593.13725490196	-2948.52941176471
			4593.13725490196	-2946.07843137255
			4593.13725490196	-2943.62745098039
			4590.6862745098	-2941.17647058824
			4590.6862745098	-2938.72549019608
			4590.6862745098	-2936.27450980392
			4590.6862745098	-2933.82352941176
			4588.23529411765	-2931.37254901961
			4588.23529411765	-2928.92156862745
			4588.23529411765	-2926.47058823529
			4588.23529411765	-2924.01960784314
			4585.78431372549	-2921.56862745098
			4585.78431372549	-2919.11764705882
			4585.78431372549	-2916.66666666667
			4585.78431372549	-2914.21568627451
			4583.33333333333	-2911.76470588235
			4583.33333333333	-2909.3137254902
			4583.33333333333	-2906.86274509804
			4583.33333333333	-2904.41176470588
			4580.88235294118	-2901.96078431373
			4580.88235294118	-2899.50980392157
			4580.88235294118	-2897.05882352941
			4580.88235294118	-2894.60784313726
			4578.43137254902	-2892.1568627451
			4578.43137254902	-2889.70588235294
			4578.43137254902	-2887.25490196078
			4578.43137254902	-2884.80392156863
			4575.98039215686	-2882.35294117647
			4575.98039215686	-2879.90196078431
			4575.98039215686	-2877.45098039216
			4575.98039215686	-2875
			4573.52941176471	-2872.54901960784
			4573.52941176471	-2870.09803921569
			4573.52941176471	-2867.64705882353
			4573.52941176471	-2865.19607843137
			4571.07843137255	-2862.74509803922
			4571.07843137255	-2860.29411764706
			4571.07843137255	-2857.8431372549
			4571.07843137255	-2855.39215686275
			4571.07843137255	-2852.94117647059
			4568.62745098039	-2850.49019607843
			4568.62745098039	-2848.03921568627
			4568.62745098039	-2845.58823529412
			4568.62745098039	-2843.13725490196
			4566.17647058824	-2840.6862745098
			4566.17647058824	-2838.23529411765
			4566.17647058824	-2835.78431372549
			4566.17647058824	-2833.33333333333
			4563.72549019608	-2830.88235294118
			4563.72549019608	-2828.43137254902
			4563.72549019608	-2825.98039215686
			4563.72549019608	-2823.52941176471
			4561.27450980392	-2821.07843137255
			4561.27450980392	-2818.62745098039
			4561.27450980392	-2816.17647058824
			4561.27450980392	-2813.72549019608
			4561.27450980392	-2811.27450980392
			4558.82352941176	-2808.82352941176
			4558.82352941176	-2806.37254901961
			4558.82352941176	-2803.92156862745
			4558.82352941176	-2801.47058823529
			4556.37254901961	-2799.01960784314
			4556.37254901961	-2796.56862745098
			4556.37254901961	-2794.11764705882
			4556.37254901961	-2791.66666666667
			4553.92156862745	-2789.21568627451
			4553.92156862745	-2786.76470588235
			4553.92156862745	-2784.3137254902
			4553.92156862745	-2781.86274509804
			4553.92156862745	-2779.41176470588
			4551.47058823529	-2776.96078431373
			4551.47058823529	-2774.50980392157
			4551.47058823529	-2772.05882352941
			4551.47058823529	-2769.60784313726
			4551.47058823529	-2767.1568627451
			4549.01960784314	-2767.1568627451
			4549.01960784314	-2764.70588235294
			4549.01960784314	-2762.25490196078
			4549.01960784314	-2759.80392156863
			4549.01960784314	-2757.35294117647
			4546.56862745098	-2754.90196078431
			4546.56862745098	-2752.45098039216
			4546.56862745098	-2750
			4546.56862745098	-2747.54901960784
			4544.11764705882	-2745.09803921569
			4544.11764705882	-2742.64705882353
			4544.11764705882	-2740.19607843137
			4544.11764705882	-2737.74509803922
			4544.11764705882	-2735.29411764706
			4541.66666666667	-2732.8431372549
			4541.66666666667	-2730.39215686275
			4541.66666666667	-2727.94117647059
			4541.66666666667	-2725.49019607843
			4539.21568627451	-2723.03921568627
			4539.21568627451	-2720.58823529412
			4539.21568627451	-2718.13725490196
			4539.21568627451	-2715.6862745098
			4539.21568627451	-2713.23529411765
			4536.76470588235	-2710.78431372549
			4536.76470588235	-2708.33333333333
			4536.76470588235	-2705.88235294118
			4536.76470588235	-2703.43137254902
			4536.76470588235	-2700.98039215686
			4534.3137254902	-2698.52941176471
			4534.3137254902	-2696.07843137255
			4534.3137254902	-2693.62745098039
			4534.3137254902	-2691.17647058824
			4534.3137254902	-2688.72549019608
			4531.86274509804	-2686.27450980392
			4531.86274509804	-2683.82352941176
			4531.86274509804	-2681.37254901961
			4531.86274509804	-2678.92156862745
			4531.86274509804	-2676.47058823529
			4529.41176470588	-2674.01960784314
			4529.41176470588	-2671.56862745098
			4529.41176470588	-2669.11764705882
			4529.41176470588	-2666.66666666667
			4529.41176470588	-2664.21568627451
			4526.96078431373	-2661.76470588235
			4526.96078431373	-2659.3137254902
			4526.96078431373	-2656.86274509804
			4526.96078431373	-2654.41176470588
			4526.96078431373	-2651.96078431373
			4524.50980392157	-2649.50980392157
			4524.50980392157	-2647.05882352941
			4524.50980392157	-2644.60784313726
			4524.50980392157	-2642.1568627451
			4524.50980392157	-2639.70588235294
			4522.05882352941	-2637.25490196078
			4522.05882352941	-2634.80392156863
			4522.05882352941	-2632.35294117647
			4522.05882352941	-2629.90196078431
			4522.05882352941	-2627.45098039216
			4522.05882352941	-2625
			4519.60784313726	-2622.54901960784
			4519.60784313726	-2620.09803921569
			4519.60784313726	-2617.64705882353
			4519.60784313726	-2615.19607843137
			4519.60784313726	-2612.74509803922
			4517.1568627451	-2610.29411764706
			4517.1568627451	-2607.8431372549
			4517.1568627451	-2605.39215686275
			4517.1568627451	-2602.94117647059
			4517.1568627451	-2600.49019607843
			4514.70588235294	-2598.03921568627
			4514.70588235294	-2595.58823529412
			4514.70588235294	-2593.13725490196
			4514.70588235294	-2590.6862745098
			4514.70588235294	-2588.23529411765
			4514.70588235294	-2585.78431372549
			4512.25490196078	-2583.33333333333
			4512.25490196078	-2580.88235294118
			4512.25490196078	-2578.43137254902
			4512.25490196078	-2575.98039215686
			4512.25490196078	-2573.52941176471
			4509.80392156863	-2571.07843137255
			4509.80392156863	-2568.62745098039
			4509.80392156863	-2566.17647058824
			4509.80392156863	-2563.72549019608
			4509.80392156863	-2561.27450980392
			4507.35294117647	-2558.82352941176
			4507.35294117647	-2556.37254901961
			4507.35294117647	-2553.92156862745
			4507.35294117647	-2551.47058823529
			4507.35294117647	-2549.01960784314
			4507.35294117647	-2546.56862745098
			4504.90196078431	-2544.11764705882
			4504.90196078431	-2541.66666666667
			4504.90196078431	-2539.21568627451
			4504.90196078431	-2536.76470588235
			4504.90196078431	-2534.3137254902
			4504.90196078431	-2531.86274509804
			4502.45098039216	-2529.41176470588
			4502.45098039216	-2526.96078431373
			4502.45098039216	-2524.50980392157
			4502.45098039216	-2522.05882352941
			4502.45098039216	-2519.60784313726
			4502.45098039216	-2517.1568627451
			4500	-2514.70588235294
			4500	-2512.25490196078
			4500	-2509.80392156863
			4500	-2507.35294117647
			4500	-2504.90196078431
			4500	-2502.45098039216
			4497.54901960784	-2500
			4497.54901960784	-2497.54901960784
			4497.54901960784	-2495.09803921569
			4497.54901960784	-2492.64705882353
			4497.54901960784	-2490.19607843137
			4497.54901960784	-2487.74509803922
			4495.09803921569	-2485.29411764706
			4495.09803921569	-2482.8431372549
			4495.09803921569	-2480.39215686275
			4495.09803921569	-2477.94117647059
			4495.09803921569	-2475.49019607843
			4495.09803921569	-2473.03921568627
			4495.09803921569	-2470.58823529412
			4492.64705882353	-2468.13725490196
			4492.64705882353	-2465.6862745098
			4492.64705882353	-2463.23529411765
			4492.64705882353	-2460.78431372549
			4492.64705882353	-2458.33333333333
			4492.64705882353	-2455.88235294118
			4490.19607843137	-2453.43137254902
			4490.19607843137	-2450.98039215686
			4490.19607843137	-2448.52941176471
			4490.19607843137	-2446.07843137255
			4490.19607843137	-2443.62745098039
			4490.19607843137	-2441.17647058824
			4490.19607843137	-2438.72549019608
			4487.74509803922	-2436.27450980392
			4487.74509803922	-2433.82352941176
			4487.74509803922	-2431.37254901961
			4487.74509803922	-2428.92156862745
			4487.74509803922	-2426.47058823529
			4487.74509803922	-2424.01960784314
			4487.74509803922	-2421.56862745098
			4485.29411764706	-2419.11764705882
			4485.29411764706	-2416.66666666667
			4485.29411764706	-2414.21568627451
			4485.29411764706	-2411.76470588235
			4485.29411764706	-2409.3137254902
			4485.29411764706	-2406.86274509804
			4485.29411764706	-2404.41176470588
			4485.29411764706	-2401.96078431373
			4482.8431372549	-2399.50980392157
			4482.8431372549	-2397.05882352941
			4482.8431372549	-2394.60784313726
			4482.8431372549	-2392.1568627451
			4482.8431372549	-2389.70588235294
			4482.8431372549	-2387.25490196078
			4482.8431372549	-2384.80392156863
			4480.39215686275	-2382.35294117647
			4480.39215686275	-2379.90196078431
			4480.39215686275	-2377.45098039216
			4480.39215686275	-2375
			4480.39215686275	-2372.54901960784
			4477.94117647059	-2370.09803921569
			4477.94117647059	-2367.64705882353
			4477.94117647059	-2365.19607843137
			4477.94117647059	-2362.74509803922
			4475.49019607843	-2360.29411764706
			4475.49019607843	-2357.8431372549
			4475.49019607843	-2355.39215686275
			4473.03921568627	-2352.94117647059
			4473.03921568627	-2350.49019607843
			4473.03921568627	-2348.03921568627
			4470.58823529412	-2345.58823529412
			4470.58823529412	-2343.13725490196
			4470.58823529412	-2340.6862745098
			4468.13725490196	-2338.23529411765
			4468.13725490196	-2335.78431372549
			4468.13725490196	-2333.33333333333
			4465.6862745098	-2330.88235294118
			4465.6862745098	-2328.43137254902
			4465.6862745098	-2325.98039215686
			4463.23529411765	-2323.52941176471
			4463.23529411765	-2321.07843137255
			4463.23529411765	-2318.62745098039
			4460.78431372549	-2316.17647058824
			4460.78431372549	-2313.72549019608
			4458.33333333333	-2311.27450980392
			4458.33333333333	-2308.82352941176
			4458.33333333333	-2306.37254901961
			4455.88235294118	-2303.92156862745
			4455.88235294118	-2301.47058823529
			4453.43137254902	-2299.01960784314
			4453.43137254902	-2296.56862745098
			4453.43137254902	-2294.11764705882
			4450.98039215686	-2291.66666666667
			4450.98039215686	-2289.21568627451
			4448.52941176471	-2286.76470588235
			4448.52941176471	-2284.3137254902
			4446.07843137255	-2281.86274509804
			4446.07843137255	-2279.41176470588
			4443.62745098039	-2276.96078431373
			4443.62745098039	-2274.50980392157
			4441.17647058824	-2272.05882352941
			4441.17647058824	-2269.60784313726
			4441.17647058824	-2267.1568627451
			4438.72549019608	-2264.70588235294
			4438.72549019608	-2262.25490196078
			4436.27450980392	-2259.80392156863
			4436.27450980392	-2257.35294117647
			4433.82352941176	-2254.90196078431
			4433.82352941176	-2252.45098039216
			4431.37254901961	-2250
			4431.37254901961	-2247.54901960784
			4428.92156862745	-2245.09803921569
			4426.47058823529	-2242.64705882353
			4426.47058823529	-2240.19607843137
			4424.01960784314	-2237.74509803922
			4424.01960784314	-2235.29411764706
			4421.56862745098	-2232.8431372549
			4421.56862745098	-2230.39215686275
			4419.11764705882	-2227.94117647059
			4416.66666666667	-2225.49019607843
			4416.66666666667	-2223.03921568627
			4414.21568627451	-2220.58823529412
			4414.21568627451	-2218.13725490196
			4411.76470588235	-2218.13725490196
			4411.76470588235	-2215.6862745098
			4409.3137254902	-2213.23529411765
			4409.3137254902	-2210.78431372549
			4406.86274509804	-2208.33333333333
			4404.41176470588	-2205.88235294118
			4404.41176470588	-2203.43137254902
			4401.96078431373	-2200.98039215686
			4399.50980392157	-2198.52941176471
			4399.50980392157	-2196.07843137255
			4397.05882352941	-2193.62745098039
			4394.60784313726	-2191.17647058824
			4394.60784313726	-2188.72549019608
			4392.1568627451	-2186.27450980392
			4389.70588235294	-2183.82352941176
			4387.25490196078	-2181.37254901961
			4384.80392156863	-2178.92156862745
			4382.35294117647	-2176.47058823529
			4382.35294117647	-2174.01960784314
			4379.90196078431	-2171.56862745098
			4377.45098039216	-2169.11764705882
			4375	-2166.66666666667
			4372.54901960784	-2164.21568627451
			4372.54901960784	-2161.76470588235
			4370.09803921569	-2159.3137254902
			4370.09803921569	-2156.86274509804
			4367.64705882353	-2156.86274509804
			4365.19607843137	-2154.41176470588
			4365.19607843137	-2151.96078431373
			4362.74509803922	-2149.50980392157
			4360.29411764706	-2149.50980392157
			4360.29411764706	-2147.05882352941
			4357.8431372549	-2144.60784313726
			4357.8431372549	-2142.1568627451
			4355.39215686275	-2142.1568627451
			4352.94117647059	-2139.70588235294
			4352.94117647059	-2137.25490196078
			4350.49019607843	-2137.25490196078
			4348.03921568627	-2134.80392156863
			4348.03921568627	-2132.35294117647
			4345.58823529412	-2132.35294117647
			4343.13725490196	-2129.90196078431
			4343.13725490196	-2127.45098039216
			4340.6862745098	-2125
			4338.23529411765	-2125
			4338.23529411765	-2122.54901960784
			4335.78431372549	-2120.09803921569
			4333.33333333333	-2120.09803921569
			4330.88235294118	-2117.64705882353
			4330.88235294118	-2115.19607843137
			4328.43137254902	-2115.19607843137
			4325.98039215686	-2112.74509803922
			4325.98039215686	-2110.29411764706
			4323.52941176471	-2110.29411764706
			4321.07843137255	-2107.8431372549
			4321.07843137255	-2105.39215686275
			4318.62745098039	-2105.39215686275
			4316.17647058824	-2102.94117647059
			4313.72549019608	-2100.49019607843
			4311.27450980392	-2098.03921568627
			4308.82352941176	-2095.58823529412
			4308.82352941176	-2093.13725490196
			4306.37254901961	-2090.6862745098
			4306.37254901961	-2088.23529411765
			4303.92156862745	-2088.23529411765
			4303.92156862745	-2085.78431372549
			4301.47058823529	-2083.33333333333
			4299.01960784314	-2080.88235294118
			4296.56862745098	-2078.43137254902
			4296.56862745098	-2075.98039215686
			4294.11764705882	-2073.52941176471
			4294.11764705882	-2071.07843137255
			4291.66666666667	-2071.07843137255
			4291.66666666667	-2068.62745098039
			4289.21568627451	-2066.17647058824
			4289.21568627451	-2063.72549019608
			4286.76470588235	-2061.27450980392
			4286.76470588235	-2058.82352941176
			4284.3137254902	-2056.37254901961
			4284.3137254902	-2053.92156862745
			4281.86274509804	-2051.47058823529
			4281.86274509804	-2049.01960784314
			4279.41176470588	-2046.56862745098
			4276.96078431373	-2044.11764705882
			4276.96078431373	-2041.66666666667
			4274.50980392157	-2039.21568627451
			4274.50980392157	-2036.76470588235
			4272.05882352941	-2034.3137254902
			4272.05882352941	-2031.86274509804
			4272.05882352941	-2029.41176470588
			4269.60784313726	-2026.96078431373
			4269.60784313726	-2024.50980392157
			4267.1568627451	-2022.05882352941
			4267.1568627451	-2019.60784313726
			4267.1568627451	-2017.1568627451
			4267.1568627451	-2014.70588235294
			4264.70588235294	-2012.25490196078
			4264.70588235294	-2009.80392156863
			4264.70588235294	-2007.35294117647
			4264.70588235294	-2004.90196078431
			4262.25490196078	-2002.45098039216
			4262.25490196078	-2000
			4262.25490196078	-1997.54901960784
			4262.25490196078	-1995.09803921569
			4262.25490196078	-1992.64705882353
			4262.25490196078	-1990.19607843137
			4262.25490196078	-1987.74509803922
			4262.25490196078	-1985.29411764706
			4262.25490196078	-1982.8431372549
			4262.25490196078	-1980.39215686275
			4262.25490196078	-1977.94117647059
			4262.25490196078	-1975.49019607843
			4262.25490196078	-1973.03921568627
			4262.25490196078	-1970.58823529412
			4262.25490196078	-1968.13725490196
			4262.25490196078	-1965.6862745098
			4264.70588235294	-1963.23529411765
			4264.70588235294	-1960.78431372549
			4264.70588235294	-1958.33333333333
			4264.70588235294	-1955.88235294118
			4267.1568627451	-1953.43137254902
			4267.1568627451	-1950.98039215686
			4269.60784313726	-1948.52941176471
			4269.60784313726	-1946.07843137255
			4269.60784313726	-1943.62745098039
			4272.05882352941	-1941.17647058824
			4272.05882352941	-1938.72549019608
			4274.50980392157	-1936.27450980392
			4274.50980392157	-1933.82352941176
			4276.96078431373	-1931.37254901961
			4279.41176470588	-1931.37254901961
			4279.41176470588	-1928.92156862745
			4281.86274509804	-1926.47058823529
			4284.3137254902	-1924.01960784314
			4284.3137254902	-1921.56862745098
			4286.76470588235	-1919.11764705882
			4289.21568627451	-1916.66666666667
			4291.66666666667	-1916.66666666667
			4294.11764705882	-1914.21568627451
			4294.11764705882	-1911.76470588235
			4296.56862745098	-1909.3137254902
			4299.01960784314	-1909.3137254902
			4301.47058823529	-1906.86274509804
			4303.92156862745	-1904.41176470588
			4306.37254901961	-1901.96078431373
			4308.82352941176	-1901.96078431373
			4311.27450980392	-1899.50980392157
			4313.72549019608	-1897.05882352941
			4316.17647058824	-1897.05882352941
			4318.62745098039	-1894.60784313726
			4321.07843137255	-1894.60784313726
			4321.07843137255	-1892.1568627451
			4323.52941176471	-1892.1568627451
			4325.98039215686	-1892.1568627451
			4325.98039215686	-1889.70588235294
			4328.43137254902	-1889.70588235294
			4330.88235294118	-1887.25490196078
			4333.33333333333	-1887.25490196078
			4335.78431372549	-1884.80392156863
			4338.23529411765	-1884.80392156863
			4340.6862745098	-1882.35294117647
			4343.13725490196	-1882.35294117647
			4345.58823529412	-1879.90196078431
			4348.03921568627	-1879.90196078431
			4350.49019607843	-1879.90196078431
			4352.94117647059	-1877.45098039216
			4355.39215686275	-1877.45098039216
			4357.8431372549	-1875
			4360.29411764706	-1875
			4362.74509803922	-1875
			4365.19607843137	-1872.54901960784
			4367.64705882353	-1872.54901960784
			4370.09803921569	-1870.09803921569
			4372.54901960784	-1870.09803921569
			4375	-1870.09803921569
			4377.45098039216	-1867.64705882353
			4379.90196078431	-1867.64705882353
			4382.35294117647	-1867.64705882353
			4384.80392156863	-1867.64705882353
			4384.80392156863	-1865.19607843137
			4387.25490196078	-1865.19607843137
			4389.70588235294	-1865.19607843137
			4392.1568627451	-1865.19607843137
			4394.60784313726	-1862.74509803922
			4397.05882352941	-1862.74509803922
			4399.50980392157	-1862.74509803922
			4401.96078431373	-1862.74509803922
			4404.41176470588	-1860.29411764706
			4406.86274509804	-1860.29411764706
			4409.3137254902	-1860.29411764706
			4411.76470588235	-1860.29411764706
			4414.21568627451	-1857.8431372549
			4416.66666666667	-1857.8431372549
			4419.11764705882	-1857.8431372549
			4421.56862745098	-1857.8431372549
			4424.01960784314	-1855.39215686275
			4426.47058823529	-1855.39215686275
		</C1>
	</curves.scaled>
	<ruler.points type=matrix rownames=TRUE colnames=FALSE nrow=2 ncol=2 as.numeric=TRUE >
		Ruler point 1	3	1877
		Ruler point 2	105	1877
	</ruler.points>
</shapes>

