<shapes type=list>
	<ruler.pixel type=vector names=FALSE length=1 as.numeric=TRUE >102</ruler.pixel>
	<ruler.interval type=vector names=FALSE length=1 as.numeric=TRUE >250</ruler.interval>
	<scaling.units type=vector names=FALSE length=1 as.numeric=FALSE >nm</scaling.units>
	<scaling type=vector names=FALSE length=1 as.numeric=TRUE >2.45098039215686</scaling>
	<landmarks.pixel type=matrix rownames=TRUE colnames=FALSE nrow=10 ncol=2 as.numeric=TRUE >
		1-Pore1R	1198	727
		2-Pore1L	1142	730
		3-Pore2T	854	884
		4-Pore2B	862	941
		5-Pore3T	930	1118
		6-Pore3B	974	1172
		7-Pore4L	1401	1194
		8-Pore4R	1516	1159
		9-Anchor	1606	1144
		10-Tip	1591	819
	</landmarks.pixel>
	<landmarks.scaled type=matrix rownames=TRUE colnames=FALSE nrow=10 ncol=2 as.numeric=TRUE >
		1-Pore1R	2936.27450980392	-1781.86274509804
		2-Pore1L	2799.01960784314	-1789.21568627451
		3-Pore2T	2093.13725490196	-2166.66666666667
		4-Pore2B	2112.74509803922	-2306.37254901961
		5-Pore3T	2279.41176470588	-2740.19607843137
		6-Pore3B	2387.25490196078	-2872.54901960784
		7-Pore4L	3433.82352941176	-2926.47058823529
		8-Pore4R	3715.6862745098	-2840.6862745098
		9-Anchor	3936.27450980392	-2803.92156862745
		10-Tip	3899.50980392157	-2007.35294117647
	</landmarks.scaled>
	<curves.control type=list>
		<C1 type=matrix rownames=FALSE colnames=FALSE nrow=7 ncol=2 as.numeric=TRUE >
			1606	1144
			1579	1004
			1563	938
			1557	911
			1534	869
			1517	807
			1591	819
		</C1>
	</curves.control>
	<curves.pixel type=list>
		<C1 type=matrix rownames=FALSE colnames=FALSE nrow=381 ncol=2 as.numeric=TRUE >
			1606	1144
			1606	1143
			1606	1142
			1605	1141
			1605	1140
			1605	1139
			1605	1138
			1605	1137
			1604	1136
			1604	1135
			1604	1134
			1604	1133
			1604	1132
			1604	1131
			1603	1130
			1603	1129
			1603	1128
			1603	1127
			1603	1126
			1602	1126
			1602	1125
			1602	1124
			1602	1123
			1602	1122
			1602	1121
			1601	1120
			1601	1119
			1601	1118
			1601	1117
			1601	1116
			1600	1115
			1600	1114
			1600	1113
			1600	1112
			1600	1111
			1599	1110
			1599	1109
			1599	1108
			1599	1107
			1599	1106
			1598	1105
			1598	1104
			1598	1103
			1598	1102
			1598	1101
			1597	1100
			1597	1099
			1597	1098
			1597	1097
			1597	1096
			1596	1095
			1596	1094
			1596	1093
			1596	1092
			1596	1091
			1595	1090
			1595	1089
			1595	1088
			1595	1087
			1595	1086
			1594	1085
			1594	1084
			1594	1083
			1594	1082
			1594	1081
			1593	1080
			1593	1079
			1593	1078
			1593	1077
			1593	1076
			1593	1075
			1592	1074
			1592	1073
			1592	1072
			1592	1071
			1591	1070
			1591	1069
			1591	1068
			1591	1067
			1591	1066
			1590	1065
			1590	1064
			1590	1063
			1590	1062
			1590	1061
			1589	1060
			1589	1059
			1589	1058
			1589	1057
			1589	1056
			1588	1055
			1588	1054
			1588	1053
			1588	1052
			1588	1051
			1587	1050
			1587	1049
			1587	1048
			1587	1047
			1587	1046
			1586	1045
			1586	1044
			1586	1043
			1586	1042
			1586	1041
			1585	1040
			1585	1039
			1585	1038
			1585	1037
			1585	1036
			1584	1035
			1584	1034
			1584	1033
			1584	1032
			1584	1031
			1583	1031
			1583	1030
			1583	1029
			1583	1028
			1583	1027
			1582	1026
			1582	1025
			1582	1024
			1582	1023
			1582	1022
			1581	1021
			1581	1020
			1581	1019
			1581	1018
			1581	1017
			1580	1016
			1580	1015
			1580	1014
			1580	1013
			1579	1012
			1579	1011
			1579	1010
			1579	1009
			1579	1008
			1578	1007
			1578	1006
			1578	1005
			1578	1004
			1578	1003
			1577	1002
			1577	1001
			1577	1000
			1577	999
			1577	998
			1576	997
			1576	996
			1576	995
			1576	994
			1576	993
			1575	992
			1575	991
			1575	990
			1575	989
			1574	988
			1574	987
			1574	986
			1574	985
			1574	984
			1573	983
			1573	982
			1573	981
			1573	980
			1572	979
			1572	978
			1572	977
			1572	976
			1571	975
			1571	974
			1571	973
			1571	972
			1571	971
			1570	970
			1570	969
			1570	968
			1570	967
			1570	966
			1569	965
			1569	964
			1569	963
			1569	962
			1568	961
			1568	960
			1568	959
			1568	958
			1567	957
			1567	956
			1567	955
			1567	954
			1567	953
			1566	952
			1566	951
			1566	950
			1566	949
			1565	948
			1565	947
			1565	946
			1565	945
			1564	944
			1564	943
			1564	942
			1564	941
			1563	940
			1563	939
			1563	938
			1563	937
			1563	936
			1562	935
			1562	934
			1562	933
			1561	932
			1561	931
			1561	930
			1561	929
			1560	928
			1560	927
			1560	926
			1559	925
			1559	924
			1559	923
			1558	922
			1558	921
			1558	920
			1557	919
			1557	918
			1557	917
			1556	916
			1556	915
			1555	914
			1555	913
			1555	912
			1554	911
			1554	910
			1553	909
			1553	908
			1553	907
			1552	906
			1552	905
			1552	904
			1551	904
			1551	903
			1550	902
			1550	901
			1550	900
			1549	899
			1549	898
			1548	897
			1548	896
			1547	895
			1547	894
			1546	893
			1546	892
			1545	891
			1545	890
			1544	889
			1544	888
			1543	887
			1543	886
			1543	885
			1542	885
			1542	884
			1541	883
			1541	882
			1541	881
			1540	881
			1540	880
			1539	879
			1539	878
			1539	877
			1538	877
			1538	876
			1537	875
			1537	874
			1536	873
			1536	872
			1535	872
			1535	871
			1535	870
			1534	869
			1534	868
			1533	867
			1533	866
			1533	865
			1533	864
			1533	863
			1532	863
			1532	862
			1532	861
			1532	860
			1532	859
			1532	858
			1531	857
			1531	856
			1531	855
			1531	854
			1531	853
			1531	852
			1531	851
			1531	850
			1531	849
			1531	848
			1531	847
			1531	846
			1531	845
			1531	844
			1531	843
			1531	842
			1531	841
			1532	840
			1532	839
			1532	838
			1532	837
			1533	836
			1533	835
			1534	834
			1534	833
			1534	832
			1535	832
			1535	831
			1536	830
			1536	829
			1537	828
			1538	828
			1538	827
			1539	826
			1540	825
			1541	824
			1542	824
			1543	823
			1544	822
			1545	822
			1546	821
			1547	821
			1548	821
			1549	820
			1550	820
			1551	819
			1552	819
			1553	819
			1554	819
			1555	818
			1556	818
			1557	818
			1558	818
			1559	818
			1560	818
			1561	817
			1562	817
			1563	817
			1564	817
			1565	817
			1566	817
			1567	817
			1568	817
			1569	817
			1570	817
			1571	817
			1572	817
			1573	817
			1574	817
			1575	817
			1576	817
			1577	817
			1578	817
			1579	817
			1580	818
			1581	818
			1582	818
			1583	818
			1584	818
			1585	818
			1586	818
			1587	818
			1588	819
			1589	819
			1590	819
			1591	819
		</C1>
	</curves.pixel>
	<curves.scaled type=list>
		<C1 type=matrix rownames=FALSE colnames=FALSE nrow=381 ncol=2 as.numeric=TRUE >
			3936.27450980392	-2803.92156862745
			3936.27450980392	-2801.47058823529
			3936.27450980392	-2799.01960784314
			3933.82352941176	-2796.56862745098
			3933.82352941176	-2794.11764705882
			3933.82352941176	-2791.66666666667
			3933.82352941176	-2789.21568627451
			3933.82352941176	-2786.76470588235
			3931.37254901961	-2784.3137254902
			3931.37254901961	-2781.86274509804
			3931.37254901961	-2779.41176470588
			3931.37254901961	-2776.96078431373
			3931.37254901961	-2774.50980392157
			3931.37254901961	-2772.05882352941
			3928.92156862745	-2769.60784313726
			3928.92156862745	-2767.1568627451
			3928.92156862745	-2764.70588235294
			3928.92156862745	-2762.25490196078
			3928.92156862745	-2759.80392156863
			3926.47058823529	-2759.80392156863
			3926.47058823529	-2757.35294117647
			3926.47058823529	-2754.90196078431
			3926.47058823529	-2752.45098039216
			3926.47058823529	-2750
			3926.47058823529	-2747.54901960784
			3924.01960784314	-2745.09803921569
			3924.01960784314	-2742.64705882353
			3924.01960784314	-2740.19607843137
			3924.01960784314	-2737.74509803922
			3924.01960784314	-2735.29411764706
			3921.56862745098	-2732.8431372549
			3921.56862745098	-2730.39215686275
			3921.56862745098	-2727.94117647059
			3921.56862745098	-2725.49019607843
			3921.56862745098	-2723.03921568627
			3919.11764705882	-2720.58823529412
			3919.11764705882	-2718.13725490196
			3919.11764705882	-2715.6862745098
			3919.11764705882	-2713.23529411765
			3919.11764705882	-2710.78431372549
			3916.66666666667	-2708.33333333333
			3916.66666666667	-2705.88235294118
			3916.66666666667	-2703.43137254902
			3916.66666666667	-2700.98039215686
			3916.66666666667	-2698.52941176471
			3914.21568627451	-2696.07843137255
			3914.21568627451	-2693.62745098039
			3914.21568627451	-2691.17647058824
			3914.21568627451	-2688.72549019608
			3914.21568627451	-2686.27450980392
			3911.76470588235	-2683.82352941176
			3911.76470588235	-2681.37254901961
			3911.76470588235	-2678.92156862745
			3911.76470588235	-2676.47058823529
			3911.76470588235	-2674.01960784314
			3909.3137254902	-2671.56862745098
			3909.3137254902	-2669.11764705882
			3909.3137254902	-2666.66666666667
			3909.3137254902	-2664.21568627451
			3909.3137254902	-2661.76470588235
			3906.86274509804	-2659.3137254902
			3906.86274509804	-2656.86274509804
			3906.86274509804	-2654.41176470588
			3906.86274509804	-2651.96078431373
			3906.86274509804	-2649.50980392157
			3904.41176470588	-2647.05882352941
			3904.41176470588	-2644.60784313726
			3904.41176470588	-2642.1568627451
			3904.41176470588	-2639.70588235294
			3904.41176470588	-2637.25490196078
			3904.41176470588	-2634.80392156863
			3901.96078431373	-2632.35294117647
			3901.96078431373	-2629.90196078431
			3901.96078431373	-2627.45098039216
			3901.96078431373	-2625
			3899.50980392157	-2622.54901960784
			3899.50980392157	-2620.09803921569
			3899.50980392157	-2617.64705882353
			3899.50980392157	-2615.19607843137
			3899.50980392157	-2612.74509803922
			3897.05882352941	-2610.29411764706
			3897.05882352941	-2607.8431372549
			3897.05882352941	-2605.39215686275
			3897.05882352941	-2602.94117647059
			3897.05882352941	-2600.49019607843
			3894.60784313726	-2598.03921568627
			3894.60784313726	-2595.58823529412
			3894.60784313726	-2593.13725490196
			3894.60784313726	-2590.6862745098
			3894.60784313726	-2588.23529411765
			3892.1568627451	-2585.78431372549
			3892.1568627451	-2583.33333333333
			3892.1568627451	-2580.88235294118
			3892.1568627451	-2578.43137254902
			3892.1568627451	-2575.98039215686
			3889.70588235294	-2573.52941176471
			3889.70588235294	-2571.07843137255
			3889.70588235294	-2568.62745098039
			3889.70588235294	-2566.17647058824
			3889.70588235294	-2563.72549019608
			3887.25490196078	-2561.27450980392
			3887.25490196078	-2558.82352941176
			3887.25490196078	-2556.37254901961
			3887.25490196078	-2553.92156862745
			3887.25490196078	-2551.47058823529
			3884.80392156863	-2549.01960784314
			3884.80392156863	-2546.56862745098
			3884.80392156863	-2544.11764705882
			3884.80392156863	-2541.66666666667
			3884.80392156863	-2539.21568627451
			3882.35294117647	-2536.76470588235
			3882.35294117647	-2534.3137254902
			3882.35294117647	-2531.86274509804
			3882.35294117647	-2529.41176470588
			3882.35294117647	-2526.96078431373
			3879.90196078431	-2526.96078431373
			3879.90196078431	-2524.50980392157
			3879.90196078431	-2522.05882352941
			3879.90196078431	-2519.60784313726
			3879.90196078431	-2517.1568627451
			3877.45098039216	-2514.70588235294
			3877.45098039216	-2512.25490196078
			3877.45098039216	-2509.80392156863
			3877.45098039216	-2507.35294117647
			3877.45098039216	-2504.90196078431
			3875	-2502.45098039216
			3875	-2500
			3875	-2497.54901960784
			3875	-2495.09803921569
			3875	-2492.64705882353
			3872.54901960784	-2490.19607843137
			3872.54901960784	-2487.74509803922
			3872.54901960784	-2485.29411764706
			3872.54901960784	-2482.8431372549
			3870.09803921569	-2480.39215686275
			3870.09803921569	-2477.94117647059
			3870.09803921569	-2475.49019607843
			3870.09803921569	-2473.03921568627
			3870.09803921569	-2470.58823529412
			3867.64705882353	-2468.13725490196
			3867.64705882353	-2465.6862745098
			3867.64705882353	-2463.23529411765
			3867.64705882353	-2460.78431372549
			3867.64705882353	-2458.33333333333
			3865.19607843137	-2455.88235294118
			3865.19607843137	-2453.43137254902
			3865.19607843137	-2450.98039215686
			3865.19607843137	-2448.52941176471
			3865.19607843137	-2446.07843137255
			3862.74509803922	-2443.62745098039
			3862.74509803922	-2441.17647058824
			3862.74509803922	-2438.72549019608
			3862.74509803922	-2436.27450980392
			3862.74509803922	-2433.82352941176
			3860.29411764706	-2431.37254901961
			3860.29411764706	-2428.92156862745
			3860.29411764706	-2426.47058823529
			3860.29411764706	-2424.01960784314
			3857.8431372549	-2421.56862745098
			3857.8431372549	-2419.11764705882
			3857.8431372549	-2416.66666666667
			3857.8431372549	-2414.21568627451
			3857.8431372549	-2411.76470588235
			3855.39215686275	-2409.3137254902
			3855.39215686275	-2406.86274509804
			3855.39215686275	-2404.41176470588
			3855.39215686275	-2401.96078431373
			3852.94117647059	-2399.50980392157
			3852.94117647059	-2397.05882352941
			3852.94117647059	-2394.60784313726
			3852.94117647059	-2392.1568627451
			3850.49019607843	-2389.70588235294
			3850.49019607843	-2387.25490196078
			3850.49019607843	-2384.80392156863
			3850.49019607843	-2382.35294117647
			3850.49019607843	-2379.90196078431
			3848.03921568627	-2377.45098039216
			3848.03921568627	-2375
			3848.03921568627	-2372.54901960784
			3848.03921568627	-2370.09803921569
			3848.03921568627	-2367.64705882353
			3845.58823529412	-2365.19607843137
			3845.58823529412	-2362.74509803922
			3845.58823529412	-2360.29411764706
			3845.58823529412	-2357.8431372549
			3843.13725490196	-2355.39215686275
			3843.13725490196	-2352.94117647059
			3843.13725490196	-2350.49019607843
			3843.13725490196	-2348.03921568627
			3840.6862745098	-2345.58823529412
			3840.6862745098	-2343.13725490196
			3840.6862745098	-2340.6862745098
			3840.6862745098	-2338.23529411765
			3840.6862745098	-2335.78431372549
			3838.23529411765	-2333.33333333333
			3838.23529411765	-2330.88235294118
			3838.23529411765	-2328.43137254902
			3838.23529411765	-2325.98039215686
			3835.78431372549	-2323.52941176471
			3835.78431372549	-2321.07843137255
			3835.78431372549	-2318.62745098039
			3835.78431372549	-2316.17647058824
			3833.33333333333	-2313.72549019608
			3833.33333333333	-2311.27450980392
			3833.33333333333	-2308.82352941176
			3833.33333333333	-2306.37254901961
			3830.88235294118	-2303.92156862745
			3830.88235294118	-2301.47058823529
			3830.88235294118	-2299.01960784314
			3830.88235294118	-2296.56862745098
			3830.88235294118	-2294.11764705882
			3828.43137254902	-2291.66666666667
			3828.43137254902	-2289.21568627451
			3828.43137254902	-2286.76470588235
			3825.98039215686	-2284.3137254902
			3825.98039215686	-2281.86274509804
			3825.98039215686	-2279.41176470588
			3825.98039215686	-2276.96078431373
			3823.52941176471	-2274.50980392157
			3823.52941176471	-2272.05882352941
			3823.52941176471	-2269.60784313726
			3821.07843137255	-2267.1568627451
			3821.07843137255	-2264.70588235294
			3821.07843137255	-2262.25490196078
			3818.62745098039	-2259.80392156863
			3818.62745098039	-2257.35294117647
			3818.62745098039	-2254.90196078431
			3816.17647058824	-2252.45098039216
			3816.17647058824	-2250
			3816.17647058824	-2247.54901960784
			3813.72549019608	-2245.09803921569
			3813.72549019608	-2242.64705882353
			3811.27450980392	-2240.19607843137
			3811.27450980392	-2237.74509803922
			3811.27450980392	-2235.29411764706
			3808.82352941176	-2232.8431372549
			3808.82352941176	-2230.39215686275
			3806.37254901961	-2227.94117647059
			3806.37254901961	-2225.49019607843
			3806.37254901961	-2223.03921568627
			3803.92156862745	-2220.58823529412
			3803.92156862745	-2218.13725490196
			3803.92156862745	-2215.6862745098
			3801.47058823529	-2215.6862745098
			3801.47058823529	-2213.23529411765
			3799.01960784314	-2210.78431372549
			3799.01960784314	-2208.33333333333
			3799.01960784314	-2205.88235294118
			3796.56862745098	-2203.43137254902
			3796.56862745098	-2200.98039215686
			3794.11764705882	-2198.52941176471
			3794.11764705882	-2196.07843137255
			3791.66666666667	-2193.62745098039
			3791.66666666667	-2191.17647058824
			3789.21568627451	-2188.72549019608
			3789.21568627451	-2186.27450980392
			3786.76470588235	-2183.82352941176
			3786.76470588235	-2181.37254901961
			3784.3137254902	-2178.92156862745
			3784.3137254902	-2176.47058823529
			3781.86274509804	-2174.01960784314
			3781.86274509804	-2171.56862745098
			3781.86274509804	-2169.11764705882
			3779.41176470588	-2169.11764705882
			3779.41176470588	-2166.66666666667
			3776.96078431373	-2164.21568627451
			3776.96078431373	-2161.76470588235
			3776.96078431373	-2159.3137254902
			3774.50980392157	-2159.3137254902
			3774.50980392157	-2156.86274509804
			3772.05882352941	-2154.41176470588
			3772.05882352941	-2151.96078431373
			3772.05882352941	-2149.50980392157
			3769.60784313726	-2149.50980392157
			3769.60784313726	-2147.05882352941
			3767.1568627451	-2144.60784313726
			3767.1568627451	-2142.1568627451
			3764.70588235294	-2139.70588235294
			3764.70588235294	-2137.25490196078
			3762.25490196078	-2137.25490196078
			3762.25490196078	-2134.80392156863
			3762.25490196078	-2132.35294117647
			3759.80392156863	-2129.90196078431
			3759.80392156863	-2127.45098039216
			3757.35294117647	-2125
			3757.35294117647	-2122.54901960784
			3757.35294117647	-2120.09803921569
			3757.35294117647	-2117.64705882353
			3757.35294117647	-2115.19607843137
			3754.90196078431	-2115.19607843137
			3754.90196078431	-2112.74509803922
			3754.90196078431	-2110.29411764706
			3754.90196078431	-2107.8431372549
			3754.90196078431	-2105.39215686275
			3754.90196078431	-2102.94117647059
			3752.45098039216	-2100.49019607843
			3752.45098039216	-2098.03921568627
			3752.45098039216	-2095.58823529412
			3752.45098039216	-2093.13725490196
			3752.45098039216	-2090.6862745098
			3752.45098039216	-2088.23529411765
			3752.45098039216	-2085.78431372549
			3752.45098039216	-2083.33333333333
			3752.45098039216	-2080.88235294118
			3752.45098039216	-2078.43137254902
			3752.45098039216	-2075.98039215686
			3752.45098039216	-2073.52941176471
			3752.45098039216	-2071.07843137255
			3752.45098039216	-2068.62745098039
			3752.45098039216	-2066.17647058824
			3752.45098039216	-2063.72549019608
			3752.45098039216	-2061.27450980392
			3754.90196078431	-2058.82352941176
			3754.90196078431	-2056.37254901961
			3754.90196078431	-2053.92156862745
			3754.90196078431	-2051.47058823529
			3757.35294117647	-2049.01960784314
			3757.35294117647	-2046.56862745098
			3759.80392156863	-2044.11764705882
			3759.80392156863	-2041.66666666667
			3759.80392156863	-2039.21568627451
			3762.25490196078	-2039.21568627451
			3762.25490196078	-2036.76470588235
			3764.70588235294	-2034.3137254902
			3764.70588235294	-2031.86274509804
			3767.1568627451	-2029.41176470588
			3769.60784313726	-2029.41176470588
			3769.60784313726	-2026.96078431373
			3772.05882352941	-2024.50980392157
			3774.50980392157	-2022.05882352941
			3776.96078431373	-2019.60784313726
			3779.41176470588	-2019.60784313726
			3781.86274509804	-2017.1568627451
			3784.3137254902	-2014.70588235294
			3786.76470588235	-2014.70588235294
			3789.21568627451	-2012.25490196078
			3791.66666666667	-2012.25490196078
			3794.11764705882	-2012.25490196078
			3796.56862745098	-2009.80392156863
			3799.01960784314	-2009.80392156863
			3801.47058823529	-2007.35294117647
			3803.92156862745	-2007.35294117647
			3806.37254901961	-2007.35294117647
			3808.82352941176	-2007.35294117647
			3811.27450980392	-2004.90196078431
			3813.72549019608	-2004.90196078431
			3816.17647058824	-2004.90196078431
			3818.62745098039	-2004.90196078431
			3821.07843137255	-2004.90196078431
			3823.52941176471	-2004.90196078431
			3825.98039215686	-2002.45098039216
			3828.43137254902	-2002.45098039216
			3830.88235294118	-2002.45098039216
			3833.33333333333	-2002.45098039216
			3835.78431372549	-2002.45098039216
			3838.23529411765	-2002.45098039216
			3840.6862745098	-2002.45098039216
			3843.13725490196	-2002.45098039216
			3845.58823529412	-2002.45098039216
			3848.03921568627	-2002.45098039216
			3850.49019607843	-2002.45098039216
			3852.94117647059	-2002.45098039216
			3855.39215686275	-2002.45098039216
			3857.8431372549	-2002.45098039216
			3860.29411764706	-2002.45098039216
			3862.74509803922	-2002.45098039216
			3865.19607843137	-2002.45098039216
			3867.64705882353	-2002.45098039216
			3870.09803921569	-2002.45098039216
			3872.54901960784	-2004.90196078431
			3875	-2004.90196078431
			3877.45098039216	-2004.90196078431
			3879.90196078431	-2004.90196078431
			3882.35294117647	-2004.90196078431
			3884.80392156863	-2004.90196078431
			3887.25490196078	-2004.90196078431
			3889.70588235294	-2004.90196078431
			3892.1568627451	-2007.35294117647
			3894.60784313726	-2007.35294117647
			3897.05882352941	-2007.35294117647
			3899.50980392157	-2007.35294117647
		</C1>
	</curves.scaled>
	<ruler.points type=matrix rownames=TRUE colnames=FALSE nrow=2 ncol=2 as.numeric=TRUE >
		Ruler point 1	3	1877
		Ruler point 2	105	1877
	</ruler.points>
</shapes>

