<shapes type=list>
	<ruler.pixel type=vector names=FALSE length=1 as.numeric=TRUE >102</ruler.pixel>
	<ruler.interval type=vector names=FALSE length=1 as.numeric=TRUE >250</ruler.interval>
	<scaling.units type=vector names=FALSE length=1 as.numeric=FALSE >nm</scaling.units>
	<scaling type=vector names=FALSE length=1 as.numeric=TRUE >2.45098039215686</scaling>
	<landmarks.pixel type=matrix rownames=TRUE colnames=FALSE nrow=4 ncol=2 as.numeric=TRUE >
		1-TopL	1637	590
		2-TopR	2243	945
		3-BotR	1759	1234
		4-BotL	1695	1180
	</landmarks.pixel>
	<landmarks.scaled type=matrix rownames=TRUE colnames=FALSE nrow=4 ncol=2 as.numeric=TRUE >
		1-TopL	4012.25490196078	-1446.07843137255
		2-TopR	5497.54901960784	-2316.17647058824
		3-BotR	4311.27450980392	-3024.50980392157
		4-BotL	4154.41176470588	-2892.1568627451
	</landmarks.scaled>
	<curves.control type=list>
		<C1 type=matrix rownames=FALSE colnames=FALSE nrow=7 ncol=2 as.numeric=TRUE >
			1637	590
			1804	541
			1935	572
			2022	607
			2123	738
			2221	856
			2243	945
		</C1>
		<C2 type=matrix rownames=FALSE colnames=FALSE nrow=5 ncol=2 as.numeric=TRUE >
			1759	1234
			1763	1308
			1707	1301
			1602	1259
			1695	1180
		</C2>
	</curves.control>
	<curves.pixel type=list>
		<C1 type=matrix rownames=FALSE colnames=FALSE nrow=731 ncol=2 as.numeric=TRUE >
			1637	590
			1638	590
			1639	589
			1640	589
			1641	589
			1642	589
			1643	588
			1644	588
			1645	588
			1646	588
			1647	587
			1648	587
			1649	586
			1650	586
			1651	586
			1652	586
			1653	585
			1654	585
			1655	585
			1656	585
			1657	584
			1658	584
			1659	584
			1660	584
			1661	583
			1662	583
			1663	583
			1664	583
			1665	582
			1666	582
			1667	582
			1668	581
			1669	581
			1670	581
			1671	581
			1672	580
			1673	580
			1674	580
			1675	580
			1676	580
			1677	579
			1678	579
			1679	579
			1680	579
			1681	578
			1682	578
			1683	578
			1684	578
			1685	577
			1686	577
			1687	577
			1688	577
			1689	577
			1690	576
			1691	576
			1692	576
			1693	576
			1694	575
			1695	575
			1696	575
			1697	575
			1698	575
			1699	574
			1700	574
			1701	574
			1702	574
			1703	573
			1704	573
			1705	573
			1706	573
			1707	573
			1708	572
			1709	572
			1710	572
			1711	572
			1712	572
			1713	572
			1714	571
			1715	571
			1716	571
			1717	571
			1718	571
			1719	570
			1720	570
			1721	570
			1722	570
			1723	570
			1724	569
			1725	569
			1726	569
			1727	569
			1728	569
			1729	569
			1730	568
			1731	568
			1732	568
			1733	568
			1734	568
			1735	568
			1736	567
			1737	567
			1738	567
			1739	567
			1740	567
			1741	567
			1742	567
			1743	566
			1744	566
			1745	566
			1746	566
			1747	566
			1748	566
			1749	566
			1750	565
			1751	565
			1752	565
			1753	565
			1754	565
			1755	565
			1756	565
			1757	565
			1758	564
			1759	564
			1760	564
			1761	564
			1762	564
			1763	564
			1764	564
			1765	564
			1766	563
			1767	563
			1768	563
			1769	563
			1770	563
			1771	563
			1772	563
			1773	563
			1774	563
			1775	563
			1776	562
			1777	562
			1778	562
			1779	562
			1780	562
			1781	562
			1782	562
			1783	562
			1784	562
			1785	562
			1786	562
			1787	562
			1788	561
			1789	561
			1790	561
			1791	561
			1792	561
			1793	561
			1794	561
			1795	561
			1796	561
			1797	561
			1798	561
			1799	561
			1800	561
			1801	561
			1802	561
			1803	561
			1804	561
			1805	560
			1806	560
			1807	560
			1808	560
			1809	560
			1810	560
			1811	560
			1812	560
			1813	560
			1814	560
			1815	560
			1816	560
			1817	560
			1818	560
			1819	560
			1820	560
			1821	560
			1822	560
			1823	560
			1824	560
			1825	560
			1826	560
			1827	560
			1828	560
			1829	560
			1830	560
			1831	560
			1832	560
			1833	560
			1834	560
			1835	560
			1836	560
			1837	560
			1838	560
			1839	560
			1840	560
			1841	560
			1842	560
			1843	560
			1844	560
			1845	560
			1846	560
			1847	560
			1848	560
			1849	560
			1850	560
			1851	561
			1852	561
			1853	561
			1854	561
			1855	561
			1856	561
			1857	561
			1858	561
			1859	561
			1860	561
			1861	561
			1862	561
			1863	561
			1864	561
			1865	561
			1866	561
			1867	561
			1868	562
			1869	562
			1870	562
			1871	562
			1872	562
			1873	562
			1874	562
			1875	562
			1876	562
			1877	562
			1878	562
			1879	563
			1880	563
			1881	563
			1882	563
			1883	563
			1884	563
			1885	563
			1886	563
			1887	563
			1888	564
			1889	564
			1890	564
			1891	564
			1892	564
			1893	564
			1894	564
			1895	565
			1896	565
			1897	565
			1898	565
			1899	565
			1900	565
			1901	565
			1902	566
			1903	566
			1904	566
			1905	566
			1906	566
			1907	566
			1908	567
			1909	567
			1910	567
			1911	567
			1912	567
			1913	567
			1914	568
			1915	568
			1916	568
			1917	568
			1918	568
			1919	568
			1920	569
			1921	569
			1922	569
			1923	569
			1924	570
			1925	570
			1926	570
			1927	570
			1928	570
			1929	571
			1930	571
			1931	571
			1932	571
			1933	572
			1934	572
			1935	572
			1936	572
			1936	573
			1937	573
			1938	573
			1939	574
			1940	574
			1941	575
			1942	575
			1943	575
			1944	576
			1945	576
			1946	577
			1947	577
			1948	578
			1949	578
			1950	579
			1951	579
			1952	580
			1953	580
			1954	581
			1955	581
			1956	582
			1957	582
			1958	583
			1959	583
			1959	584
			1960	584
			1961	585
			1962	585
			1963	586
			1964	586
			1965	587
			1966	587
			1967	588
			1968	589
			1969	589
			1970	590
			1971	590
			1972	591
			1973	591
			1974	592
			1975	593
			1976	593
			1977	594
			1978	595
			1979	595
			1980	596
			1981	596
			1982	597
			1983	598
			1984	598
			1985	599
			1986	600
			1987	600
			1988	601
			1989	602
			1990	602
			1991	603
			1992	604
			1993	605
			1994	605
			1995	606
			1996	607
			1997	608
			1998	608
			1999	609
			2000	610
			2001	611
			2002	611
			2003	612
			2004	613
			2005	614
			2006	614
			2007	615
			2008	616
			2009	617
			2010	618
			2011	618
			2012	619
			2013	620
			2014	621
			2015	622
			2016	623
			2017	623
			2018	624
			2019	625
			2020	626
			2021	627
			2022	628
			2023	629
			2024	629
			2025	630
			2026	631
			2027	632
			2028	633
			2029	634
			2030	635
			2031	636
			2032	637
			2033	638
			2034	639
			2035	640
			2036	640
			2037	641
			2038	642
			2039	643
			2040	644
			2041	645
			2042	646
			2043	647
			2044	648
			2045	649
			2046	650
			2047	651
			2048	652
			2049	653
			2050	654
			2051	655
			2052	656
			2053	657
			2054	658
			2055	659
			2056	660
			2057	661
			2058	662
			2058	663
			2059	663
			2060	664
			2061	665
			2061	666
			2062	667
			2063	667
			2064	668
			2064	669
			2065	670
			2066	670
			2067	671
			2067	672
			2068	673
			2069	674
			2070	675
			2071	675
			2071	676
			2072	677
			2073	678
			2074	679
			2074	680
			2075	680
			2076	681
			2077	682
			2077	683
			2078	684
			2079	685
			2080	685
			2080	686
			2081	687
			2082	688
			2083	689
			2083	690
			2084	691
			2085	692
			2086	692
			2087	693
			2087	694
			2088	695
			2089	696
			2090	697
			2090	698
			2091	699
			2092	700
			2093	700
			2093	701
			2094	702
			2095	703
			2096	704
			2096	705
			2097	706
			2098	707
			2099	708
			2100	709
			2100	710
			2101	711
			2102	712
			2103	712
			2103	713
			2104	714
			2105	715
			2106	716
			2107	717
			2107	718
			2108	719
			2109	720
			2110	721
			2110	722
			2111	723
			2112	724
			2113	725
			2114	726
			2114	727
			2115	728
			2116	729
			2117	730
			2117	731
			2118	732
			2119	733
			2120	734
			2121	735
			2121	736
			2122	737
			2123	738
			2124	739
			2125	740
			2125	741
			2126	742
			2127	743
			2128	743
			2128	744
			2129	745
			2130	746
			2130	747
			2131	748
			2132	749
			2133	750
			2133	751
			2134	752
			2135	753
			2136	753
			2136	754
			2137	755
			2138	756
			2138	757
			2139	758
			2140	759
			2141	760
			2141	761
			2142	762
			2143	762
			2143	763
			2144	764
			2145	765
			2146	766
			2146	767
			2147	768
			2148	769
			2148	770
			2149	770
			2150	771
			2150	772
			2151	773
			2152	774
			2152	775
			2153	776
			2154	777
			2154	778
			2155	778
			2156	779
			2156	780
			2157	781
			2158	782
			2158	783
			2159	784
			2160	785
			2161	786
			2162	787
			2162	788
			2163	789
			2164	790
			2164	791
			2165	792
			2166	793
			2167	794
			2167	795
			2168	796
			2168	797
			2169	798
			2170	798
			2170	799
			2171	800
			2171	801
			2172	801
			2172	802
			2173	803
			2173	804
			2174	804
			2174	805
			2175	806
			2175	807
			2176	807
			2176	808
			2177	809
			2178	810
			2178	811
			2179	812
			2179	813
			2180	814
			2181	815
			2182	816
			2183	817
			2183	818
			2184	819
			2184	820
			2185	821
			2186	822
			2186	823
			2187	824
			2188	825
			2188	826
			2189	827
			2189	828
			2190	829
			2191	830
			2191	831
			2192	832
			2192	833
			2193	833
			2193	834
			2194	835
			2194	836
			2195	837
			2196	838
			2196	839
			2197	840
			2197	841
			2198	841
			2198	842
			2199	843
			2199	844
			2200	845
			2200	846
			2201	847
			2202	848
			2202	849
			2203	850
			2204	851
			2204	852
			2204	853
			2205	853
			2205	854
			2205	855
			2206	855
			2206	856
			2207	857
			2207	858
			2208	859
			2208	860
			2209	860
			2209	861
			2209	862
			2210	863
			2211	864
			2211	865
			2212	866
			2212	867
			2212	868
			2213	869
			2214	870
			2214	871
			2215	872
			2215	873
			2216	874
			2216	875
			2217	876
			2217	877
			2218	878
			2218	879
			2219	880
			2219	881
			2220	882
			2220	883
			2221	884
			2221	885
			2222	886
			2222	887
			2222	888
			2223	889
			2224	890
			2224	891
			2225	892
			2225	893
			2225	894
			2226	895
			2226	896
			2227	897
			2227	898
			2227	899
			2228	900
			2228	901
			2229	902
			2229	903
			2229	904
			2230	905
			2230	906
			2231	907
			2231	908
			2232	909
			2232	910
			2232	911
			2233	912
			2233	913
			2233	914
			2234	914
			2234	915
			2234	916
			2234	917
			2235	918
			2235	919
			2236	920
			2236	921
			2236	922
			2237	923
			2237	924
			2237	925
			2237	926
			2238	927
			2238	928
			2239	929
			2239	930
			2239	931
			2239	932
			2240	933
			2240	934
			2240	935
			2241	936
			2241	937
			2241	938
			2241	939
			2242	940
			2242	941
			2242	942
			2242	943
			2243	944
			2243	945
		</C1>
		<C2 type=matrix rownames=FALSE colnames=FALSE nrow=242 ncol=2 as.numeric=TRUE >
			1759	1234
			1759	1235
			1759	1236
			1759	1237
			1759	1238
			1759	1239
			1759	1240
			1759	1241
			1759	1242
			1759	1243
			1759	1244
			1759	1245
			1759	1246
			1759	1247
			1759	1248
			1759	1249
			1759	1250
			1759	1251
			1759	1252
			1759	1253
			1759	1254
			1759	1255
			1759	1256
			1759	1257
			1758	1258
			1758	1259
			1758	1260
			1758	1261
			1758	1262
			1758	1263
			1758	1264
			1757	1265
			1757	1266
			1757	1267
			1757	1268
			1756	1269
			1756	1270
			1756	1271
			1756	1272
			1755	1273
			1755	1274
			1755	1275
			1755	1276
			1754	1277
			1754	1278
			1753	1279
			1753	1280
			1752	1281
			1752	1282
			1751	1283
			1751	1284
			1750	1285
			1749	1286
			1748	1287
			1748	1288
			1747	1289
			1746	1290
			1746	1291
			1745	1291
			1744	1292
			1743	1293
			1742	1294
			1741	1294
			1741	1295
			1740	1295
			1739	1296
			1738	1297
			1737	1297
			1736	1298
			1735	1298
			1734	1299
			1733	1299
			1732	1299
			1731	1300
			1730	1300
			1729	1300
			1728	1300
			1727	1301
			1726	1301
			1725	1301
			1724	1301
			1723	1301
			1722	1301
			1721	1301
			1720	1301
			1719	1302
			1718	1302
			1717	1302
			1716	1302
			1715	1302
			1714	1302
			1713	1302
			1712	1301
			1711	1301
			1710	1301
			1709	1301
			1708	1301
			1707	1301
			1706	1301
			1705	1300
			1704	1300
			1703	1299
			1702	1299
			1701	1298
			1700	1298
			1699	1298
			1698	1297
			1697	1297
			1696	1296
			1695	1296
			1694	1295
			1693	1295
			1692	1295
			1691	1294
			1690	1293
			1689	1293
			1688	1292
			1687	1291
			1686	1291
			1685	1290
			1684	1290
			1683	1289
			1682	1289
			1681	1288
			1680	1288
			1679	1287
			1678	1286
			1677	1286
			1676	1285
			1675	1284
			1674	1283
			1673	1283
			1672	1282
			1671	1281
			1670	1280
			1669	1280
			1668	1279
			1667	1278
			1667	1277
			1666	1277
			1665	1276
			1664	1275
			1664	1274
			1663	1274
			1662	1273
			1662	1272
			1661	1271
			1660	1271
			1660	1270
			1659	1269
			1659	1268
			1658	1267
			1657	1266
			1656	1265
			1656	1264
			1655	1263
			1655	1262
			1654	1261
			1654	1260
			1654	1259
			1653	1258
			1653	1257
			1653	1256
			1652	1255
			1652	1254
			1652	1253
			1652	1252
			1652	1251
			1651	1250
			1651	1249
			1651	1248
			1651	1247
			1651	1246
			1651	1245
			1651	1244
			1651	1243
			1652	1242
			1652	1241
			1652	1240
			1652	1239
			1652	1238
			1652	1237
			1653	1236
			1653	1235
			1653	1234
			1653	1233
			1654	1232
			1654	1231
			1654	1230
			1655	1229
			1655	1228
			1656	1227
			1656	1226
			1657	1225
			1657	1224
			1658	1223
			1658	1222
			1659	1221
			1659	1220
			1660	1219
			1661	1218
			1661	1217
			1662	1216
			1662	1215
			1663	1214
			1664	1213
			1665	1212
			1665	1211
			1666	1210
			1666	1209
			1667	1209
			1667	1208
			1668	1207
			1669	1206
			1669	1205
			1670	1205
			1671	1204
			1671	1203
			1672	1202
			1673	1201
			1674	1200
			1675	1199
			1676	1198
			1677	1197
			1678	1196
			1679	1195
			1680	1194
			1681	1193
			1682	1192
			1683	1191
			1684	1190
			1685	1189
			1686	1188
			1687	1187
			1688	1186
			1689	1185
			1690	1184
			1691	1183
			1692	1182
			1693	1182
			1694	1181
			1695	1180
		</C2>
	</curves.pixel>
	<curves.scaled type=list>
		<C1 type=matrix rownames=FALSE colnames=FALSE nrow=731 ncol=2 as.numeric=TRUE >
			4012.25490196078	-1446.07843137255
			4014.70588235294	-1446.07843137255
			4017.1568627451	-1443.62745098039
			4019.60784313726	-1443.62745098039
			4022.05882352941	-1443.62745098039
			4024.50980392157	-1443.62745098039
			4026.96078431373	-1441.17647058824
			4029.41176470588	-1441.17647058824
			4031.86274509804	-1441.17647058824
			4034.3137254902	-1441.17647058824
			4036.76470588235	-1438.72549019608
			4039.21568627451	-1438.72549019608
			4041.66666666667	-1436.27450980392
			4044.11764705882	-1436.27450980392
			4046.56862745098	-1436.27450980392
			4049.01960784314	-1436.27450980392
			4051.47058823529	-1433.82352941176
			4053.92156862745	-1433.82352941176
			4056.37254901961	-1433.82352941176
			4058.82352941176	-1433.82352941176
			4061.27450980392	-1431.37254901961
			4063.72549019608	-1431.37254901961
			4066.17647058824	-1431.37254901961
			4068.62745098039	-1431.37254901961
			4071.07843137255	-1428.92156862745
			4073.52941176471	-1428.92156862745
			4075.98039215686	-1428.92156862745
			4078.43137254902	-1428.92156862745
			4080.88235294118	-1426.47058823529
			4083.33333333333	-1426.47058823529
			4085.78431372549	-1426.47058823529
			4088.23529411765	-1424.01960784314
			4090.6862745098	-1424.01960784314
			4093.13725490196	-1424.01960784314
			4095.58823529412	-1424.01960784314
			4098.03921568627	-1421.56862745098
			4100.49019607843	-1421.56862745098
			4102.94117647059	-1421.56862745098
			4105.39215686275	-1421.56862745098
			4107.8431372549	-1421.56862745098
			4110.29411764706	-1419.11764705882
			4112.74509803922	-1419.11764705882
			4115.19607843137	-1419.11764705882
			4117.64705882353	-1419.11764705882
			4120.09803921569	-1416.66666666667
			4122.54901960784	-1416.66666666667
			4125	-1416.66666666667
			4127.45098039216	-1416.66666666667
			4129.90196078431	-1414.21568627451
			4132.35294117647	-1414.21568627451
			4134.80392156863	-1414.21568627451
			4137.25490196078	-1414.21568627451
			4139.70588235294	-1414.21568627451
			4142.1568627451	-1411.76470588235
			4144.60784313726	-1411.76470588235
			4147.05882352941	-1411.76470588235
			4149.50980392157	-1411.76470588235
			4151.96078431373	-1409.3137254902
			4154.41176470588	-1409.3137254902
			4156.86274509804	-1409.3137254902
			4159.3137254902	-1409.3137254902
			4161.76470588235	-1409.3137254902
			4164.21568627451	-1406.86274509804
			4166.66666666667	-1406.86274509804
			4169.11764705882	-1406.86274509804
			4171.56862745098	-1406.86274509804
			4174.01960784314	-1404.41176470588
			4176.47058823529	-1404.41176470588
			4178.92156862745	-1404.41176470588
			4181.37254901961	-1404.41176470588
			4183.82352941176	-1404.41176470588
			4186.27450980392	-1401.96078431373
			4188.72549019608	-1401.96078431373
			4191.17647058824	-1401.96078431373
			4193.62745098039	-1401.96078431373
			4196.07843137255	-1401.96078431373
			4198.52941176471	-1401.96078431373
			4200.98039215686	-1399.50980392157
			4203.43137254902	-1399.50980392157
			4205.88235294118	-1399.50980392157
			4208.33333333333	-1399.50980392157
			4210.78431372549	-1399.50980392157
			4213.23529411765	-1397.05882352941
			4215.6862745098	-1397.05882352941
			4218.13725490196	-1397.05882352941
			4220.58823529412	-1397.05882352941
			4223.03921568627	-1397.05882352941
			4225.49019607843	-1394.60784313726
			4227.94117647059	-1394.60784313726
			4230.39215686275	-1394.60784313726
			4232.8431372549	-1394.60784313726
			4235.29411764706	-1394.60784313726
			4237.74509803922	-1394.60784313726
			4240.19607843137	-1392.1568627451
			4242.64705882353	-1392.1568627451
			4245.09803921569	-1392.1568627451
			4247.54901960784	-1392.1568627451
			4250	-1392.1568627451
			4252.45098039216	-1392.1568627451
			4254.90196078431	-1389.70588235294
			4257.35294117647	-1389.70588235294
			4259.80392156863	-1389.70588235294
			4262.25490196078	-1389.70588235294
			4264.70588235294	-1389.70588235294
			4267.1568627451	-1389.70588235294
			4269.60784313726	-1389.70588235294
			4272.05882352941	-1387.25490196078
			4274.50980392157	-1387.25490196078
			4276.96078431373	-1387.25490196078
			4279.41176470588	-1387.25490196078
			4281.86274509804	-1387.25490196078
			4284.3137254902	-1387.25490196078
			4286.76470588235	-1387.25490196078
			4289.21568627451	-1384.80392156863
			4291.66666666667	-1384.80392156863
			4294.11764705882	-1384.80392156863
			4296.56862745098	-1384.80392156863
			4299.01960784314	-1384.80392156863
			4301.47058823529	-1384.80392156863
			4303.92156862745	-1384.80392156863
			4306.37254901961	-1384.80392156863
			4308.82352941176	-1382.35294117647
			4311.27450980392	-1382.35294117647
			4313.72549019608	-1382.35294117647
			4316.17647058824	-1382.35294117647
			4318.62745098039	-1382.35294117647
			4321.07843137255	-1382.35294117647
			4323.52941176471	-1382.35294117647
			4325.98039215686	-1382.35294117647
			4328.43137254902	-1379.90196078431
			4330.88235294118	-1379.90196078431
			4333.33333333333	-1379.90196078431
			4335.78431372549	-1379.90196078431
			4338.23529411765	-1379.90196078431
			4340.6862745098	-1379.90196078431
			4343.13725490196	-1379.90196078431
			4345.58823529412	-1379.90196078431
			4348.03921568627	-1379.90196078431
			4350.49019607843	-1379.90196078431
			4352.94117647059	-1377.45098039216
			4355.39215686275	-1377.45098039216
			4357.8431372549	-1377.45098039216
			4360.29411764706	-1377.45098039216
			4362.74509803922	-1377.45098039216
			4365.19607843137	-1377.45098039216
			4367.64705882353	-1377.45098039216
			4370.09803921569	-1377.45098039216
			4372.54901960784	-1377.45098039216
			4375	-1377.45098039216
			4377.45098039216	-1377.45098039216
			4379.90196078431	-1377.45098039216
			4382.35294117647	-1375
			4384.80392156863	-1375
			4387.25490196078	-1375
			4389.70588235294	-1375
			4392.1568627451	-1375
			4394.60784313726	-1375
			4397.05882352941	-1375
			4399.50980392157	-1375
			4401.96078431373	-1375
			4404.41176470588	-1375
			4406.86274509804	-1375
			4409.3137254902	-1375
			4411.76470588235	-1375
			4414.21568627451	-1375
			4416.66666666667	-1375
			4419.11764705882	-1375
			4421.56862745098	-1375
			4424.01960784314	-1372.54901960784
			4426.47058823529	-1372.54901960784
			4428.92156862745	-1372.54901960784
			4431.37254901961	-1372.54901960784
			4433.82352941176	-1372.54901960784
			4436.27450980392	-1372.54901960784
			4438.72549019608	-1372.54901960784
			4441.17647058824	-1372.54901960784
			4443.62745098039	-1372.54901960784
			4446.07843137255	-1372.54901960784
			4448.52941176471	-1372.54901960784
			4450.98039215686	-1372.54901960784
			4453.43137254902	-1372.54901960784
			4455.88235294118	-1372.54901960784
			4458.33333333333	-1372.54901960784
			4460.78431372549	-1372.54901960784
			4463.23529411765	-1372.54901960784
			4465.6862745098	-1372.54901960784
			4468.13725490196	-1372.54901960784
			4470.58823529412	-1372.54901960784
			4473.03921568627	-1372.54901960784
			4475.49019607843	-1372.54901960784
			4477.94117647059	-1372.54901960784
			4480.39215686275	-1372.54901960784
			4482.8431372549	-1372.54901960784
			4485.29411764706	-1372.54901960784
			4487.74509803922	-1372.54901960784
			4490.19607843137	-1372.54901960784
			4492.64705882353	-1372.54901960784
			4495.09803921569	-1372.54901960784
			4497.54901960784	-1372.54901960784
			4500	-1372.54901960784
			4502.45098039216	-1372.54901960784
			4504.90196078431	-1372.54901960784
			4507.35294117647	-1372.54901960784
			4509.80392156863	-1372.54901960784
			4512.25490196078	-1372.54901960784
			4514.70588235294	-1372.54901960784
			4517.1568627451	-1372.54901960784
			4519.60784313726	-1372.54901960784
			4522.05882352941	-1372.54901960784
			4524.50980392157	-1372.54901960784
			4526.96078431373	-1372.54901960784
			4529.41176470588	-1372.54901960784
			4531.86274509804	-1372.54901960784
			4534.3137254902	-1372.54901960784
			4536.76470588235	-1375
			4539.21568627451	-1375
			4541.66666666667	-1375
			4544.11764705882	-1375
			4546.56862745098	-1375
			4549.01960784314	-1375
			4551.47058823529	-1375
			4553.92156862745	-1375
			4556.37254901961	-1375
			4558.82352941176	-1375
			4561.27450980392	-1375
			4563.72549019608	-1375
			4566.17647058824	-1375
			4568.62745098039	-1375
			4571.07843137255	-1375
			4573.52941176471	-1375
			4575.98039215686	-1375
			4578.43137254902	-1377.45098039216
			4580.88235294118	-1377.45098039216
			4583.33333333333	-1377.45098039216
			4585.78431372549	-1377.45098039216
			4588.23529411765	-1377.45098039216
			4590.6862745098	-1377.45098039216
			4593.13725490196	-1377.45098039216
			4595.58823529412	-1377.45098039216
			4598.03921568627	-1377.45098039216
			4600.49019607843	-1377.45098039216
			4602.94117647059	-1377.45098039216
			4605.39215686275	-1379.90196078431
			4607.8431372549	-1379.90196078431
			4610.29411764706	-1379.90196078431
			4612.74509803922	-1379.90196078431
			4615.19607843137	-1379.90196078431
			4617.64705882353	-1379.90196078431
			4620.09803921569	-1379.90196078431
			4622.54901960784	-1379.90196078431
			4625	-1379.90196078431
			4627.45098039216	-1382.35294117647
			4629.90196078431	-1382.35294117647
			4632.35294117647	-1382.35294117647
			4634.80392156863	-1382.35294117647
			4637.25490196078	-1382.35294117647
			4639.70588235294	-1382.35294117647
			4642.1568627451	-1382.35294117647
			4644.60784313726	-1384.80392156863
			4647.05882352941	-1384.80392156863
			4649.50980392157	-1384.80392156863
			4651.96078431373	-1384.80392156863
			4654.41176470588	-1384.80392156863
			4656.86274509804	-1384.80392156863
			4659.3137254902	-1384.80392156863
			4661.76470588235	-1387.25490196078
			4664.21568627451	-1387.25490196078
			4666.66666666667	-1387.25490196078
			4669.11764705882	-1387.25490196078
			4671.56862745098	-1387.25490196078
			4674.01960784314	-1387.25490196078
			4676.47058823529	-1389.70588235294
			4678.92156862745	-1389.70588235294
			4681.37254901961	-1389.70588235294
			4683.82352941176	-1389.70588235294
			4686.27450980392	-1389.70588235294
			4688.72549019608	-1389.70588235294
			4691.17647058824	-1392.1568627451
			4693.62745098039	-1392.1568627451
			4696.07843137255	-1392.1568627451
			4698.52941176471	-1392.1568627451
			4700.98039215686	-1392.1568627451
			4703.43137254902	-1392.1568627451
			4705.88235294118	-1394.60784313726
			4708.33333333333	-1394.60784313726
			4710.78431372549	-1394.60784313726
			4713.23529411765	-1394.60784313726
			4715.6862745098	-1397.05882352941
			4718.13725490196	-1397.05882352941
			4720.58823529412	-1397.05882352941
			4723.03921568627	-1397.05882352941
			4725.49019607843	-1397.05882352941
			4727.94117647059	-1399.50980392157
			4730.39215686275	-1399.50980392157
			4732.8431372549	-1399.50980392157
			4735.29411764706	-1399.50980392157
			4737.74509803922	-1401.96078431373
			4740.19607843137	-1401.96078431373
			4742.64705882353	-1401.96078431373
			4745.09803921569	-1401.96078431373
			4745.09803921569	-1404.41176470588
			4747.54901960784	-1404.41176470588
			4750	-1404.41176470588
			4752.45098039216	-1406.86274509804
			4754.90196078431	-1406.86274509804
			4757.35294117647	-1409.3137254902
			4759.80392156863	-1409.3137254902
			4762.25490196078	-1409.3137254902
			4764.70588235294	-1411.76470588235
			4767.1568627451	-1411.76470588235
			4769.60784313726	-1414.21568627451
			4772.05882352941	-1414.21568627451
			4774.50980392157	-1416.66666666667
			4776.96078431373	-1416.66666666667
			4779.41176470588	-1419.11764705882
			4781.86274509804	-1419.11764705882
			4784.3137254902	-1421.56862745098
			4786.76470588235	-1421.56862745098
			4789.21568627451	-1424.01960784314
			4791.66666666667	-1424.01960784314
			4794.11764705882	-1426.47058823529
			4796.56862745098	-1426.47058823529
			4799.01960784314	-1428.92156862745
			4801.47058823529	-1428.92156862745
			4801.47058823529	-1431.37254901961
			4803.92156862745	-1431.37254901961
			4806.37254901961	-1433.82352941176
			4808.82352941176	-1433.82352941176
			4811.27450980392	-1436.27450980392
			4813.72549019608	-1436.27450980392
			4816.17647058824	-1438.72549019608
			4818.62745098039	-1438.72549019608
			4821.07843137255	-1441.17647058824
			4823.52941176471	-1443.62745098039
			4825.98039215686	-1443.62745098039
			4828.43137254902	-1446.07843137255
			4830.88235294118	-1446.07843137255
			4833.33333333333	-1448.52941176471
			4835.78431372549	-1448.52941176471
			4838.23529411765	-1450.98039215686
			4840.6862745098	-1453.43137254902
			4843.13725490196	-1453.43137254902
			4845.58823529412	-1455.88235294118
			4848.03921568627	-1458.33333333333
			4850.49019607843	-1458.33333333333
			4852.94117647059	-1460.78431372549
			4855.39215686275	-1460.78431372549
			4857.8431372549	-1463.23529411765
			4860.29411764706	-1465.6862745098
			4862.74509803922	-1465.6862745098
			4865.19607843137	-1468.13725490196
			4867.64705882353	-1470.58823529412
			4870.09803921569	-1470.58823529412
			4872.54901960784	-1473.03921568627
			4875	-1475.49019607843
			4877.45098039216	-1475.49019607843
			4879.90196078431	-1477.94117647059
			4882.35294117647	-1480.39215686275
			4884.80392156863	-1482.8431372549
			4887.25490196078	-1482.8431372549
			4889.70588235294	-1485.29411764706
			4892.1568627451	-1487.74509803922
			4894.60784313726	-1490.19607843137
			4897.05882352941	-1490.19607843137
			4899.50980392157	-1492.64705882353
			4901.96078431373	-1495.09803921569
			4904.41176470588	-1497.54901960784
			4906.86274509804	-1497.54901960784
			4909.3137254902	-1500
			4911.76470588235	-1502.45098039216
			4914.21568627451	-1504.90196078431
			4916.66666666667	-1504.90196078431
			4919.11764705882	-1507.35294117647
			4921.56862745098	-1509.80392156863
			4924.01960784314	-1512.25490196078
			4926.47058823529	-1514.70588235294
			4928.92156862745	-1514.70588235294
			4931.37254901961	-1517.1568627451
			4933.82352941176	-1519.60784313726
			4936.27450980392	-1522.05882352941
			4938.72549019608	-1524.50980392157
			4941.17647058824	-1526.96078431373
			4943.62745098039	-1526.96078431373
			4946.07843137255	-1529.41176470588
			4948.52941176471	-1531.86274509804
			4950.98039215686	-1534.3137254902
			4953.43137254902	-1536.76470588235
			4955.88235294118	-1539.21568627451
			4958.33333333333	-1541.66666666667
			4960.78431372549	-1541.66666666667
			4963.23529411765	-1544.11764705882
			4965.6862745098	-1546.56862745098
			4968.13725490196	-1549.01960784314
			4970.58823529412	-1551.47058823529
			4973.03921568627	-1553.92156862745
			4975.49019607843	-1556.37254901961
			4977.94117647059	-1558.82352941176
			4980.39215686275	-1561.27450980392
			4982.8431372549	-1563.72549019608
			4985.29411764706	-1566.17647058824
			4987.74509803922	-1568.62745098039
			4990.19607843137	-1568.62745098039
			4992.64705882353	-1571.07843137255
			4995.09803921569	-1573.52941176471
			4997.54901960784	-1575.98039215686
			5000	-1578.43137254902
			5002.45098039216	-1580.88235294118
			5004.90196078431	-1583.33333333333
			5007.35294117647	-1585.78431372549
			5009.80392156863	-1588.23529411765
			5012.25490196078	-1590.6862745098
			5014.70588235294	-1593.13725490196
			5017.1568627451	-1595.58823529412
			5019.60784313726	-1598.03921568627
			5022.05882352941	-1600.49019607843
			5024.50980392157	-1602.94117647059
			5026.96078431373	-1605.39215686275
			5029.41176470588	-1607.8431372549
			5031.86274509804	-1610.29411764706
			5034.3137254902	-1612.74509803922
			5036.76470588235	-1615.19607843137
			5039.21568627451	-1617.64705882353
			5041.66666666667	-1620.09803921569
			5044.11764705882	-1622.54901960784
			5044.11764705882	-1625
			5046.56862745098	-1625
			5049.01960784314	-1627.45098039216
			5051.47058823529	-1629.90196078431
			5051.47058823529	-1632.35294117647
			5053.92156862745	-1634.80392156863
			5056.37254901961	-1634.80392156863
			5058.82352941176	-1637.25490196078
			5058.82352941176	-1639.70588235294
			5061.27450980392	-1642.1568627451
			5063.72549019608	-1642.1568627451
			5066.17647058824	-1644.60784313726
			5066.17647058824	-1647.05882352941
			5068.62745098039	-1649.50980392157
			5071.07843137255	-1651.96078431373
			5073.52941176471	-1654.41176470588
			5075.98039215686	-1654.41176470588
			5075.98039215686	-1656.86274509804
			5078.43137254902	-1659.3137254902
			5080.88235294118	-1661.76470588235
			5083.33333333333	-1664.21568627451
			5083.33333333333	-1666.66666666667
			5085.78431372549	-1666.66666666667
			5088.23529411765	-1669.11764705882
			5090.6862745098	-1671.56862745098
			5090.6862745098	-1674.01960784314
			5093.13725490196	-1676.47058823529
			5095.58823529412	-1678.92156862745
			5098.03921568627	-1678.92156862745
			5098.03921568627	-1681.37254901961
			5100.49019607843	-1683.82352941176
			5102.94117647059	-1686.27450980392
			5105.39215686275	-1688.72549019608
			5105.39215686275	-1691.17647058824
			5107.8431372549	-1693.62745098039
			5110.29411764706	-1696.07843137255
			5112.74509803922	-1696.07843137255
			5115.19607843137	-1698.52941176471
			5115.19607843137	-1700.98039215686
			5117.64705882353	-1703.43137254902
			5120.09803921569	-1705.88235294118
			5122.54901960784	-1708.33333333333
			5122.54901960784	-1710.78431372549
			5125	-1713.23529411765
			5127.45098039216	-1715.6862745098
			5129.90196078431	-1715.6862745098
			5129.90196078431	-1718.13725490196
			5132.35294117647	-1720.58823529412
			5134.80392156863	-1723.03921568627
			5137.25490196078	-1725.49019607843
			5137.25490196078	-1727.94117647059
			5139.70588235294	-1730.39215686275
			5142.1568627451	-1732.8431372549
			5144.60784313726	-1735.29411764706
			5147.05882352941	-1737.74509803922
			5147.05882352941	-1740.19607843137
			5149.50980392157	-1742.64705882353
			5151.96078431373	-1745.09803921569
			5154.41176470588	-1745.09803921569
			5154.41176470588	-1747.54901960784
			5156.86274509804	-1750
			5159.3137254902	-1752.45098039216
			5161.76470588235	-1754.90196078431
			5164.21568627451	-1757.35294117647
			5164.21568627451	-1759.80392156863
			5166.66666666667	-1762.25490196078
			5169.11764705882	-1764.70588235294
			5171.56862745098	-1767.1568627451
			5171.56862745098	-1769.60784313726
			5174.01960784314	-1772.05882352941
			5176.47058823529	-1774.50980392157
			5178.92156862745	-1776.96078431373
			5181.37254901961	-1779.41176470588
			5181.37254901961	-1781.86274509804
			5183.82352941176	-1784.3137254902
			5186.27450980392	-1786.76470588235
			5188.72549019608	-1789.21568627451
			5188.72549019608	-1791.66666666667
			5191.17647058824	-1794.11764705882
			5193.62745098039	-1796.56862745098
			5196.07843137255	-1799.01960784314
			5198.52941176471	-1801.47058823529
			5198.52941176471	-1803.92156862745
			5200.98039215686	-1806.37254901961
			5203.43137254902	-1808.82352941176
			5205.88235294118	-1811.27450980392
			5208.33333333333	-1813.72549019608
			5208.33333333333	-1816.17647058824
			5210.78431372549	-1818.62745098039
			5213.23529411765	-1821.07843137255
			5215.6862745098	-1821.07843137255
			5215.6862745098	-1823.52941176471
			5218.13725490196	-1825.98039215686
			5220.58823529412	-1828.43137254902
			5220.58823529412	-1830.88235294118
			5223.03921568627	-1833.33333333333
			5225.49019607843	-1835.78431372549
			5227.94117647059	-1838.23529411765
			5227.94117647059	-1840.6862745098
			5230.39215686275	-1843.13725490196
			5232.8431372549	-1845.58823529412
			5235.29411764706	-1845.58823529412
			5235.29411764706	-1848.03921568627
			5237.74509803922	-1850.49019607843
			5240.19607843137	-1852.94117647059
			5240.19607843137	-1855.39215686275
			5242.64705882353	-1857.8431372549
			5245.09803921569	-1860.29411764706
			5247.54901960784	-1862.74509803922
			5247.54901960784	-1865.19607843137
			5250	-1867.64705882353
			5252.45098039216	-1867.64705882353
			5252.45098039216	-1870.09803921569
			5254.90196078431	-1872.54901960784
			5257.35294117647	-1875
			5259.80392156863	-1877.45098039216
			5259.80392156863	-1879.90196078431
			5262.25490196078	-1882.35294117647
			5264.70588235294	-1884.80392156863
			5264.70588235294	-1887.25490196078
			5267.1568627451	-1887.25490196078
			5269.60784313726	-1889.70588235294
			5269.60784313726	-1892.1568627451
			5272.05882352941	-1894.60784313726
			5274.50980392157	-1897.05882352941
			5274.50980392157	-1899.50980392157
			5276.96078431373	-1901.96078431373
			5279.41176470588	-1904.41176470588
			5279.41176470588	-1906.86274509804
			5281.86274509804	-1906.86274509804
			5284.3137254902	-1909.3137254902
			5284.3137254902	-1911.76470588235
			5286.76470588235	-1914.21568627451
			5289.21568627451	-1916.66666666667
			5289.21568627451	-1919.11764705882
			5291.66666666667	-1921.56862745098
			5294.11764705882	-1924.01960784314
			5296.56862745098	-1926.47058823529
			5299.01960784314	-1928.92156862745
			5299.01960784314	-1931.37254901961
			5301.47058823529	-1933.82352941176
			5303.92156862745	-1936.27450980392
			5303.92156862745	-1938.72549019608
			5306.37254901961	-1941.17647058824
			5308.82352941176	-1943.62745098039
			5311.27450980392	-1946.07843137255
			5311.27450980392	-1948.52941176471
			5313.72549019608	-1950.98039215686
			5313.72549019608	-1953.43137254902
			5316.17647058824	-1955.88235294118
			5318.62745098039	-1955.88235294118
			5318.62745098039	-1958.33333333333
			5321.07843137255	-1960.78431372549
			5321.07843137255	-1963.23529411765
			5323.52941176471	-1963.23529411765
			5323.52941176471	-1965.6862745098
			5325.98039215686	-1968.13725490196
			5325.98039215686	-1970.58823529412
			5328.43137254902	-1970.58823529412
			5328.43137254902	-1973.03921568627
			5330.88235294118	-1975.49019607843
			5330.88235294118	-1977.94117647059
			5333.33333333333	-1977.94117647059
			5333.33333333333	-1980.39215686275
			5335.78431372549	-1982.8431372549
			5338.23529411765	-1985.29411764706
			5338.23529411765	-1987.74509803922
			5340.6862745098	-1990.19607843137
			5340.6862745098	-1992.64705882353
			5343.13725490196	-1995.09803921569
			5345.58823529412	-1997.54901960784
			5348.03921568627	-2000
			5350.49019607843	-2002.45098039216
			5350.49019607843	-2004.90196078431
			5352.94117647059	-2007.35294117647
			5352.94117647059	-2009.80392156863
			5355.39215686275	-2012.25490196078
			5357.8431372549	-2014.70588235294
			5357.8431372549	-2017.1568627451
			5360.29411764706	-2019.60784313726
			5362.74509803922	-2022.05882352941
			5362.74509803922	-2024.50980392157
			5365.19607843137	-2026.96078431373
			5365.19607843137	-2029.41176470588
			5367.64705882353	-2031.86274509804
			5370.09803921569	-2034.3137254902
			5370.09803921569	-2036.76470588235
			5372.54901960784	-2039.21568627451
			5372.54901960784	-2041.66666666667
			5375	-2041.66666666667
			5375	-2044.11764705882
			5377.45098039216	-2046.56862745098
			5377.45098039216	-2049.01960784314
			5379.90196078431	-2051.47058823529
			5382.35294117647	-2053.92156862745
			5382.35294117647	-2056.37254901961
			5384.80392156863	-2058.82352941176
			5384.80392156863	-2061.27450980392
			5387.25490196078	-2061.27450980392
			5387.25490196078	-2063.72549019608
			5389.70588235294	-2066.17647058824
			5389.70588235294	-2068.62745098039
			5392.1568627451	-2071.07843137255
			5392.1568627451	-2073.52941176471
			5394.60784313726	-2075.98039215686
			5397.05882352941	-2078.43137254902
			5397.05882352941	-2080.88235294118
			5399.50980392157	-2083.33333333333
			5401.96078431373	-2085.78431372549
			5401.96078431373	-2088.23529411765
			5401.96078431373	-2090.6862745098
			5404.41176470588	-2090.6862745098
			5404.41176470588	-2093.13725490196
			5404.41176470588	-2095.58823529412
			5406.86274509804	-2095.58823529412
			5406.86274509804	-2098.03921568627
			5409.3137254902	-2100.49019607843
			5409.3137254902	-2102.94117647059
			5411.76470588235	-2105.39215686275
			5411.76470588235	-2107.8431372549
			5414.21568627451	-2107.8431372549
			5414.21568627451	-2110.29411764706
			5414.21568627451	-2112.74509803922
			5416.66666666667	-2115.19607843137
			5419.11764705882	-2117.64705882353
			5419.11764705882	-2120.09803921569
			5421.56862745098	-2122.54901960784
			5421.56862745098	-2125
			5421.56862745098	-2127.45098039216
			5424.01960784314	-2129.90196078431
			5426.47058823529	-2132.35294117647
			5426.47058823529	-2134.80392156863
			5428.92156862745	-2137.25490196078
			5428.92156862745	-2139.70588235294
			5431.37254901961	-2142.1568627451
			5431.37254901961	-2144.60784313726
			5433.82352941176	-2147.05882352941
			5433.82352941176	-2149.50980392157
			5436.27450980392	-2151.96078431373
			5436.27450980392	-2154.41176470588
			5438.72549019608	-2156.86274509804
			5438.72549019608	-2159.3137254902
			5441.17647058824	-2161.76470588235
			5441.17647058824	-2164.21568627451
			5443.62745098039	-2166.66666666667
			5443.62745098039	-2169.11764705882
			5446.07843137255	-2171.56862745098
			5446.07843137255	-2174.01960784314
			5446.07843137255	-2176.47058823529
			5448.52941176471	-2178.92156862745
			5450.98039215686	-2181.37254901961
			5450.98039215686	-2183.82352941176
			5453.43137254902	-2186.27450980392
			5453.43137254902	-2188.72549019608
			5453.43137254902	-2191.17647058824
			5455.88235294118	-2193.62745098039
			5455.88235294118	-2196.07843137255
			5458.33333333333	-2198.52941176471
			5458.33333333333	-2200.98039215686
			5458.33333333333	-2203.43137254902
			5460.78431372549	-2205.88235294118
			5460.78431372549	-2208.33333333333
			5463.23529411765	-2210.78431372549
			5463.23529411765	-2213.23529411765
			5463.23529411765	-2215.6862745098
			5465.6862745098	-2218.13725490196
			5465.6862745098	-2220.58823529412
			5468.13725490196	-2223.03921568627
			5468.13725490196	-2225.49019607843
			5470.58823529412	-2227.94117647059
			5470.58823529412	-2230.39215686275
			5470.58823529412	-2232.8431372549
			5473.03921568627	-2235.29411764706
			5473.03921568627	-2237.74509803922
			5473.03921568627	-2240.19607843137
			5475.49019607843	-2240.19607843137
			5475.49019607843	-2242.64705882353
			5475.49019607843	-2245.09803921569
			5475.49019607843	-2247.54901960784
			5477.94117647059	-2250
			5477.94117647059	-2252.45098039216
			5480.39215686275	-2254.90196078431
			5480.39215686275	-2257.35294117647
			5480.39215686275	-2259.80392156863
			5482.8431372549	-2262.25490196078
			5482.8431372549	-2264.70588235294
			5482.8431372549	-2267.1568627451
			5482.8431372549	-2269.60784313726
			5485.29411764706	-2272.05882352941
			5485.29411764706	-2274.50980392157
			5487.74509803922	-2276.96078431373
			5487.74509803922	-2279.41176470588
			5487.74509803922	-2281.86274509804
			5487.74509803922	-2284.3137254902
			5490.19607843137	-2286.76470588235
			5490.19607843137	-2289.21568627451
			5490.19607843137	-2291.66666666667
			5492.64705882353	-2294.11764705882
			5492.64705882353	-2296.56862745098
			5492.64705882353	-2299.01960784314
			5492.64705882353	-2301.47058823529
			5495.09803921569	-2303.92156862745
			5495.09803921569	-2306.37254901961
			5495.09803921569	-2308.82352941176
			5495.09803921569	-2311.27450980392
			5497.54901960784	-2313.72549019608
			5497.54901960784	-2316.17647058824
		</C1>
		<C2 type=matrix rownames=FALSE colnames=FALSE nrow=242 ncol=2 as.numeric=TRUE >
			4311.27450980392	-3024.50980392157
			4311.27450980392	-3026.96078431373
			4311.27450980392	-3029.41176470588
			4311.27450980392	-3031.86274509804
			4311.27450980392	-3034.3137254902
			4311.27450980392	-3036.76470588235
			4311.27450980392	-3039.21568627451
			4311.27450980392	-3041.66666666667
			4311.27450980392	-3044.11764705882
			4311.27450980392	-3046.56862745098
			4311.27450980392	-3049.01960784314
			4311.27450980392	-3051.47058823529
			4311.27450980392	-3053.92156862745
			4311.27450980392	-3056.37254901961
			4311.27450980392	-3058.82352941176
			4311.27450980392	-3061.27450980392
			4311.27450980392	-3063.72549019608
			4311.27450980392	-3066.17647058824
			4311.27450980392	-3068.62745098039
			4311.27450980392	-3071.07843137255
			4311.27450980392	-3073.52941176471
			4311.27450980392	-3075.98039215686
			4311.27450980392	-3078.43137254902
			4311.27450980392	-3080.88235294118
			4308.82352941176	-3083.33333333333
			4308.82352941176	-3085.78431372549
			4308.82352941176	-3088.23529411765
			4308.82352941176	-3090.6862745098
			4308.82352941176	-3093.13725490196
			4308.82352941176	-3095.58823529412
			4308.82352941176	-3098.03921568627
			4306.37254901961	-3100.49019607843
			4306.37254901961	-3102.94117647059
			4306.37254901961	-3105.39215686275
			4306.37254901961	-3107.8431372549
			4303.92156862745	-3110.29411764706
			4303.92156862745	-3112.74509803922
			4303.92156862745	-3115.19607843137
			4303.92156862745	-3117.64705882353
			4301.47058823529	-3120.09803921569
			4301.47058823529	-3122.54901960784
			4301.47058823529	-3125
			4301.47058823529	-3127.45098039216
			4299.01960784314	-3129.90196078431
			4299.01960784314	-3132.35294117647
			4296.56862745098	-3134.80392156863
			4296.56862745098	-3137.25490196078
			4294.11764705882	-3139.70588235294
			4294.11764705882	-3142.1568627451
			4291.66666666667	-3144.60784313726
			4291.66666666667	-3147.05882352941
			4289.21568627451	-3149.50980392157
			4286.76470588235	-3151.96078431373
			4284.3137254902	-3154.41176470588
			4284.3137254902	-3156.86274509804
			4281.86274509804	-3159.3137254902
			4279.41176470588	-3161.76470588235
			4279.41176470588	-3164.21568627451
			4276.96078431373	-3164.21568627451
			4274.50980392157	-3166.66666666667
			4272.05882352941	-3169.11764705882
			4269.60784313726	-3171.56862745098
			4267.1568627451	-3171.56862745098
			4267.1568627451	-3174.01960784314
			4264.70588235294	-3174.01960784314
			4262.25490196078	-3176.47058823529
			4259.80392156863	-3178.92156862745
			4257.35294117647	-3178.92156862745
			4254.90196078431	-3181.37254901961
			4252.45098039216	-3181.37254901961
			4250	-3183.82352941176
			4247.54901960784	-3183.82352941176
			4245.09803921569	-3183.82352941176
			4242.64705882353	-3186.27450980392
			4240.19607843137	-3186.27450980392
			4237.74509803922	-3186.27450980392
			4235.29411764706	-3186.27450980392
			4232.8431372549	-3188.72549019608
			4230.39215686275	-3188.72549019608
			4227.94117647059	-3188.72549019608
			4225.49019607843	-3188.72549019608
			4223.03921568627	-3188.72549019608
			4220.58823529412	-3188.72549019608
			4218.13725490196	-3188.72549019608
			4215.6862745098	-3188.72549019608
			4213.23529411765	-3191.17647058824
			4210.78431372549	-3191.17647058824
			4208.33333333333	-3191.17647058824
			4205.88235294118	-3191.17647058824
			4203.43137254902	-3191.17647058824
			4200.98039215686	-3191.17647058824
			4198.52941176471	-3191.17647058824
			4196.07843137255	-3188.72549019608
			4193.62745098039	-3188.72549019608
			4191.17647058824	-3188.72549019608
			4188.72549019608	-3188.72549019608
			4186.27450980392	-3188.72549019608
			4183.82352941176	-3188.72549019608
			4181.37254901961	-3188.72549019608
			4178.92156862745	-3186.27450980392
			4176.47058823529	-3186.27450980392
			4174.01960784314	-3183.82352941176
			4171.56862745098	-3183.82352941176
			4169.11764705882	-3181.37254901961
			4166.66666666667	-3181.37254901961
			4164.21568627451	-3181.37254901961
			4161.76470588235	-3178.92156862745
			4159.3137254902	-3178.92156862745
			4156.86274509804	-3176.47058823529
			4154.41176470588	-3176.47058823529
			4151.96078431373	-3174.01960784314
			4149.50980392157	-3174.01960784314
			4147.05882352941	-3174.01960784314
			4144.60784313726	-3171.56862745098
			4142.1568627451	-3169.11764705882
			4139.70588235294	-3169.11764705882
			4137.25490196078	-3166.66666666667
			4134.80392156863	-3164.21568627451
			4132.35294117647	-3164.21568627451
			4129.90196078431	-3161.76470588235
			4127.45098039216	-3161.76470588235
			4125	-3159.3137254902
			4122.54901960784	-3159.3137254902
			4120.09803921569	-3156.86274509804
			4117.64705882353	-3156.86274509804
			4115.19607843137	-3154.41176470588
			4112.74509803922	-3151.96078431373
			4110.29411764706	-3151.96078431373
			4107.8431372549	-3149.50980392157
			4105.39215686275	-3147.05882352941
			4102.94117647059	-3144.60784313726
			4100.49019607843	-3144.60784313726
			4098.03921568627	-3142.1568627451
			4095.58823529412	-3139.70588235294
			4093.13725490196	-3137.25490196078
			4090.6862745098	-3137.25490196078
			4088.23529411765	-3134.80392156863
			4085.78431372549	-3132.35294117647
			4085.78431372549	-3129.90196078431
			4083.33333333333	-3129.90196078431
			4080.88235294118	-3127.45098039216
			4078.43137254902	-3125
			4078.43137254902	-3122.54901960784
			4075.98039215686	-3122.54901960784
			4073.52941176471	-3120.09803921569
			4073.52941176471	-3117.64705882353
			4071.07843137255	-3115.19607843137
			4068.62745098039	-3115.19607843137
			4068.62745098039	-3112.74509803922
			4066.17647058824	-3110.29411764706
			4066.17647058824	-3107.8431372549
			4063.72549019608	-3105.39215686275
			4061.27450980392	-3102.94117647059
			4058.82352941176	-3100.49019607843
			4058.82352941176	-3098.03921568627
			4056.37254901961	-3095.58823529412
			4056.37254901961	-3093.13725490196
			4053.92156862745	-3090.6862745098
			4053.92156862745	-3088.23529411765
			4053.92156862745	-3085.78431372549
			4051.47058823529	-3083.33333333333
			4051.47058823529	-3080.88235294118
			4051.47058823529	-3078.43137254902
			4049.01960784314	-3075.98039215686
			4049.01960784314	-3073.52941176471
			4049.01960784314	-3071.07843137255
			4049.01960784314	-3068.62745098039
			4049.01960784314	-3066.17647058824
			4046.56862745098	-3063.72549019608
			4046.56862745098	-3061.27450980392
			4046.56862745098	-3058.82352941176
			4046.56862745098	-3056.37254901961
			4046.56862745098	-3053.92156862745
			4046.56862745098	-3051.47058823529
			4046.56862745098	-3049.01960784314
			4046.56862745098	-3046.56862745098
			4049.01960784314	-3044.11764705882
			4049.01960784314	-3041.66666666667
			4049.01960784314	-3039.21568627451
			4049.01960784314	-3036.76470588235
			4049.01960784314	-3034.3137254902
			4049.01960784314	-3031.86274509804
			4051.47058823529	-3029.41176470588
			4051.47058823529	-3026.96078431373
			4051.47058823529	-3024.50980392157
			4051.47058823529	-3022.05882352941
			4053.92156862745	-3019.60784313726
			4053.92156862745	-3017.1568627451
			4053.92156862745	-3014.70588235294
			4056.37254901961	-3012.25490196078
			4056.37254901961	-3009.80392156863
			4058.82352941176	-3007.35294117647
			4058.82352941176	-3004.90196078431
			4061.27450980392	-3002.45098039216
			4061.27450980392	-3000
			4063.72549019608	-2997.54901960784
			4063.72549019608	-2995.09803921569
			4066.17647058824	-2992.64705882353
			4066.17647058824	-2990.19607843137
			4068.62745098039	-2987.74509803922
			4071.07843137255	-2985.29411764706
			4071.07843137255	-2982.8431372549
			4073.52941176471	-2980.39215686275
			4073.52941176471	-2977.94117647059
			4075.98039215686	-2975.49019607843
			4078.43137254902	-2973.03921568627
			4080.88235294118	-2970.58823529412
			4080.88235294118	-2968.13725490196
			4083.33333333333	-2965.6862745098
			4083.33333333333	-2963.23529411765
			4085.78431372549	-2963.23529411765
			4085.78431372549	-2960.78431372549
			4088.23529411765	-2958.33333333333
			4090.6862745098	-2955.88235294118
			4090.6862745098	-2953.43137254902
			4093.13725490196	-2953.43137254902
			4095.58823529412	-2950.98039215686
			4095.58823529412	-2948.52941176471
			4098.03921568627	-2946.07843137255
			4100.49019607843	-2943.62745098039
			4102.94117647059	-2941.17647058824
			4105.39215686275	-2938.72549019608
			4107.8431372549	-2936.27450980392
			4110.29411764706	-2933.82352941176
			4112.74509803922	-2931.37254901961
			4115.19607843137	-2928.92156862745
			4117.64705882353	-2926.47058823529
			4120.09803921569	-2924.01960784314
			4122.54901960784	-2921.56862745098
			4125	-2919.11764705882
			4127.45098039216	-2916.66666666667
			4129.90196078431	-2914.21568627451
			4132.35294117647	-2911.76470588235
			4134.80392156863	-2909.3137254902
			4137.25490196078	-2906.86274509804
			4139.70588235294	-2904.41176470588
			4142.1568627451	-2901.96078431373
			4144.60784313726	-2899.50980392157
			4147.05882352941	-2897.05882352941
			4149.50980392157	-2897.05882352941
			4151.96078431373	-2894.60784313726
			4154.41176470588	-2892.1568627451
		</C2>
	</curves.scaled>
	<ruler.points type=matrix rownames=TRUE colnames=FALSE nrow=2 ncol=2 as.numeric=TRUE >
		Ruler point 1	3	1877
		Ruler point 2	105	1877
	</ruler.points>
</shapes>

