<shapes type=list>
	<ruler.pixel type=vector names=FALSE length=1 as.numeric=TRUE >102</ruler.pixel>
	<ruler.interval type=vector names=FALSE length=1 as.numeric=TRUE >250</ruler.interval>
	<scaling.units type=vector names=FALSE length=1 as.numeric=FALSE >nm</scaling.units>
	<scaling type=vector names=FALSE length=1 as.numeric=TRUE >2.45098039215686</scaling>
	<landmarks.pixel type=matrix rownames=TRUE colnames=FALSE nrow=4 ncol=2 as.numeric=TRUE >
		1-TopL	517	702
		2-TopR	1379	1200
		3-BotR	709	1615
		4-BotL	610	1536
	</landmarks.pixel>
	<landmarks.scaled type=matrix rownames=TRUE colnames=FALSE nrow=4 ncol=2 as.numeric=TRUE >
		1-TopL	1267.1568627451	-1720.58823529412
		2-TopR	3379.90196078431	-2941.17647058824
		3-BotR	1737.74509803922	-3958.33333333333
		4-BotL	1495.09803921569	-3764.70588235294
	</landmarks.scaled>
	<curves.control type=list>
		<C1 type=matrix rownames=FALSE colnames=FALSE nrow=7 ncol=2 as.numeric=TRUE >
			517	702
			728	626
			939	743
			1067	794
			1153	914
			1313	1053
			1379	1200
		</C1>
		<C2 type=matrix rownames=FALSE colnames=FALSE nrow=5 ncol=2 as.numeric=TRUE >
			709	1615
			672	1699
			623	1670
			571	1650
			610	1536
		</C2>
	</curves.control>
	<curves.pixel type=list>
		<C1 type=matrix rownames=FALSE colnames=FALSE nrow=984 ncol=2 as.numeric=TRUE >
			517	702
			518	702
			519	701
			520	701
			521	701
			521	700
			522	700
			523	700
			524	700
			524	699
			525	699
			526	699
			527	698
			528	698
			529	698
			530	697
			531	697
			532	697
			533	697
			534	696
			535	696
			536	695
			537	695
			538	695
			539	695
			540	694
			541	694
			542	694
			543	693
			544	693
			545	693
			546	692
			547	692
			548	692
			549	691
			550	691
			551	691
			552	691
			553	690
			554	690
			555	690
			556	689
			557	689
			558	689
			559	689
			560	688
			561	688
			562	688
			563	688
			564	687
			565	687
			566	687
			567	687
			568	687
			568	686
			569	686
			570	686
			571	686
			572	685
			573	685
			574	685
			575	685
			576	685
			577	684
			578	684
			579	684
			580	684
			581	683
			582	683
			583	683
			584	683
			585	683
			586	682
			587	682
			588	682
			589	682
			590	681
			591	681
			592	681
			593	681
			594	681
			595	680
			596	680
			597	680
			598	680
			599	680
			600	680
			601	679
			602	679
			603	679
			604	679
			605	679
			606	679
			606	678
			607	678
			608	678
			609	678
			610	678
			611	678
			612	678
			613	677
			614	677
			615	677
			616	677
			617	677
			618	677
			619	677
			620	676
			621	676
			622	676
			623	676
			624	676
			625	676
			626	676
			627	675
			628	675
			629	675
			630	675
			631	675
			632	675
			633	675
			634	675
			635	675
			636	675
			637	674
			638	674
			639	674
			640	674
			641	674
			642	674
			643	674
			644	674
			645	674
			646	674
			647	674
			647	673
			648	673
			649	673
			650	673
			651	673
			652	673
			653	673
			654	673
			655	673
			656	673
			657	673
			658	673
			659	673
			660	673
			661	673
			662	673
			663	673
			664	672
			665	672
			666	672
			667	672
			668	672
			669	672
			670	672
			671	672
			672	672
			673	672
			674	672
			675	672
			676	672
			677	672
			678	672
			679	672
			680	672
			681	672
			682	672
			683	672
			684	672
			685	672
			686	672
			687	672
			688	672
			689	672
			690	672
			691	672
			692	672
			693	672
			694	672
			695	672
			696	672
			697	672
			698	672
			699	672
			700	672
			701	672
			702	672
			703	673
			704	673
			705	673
			706	673
			707	673
			708	673
			709	673
			710	673
			711	673
			712	673
			713	673
			714	673
			715	673
			716	673
			717	673
			718	673
			719	674
			720	674
			721	674
			722	674
			723	674
			724	674
			725	674
			726	674
			727	674
			728	674
			729	674
			730	674
			731	675
			732	675
			733	675
			734	675
			735	675
			736	675
			737	675
			738	675
			739	675
			740	676
			741	676
			742	676
			743	676
			744	676
			745	676
			746	676
			747	676
			748	677
			749	677
			750	677
			751	677
			752	677
			753	677
			754	677
			755	678
			756	678
			757	678
			758	678
			759	678
			760	678
			760	679
			761	679
			762	679
			763	679
			764	679
			765	679
			766	679
			767	680
			768	680
			769	680
			770	680
			771	680
			772	681
			773	681
			774	681
			775	681
			776	681
			777	682
			778	682
			779	682
			780	682
			781	682
			782	683
			783	683
			784	683
			785	683
			786	684
			787	684
			788	684
			789	684
			790	684
			791	685
			792	685
			793	685
			794	685
			795	686
			796	686
			797	686
			798	686
			799	687
			800	687
			801	687
			802	687
			803	688
			804	688
			805	688
			806	688
			807	689
			808	689
			809	689
			810	689
			811	690
			812	690
			813	690
			814	691
			815	691
			816	691
			817	692
			818	692
			819	692
			820	692
			821	693
			822	693
			823	693
			824	694
			825	694
			826	694
			827	695
			828	695
			829	695
			830	696
			831	696
			832	696
			833	696
			834	697
			835	697
			836	697
			837	698
			838	698
			839	699
			840	699
			841	699
			842	700
			843	700
			844	700
			845	701
			846	701
			847	701
			848	702
			849	702
			850	702
			851	703
			852	703
			853	703
			854	704
			855	704
			856	705
			857	705
			858	705
			859	706
			860	706
			861	707
			862	707
			863	707
			864	708
			865	708
			866	708
			867	709
			868	709
			869	710
			870	710
			871	710
			872	711
			873	711
			874	711
			875	712
			876	712
			876	713
			877	713
			878	713
			879	714
			880	714
			881	714
			882	715
			883	715
			883	716
			884	716
			885	716
			886	717
			887	717
			888	717
			889	718
			890	719
			891	719
			892	720
			893	720
			894	720
			895	721
			896	721
			897	722
			898	722
			899	723
			900	723
			901	723
			902	724
			903	724
			904	725
			905	725
			906	726
			907	726
			908	727
			909	727
			910	728
			911	729
			912	729
			913	729
			913	730
			914	730
			915	730
			915	731
			916	731
			917	731
			918	732
			919	732
			920	733
			921	733
			922	734
			923	734
			924	735
			925	735
			926	736
			927	736
			928	737
			929	737
			930	738
			931	738
			932	739
			933	739
			933	740
			934	740
			935	741
			936	741
			937	742
			938	743
			939	743
			940	743
			941	744
			942	744
			943	745
			944	745
			945	746
			946	746
			947	746
			948	747
			949	747
			950	747
			950	748
			951	748
			952	748
			953	749
			954	749
			955	750
			956	750
			957	750
			957	751
			958	751
			959	751
			960	752
			961	752
			961	753
			962	753
			963	753
			964	754
			965	754
			966	755
			967	755
			968	756
			969	756
			970	757
			971	757
			972	758
			973	758
			974	758
			975	759
			976	759
			976	760
			977	760
			978	761
			979	761
			980	762
			981	762
			982	763
			983	763
			984	764
			985	764
			986	765
			987	765
			988	766
			989	767
			990	767
			991	768
			992	768
			993	769
			994	769
			995	770
			996	770
			997	771
			998	771
			998	772
			999	772
			1000	773
			1001	773
			1002	774
			1003	774
			1004	775
			1005	776
			1006	776
			1007	777
			1008	777
			1009	778
			1010	778
			1011	779
			1012	780
			1013	781
			1014	781
			1015	782
			1016	782
			1017	783
			1018	784
			1019	784
			1020	785
			1021	785
			1021	786
			1022	786
			1023	787
			1024	787
			1024	788
			1025	788
			1026	789
			1027	789
			1027	790
			1028	790
			1029	791
			1030	791
			1031	792
			1032	793
			1033	794
			1034	794
			1035	795
			1036	796
			1037	796
			1038	797
			1039	798
			1040	799
			1041	800
			1042	800
			1043	801
			1044	801
			1044	802
			1045	802
			1046	803
			1047	804
			1048	805
			1049	805
			1050	806
			1051	807
			1052	808
			1053	809
			1054	809
			1055	810
			1056	811
			1057	811
			1058	812
			1059	813
			1059	814
			1060	814
			1061	815
			1062	816
			1063	817
			1064	817
			1065	818
			1066	819
			1067	820
			1068	820
			1068	821
			1069	822
			1070	823
			1071	823
			1072	824
			1073	825
			1074	826
			1075	827
			1076	827
			1076	828
			1077	829
			1078	830
			1079	830
			1080	831
			1081	832
			1082	833
			1083	834
			1084	835
			1085	836
			1086	837
			1087	838
			1088	839
			1089	840
			1090	841
			1091	842
			1092	842
			1092	843
			1093	844
			1094	844
			1094	845
			1095	845
			1095	846
			1096	847
			1097	847
			1097	848
			1098	848
			1098	849
			1099	850
			1100	850
			1100	851
			1101	851
			1101	852
			1102	853
			1103	853
			1103	854
			1104	855
			1105	856
			1106	857
			1107	858
			1108	859
			1109	860
			1110	861
			1111	862
			1112	863
			1113	864
			1113	865
			1114	866
			1115	867
			1116	868
			1117	869
			1118	870
			1118	871
			1119	871
			1120	872
			1121	873
			1122	874
			1123	875
			1123	876
			1124	877
			1125	878
			1126	879
			1127	880
			1128	881
			1128	882
			1129	883
			1130	884
			1131	885
			1132	886
			1132	887
			1133	888
			1134	889
			1135	890
			1136	891
			1136	892
			1137	893
			1138	894
			1139	895
			1140	896
			1140	897
			1141	898
			1142	899
			1143	900
			1143	901
			1144	902
			1145	903
			1146	904
			1147	905
			1147	906
			1148	907
			1149	908
			1150	909
			1150	910
			1151	911
			1151	912
			1152	912
			1152	913
			1153	914
			1154	915
			1155	916
			1156	917
			1157	918
			1158	919
			1159	920
			1160	920
			1161	921
			1162	922
			1163	923
			1164	924
			1165	925
			1166	926
			1167	927
			1168	927
			1169	928
			1170	929
			1171	930
			1172	931
			1173	932
			1174	933
			1175	934
			1176	935
			1177	935
			1178	936
			1179	937
			1180	938
			1181	939
			1182	940
			1183	941
			1184	942
			1185	943
			1186	944
			1187	944
			1188	945
			1189	946
			1190	947
			1191	948
			1192	949
			1192	950
			1193	951
			1194	952
			1195	952
			1196	953
			1197	954
			1198	955
			1199	956
			1200	957
			1201	958
			1202	959
			1203	960
			1204	960
			1205	961
			1205	962
			1206	963
			1207	964
			1208	965
			1209	966
			1210	967
			1211	968
			1212	969
			1213	969
			1214	970
			1215	971
			1215	972
			1216	973
			1217	974
			1218	975
			1219	976
			1220	977
			1221	977
			1222	978
			1223	979
			1223	980
			1224	981
			1225	982
			1226	983
			1227	984
			1228	985
			1229	986
			1230	987
			1231	988
			1232	989
			1233	990
			1234	991
			1235	992
			1236	993
			1237	994
			1237	995
			1238	995
			1239	996
			1239	997
			1240	998
			1241	999
			1242	999
			1242	1000
			1243	1001
			1244	1002
			1245	1002
			1245	1003
			1246	1004
			1247	1005
			1247	1006
			1248	1006
			1249	1007
			1250	1008
			1250	1009
			1251	1009
			1252	1010
			1252	1011
			1253	1012
			1254	1013
			1255	1014
			1256	1015
			1257	1016
			1258	1017
			1258	1018
			1259	1019
			1260	1020
			1261	1021
			1262	1022
			1263	1023
			1264	1024
			1265	1025
			1265	1026
			1266	1026
			1267	1027
			1267	1028
			1268	1028
			1268	1029
			1269	1030
			1269	1031
			1270	1031
			1271	1032
			1271	1033
			1272	1033
			1272	1034
			1273	1035
			1274	1036
			1275	1037
			1276	1038
			1276	1039
			1277	1040
			1278	1041
			1279	1042
			1280	1043
			1281	1044
			1282	1045
			1282	1046
			1283	1047
			1284	1048
			1285	1049
			1286	1050
			1286	1051
			1287	1052
			1288	1053
			1289	1054
			1289	1055
			1290	1056
			1291	1057
			1292	1058
			1292	1059
			1293	1060
			1294	1061
			1295	1062
			1296	1063
			1296	1064
			1297	1065
			1298	1066
			1299	1067
			1299	1068
			1300	1069
			1301	1070
			1302	1071
			1302	1072
			1303	1073
			1304	1074
			1304	1075
			1305	1075
			1306	1076
			1307	1077
			1307	1078
			1308	1079
			1309	1080
			1310	1081
			1310	1082
			1311	1083
			1312	1084
			1312	1085
			1313	1086
			1314	1087
			1314	1088
			1315	1089
			1316	1090
			1317	1091
			1317	1092
			1318	1093
			1319	1094
			1319	1095
			1320	1096
			1321	1097
			1321	1098
			1322	1099
			1323	1100
			1323	1101
			1324	1102
			1325	1103
			1325	1104
			1326	1105
			1327	1106
			1327	1107
			1328	1108
			1329	1109
			1329	1110
			1330	1111
			1331	1112
			1331	1113
			1332	1114
			1333	1115
			1333	1116
			1334	1117
			1334	1118
			1335	1119
			1336	1120
			1336	1121
			1337	1122
			1338	1123
			1338	1124
			1339	1125
			1339	1126
			1340	1127
			1341	1128
			1341	1129
			1342	1130
			1342	1131
			1343	1132
			1344	1133
			1344	1134
			1345	1135
			1345	1136
			1346	1137
			1347	1138
			1347	1139
			1348	1140
			1348	1141
			1349	1142
			1350	1143
			1350	1144
			1351	1145
			1351	1146
			1352	1147
			1352	1148
			1353	1149
			1354	1150
			1354	1151
			1355	1152
			1355	1153
			1356	1154
			1356	1155
			1357	1156
			1357	1157
			1358	1158
			1359	1159
			1359	1160
			1360	1161
			1360	1162
			1361	1163
			1361	1164
			1362	1165
			1362	1166
			1363	1167
			1363	1168
			1364	1169
			1364	1170
			1365	1171
			1365	1172
			1366	1173
			1366	1174
			1367	1175
			1367	1176
			1368	1177
			1368	1178
			1369	1179
			1369	1180
			1370	1181
			1370	1182
			1371	1183
			1371	1184
			1372	1185
			1372	1186
			1373	1187
			1373	1188
			1374	1189
			1374	1190
			1375	1191
			1375	1192
			1376	1193
			1376	1194
			1377	1195
			1377	1196
			1378	1197
			1378	1198
			1378	1199
			1379	1200
		</C1>
		<C2 type=matrix rownames=FALSE colnames=FALSE nrow=254 ncol=2 as.numeric=TRUE >
			709	1615
			708	1616
			708	1617
			708	1618
			707	1619
			707	1620
			706	1621
			706	1622
			705	1623
			705	1624
			705	1625
			704	1625
			704	1626
			703	1627
			703	1628
			703	1629
			702	1629
			702	1630
			701	1631
			701	1632
			700	1633
			700	1634
			699	1635
			699	1636
			698	1637
			698	1638
			697	1639
			696	1640
			696	1641
			695	1642
			694	1643
			694	1644
			693	1645
			692	1646
			692	1647
			691	1648
			691	1649
			690	1650
			689	1651
			688	1652
			687	1653
			687	1654
			686	1655
			685	1656
			684	1657
			684	1658
			683	1659
			682	1660
			681	1660
			680	1661
			680	1662
			679	1663
			678	1664
			677	1664
			677	1665
			676	1666
			675	1666
			674	1667
			673	1668
			672	1669
			671	1670
			670	1670
			669	1671
			668	1671
			667	1672
			666	1673
			665	1673
			664	1674
			663	1674
			662	1674
			661	1675
			660	1675
			659	1676
			658	1676
			657	1676
			656	1676
			655	1677
			654	1677
			653	1677
			652	1677
			651	1677
			650	1677
			649	1677
			648	1677
			647	1677
			646	1677
			645	1677
			644	1677
			643	1677
			642	1677
			641	1677
			640	1677
			639	1676
			638	1676
			637	1676
			636	1676
			635	1676
			635	1675
			634	1675
			633	1675
			632	1674
			631	1674
			630	1674
			629	1673
			628	1673
			627	1672
			626	1672
			625	1671
			624	1671
			623	1670
			622	1670
			621	1669
			620	1669
			619	1668
			618	1668
			617	1667
			616	1667
			616	1666
			615	1666
			614	1665
			613	1665
			612	1664
			611	1664
			611	1663
			610	1662
			609	1662
			608	1661
			608	1660
			607	1660
			606	1659
			606	1658
			605	1657
			604	1656
			603	1655
			603	1654
			602	1653
			601	1652
			601	1651
			600	1650
			600	1649
			599	1648
			599	1647
			598	1646
			598	1645
			598	1644
			597	1643
			597	1642
			597	1641
			596	1641
			596	1640
			596	1639
			596	1638
			595	1637
			595	1636
			595	1635
			595	1634
			595	1633
			594	1632
			594	1631
			594	1630
			594	1629
			594	1628
			594	1627
			594	1626
			594	1625
			594	1624
			593	1623
			593	1622
			593	1621
			593	1620
			593	1619
			593	1618
			593	1617
			593	1616
			593	1615
			593	1614
			593	1613
			593	1612
			593	1611
			593	1610
			594	1609
			594	1608
			594	1607
			594	1606
			594	1605
			594	1604
			594	1603
			594	1602
			594	1601
			594	1600
			594	1599
			595	1598
			595	1597
			595	1596
			595	1595
			595	1594
			595	1593
			595	1592
			596	1591
			596	1590
			596	1589
			596	1588
			596	1587
			596	1586
			597	1585
			597	1584
			597	1583
			597	1582
			597	1581
			598	1580
			598	1579
			598	1578
			598	1577
			599	1576
			599	1575
			599	1574
			599	1573
			599	1572
			600	1571
			600	1570
			600	1569
			600	1568
			601	1567
			601	1566
			601	1565
			601	1564
			602	1563
			602	1562
			602	1561
			603	1560
			603	1559
			603	1558
			603	1557
			604	1556
			604	1555
			604	1554
			605	1553
			605	1552
			605	1551
			605	1550
			606	1549
			606	1548
			606	1547
			607	1546
			607	1545
			607	1544
			608	1543
			608	1542
			608	1541
			609	1540
			609	1539
			609	1538
			610	1537
			610	1536
		</C2>
	</curves.pixel>
	<curves.scaled type=list>
		<C1 type=matrix rownames=FALSE colnames=FALSE nrow=984 ncol=2 as.numeric=TRUE >
			1267.1568627451	-1720.58823529412
			1269.60784313726	-1720.58823529412
			1272.05882352941	-1718.13725490196
			1274.50980392157	-1718.13725490196
			1276.96078431373	-1718.13725490196
			1276.96078431373	-1715.6862745098
			1279.41176470588	-1715.6862745098
			1281.86274509804	-1715.6862745098
			1284.3137254902	-1715.6862745098
			1284.3137254902	-1713.23529411765
			1286.76470588235	-1713.23529411765
			1289.21568627451	-1713.23529411765
			1291.66666666667	-1710.78431372549
			1294.11764705882	-1710.78431372549
			1296.56862745098	-1710.78431372549
			1299.01960784314	-1708.33333333333
			1301.47058823529	-1708.33333333333
			1303.92156862745	-1708.33333333333
			1306.37254901961	-1708.33333333333
			1308.82352941176	-1705.88235294118
			1311.27450980392	-1705.88235294118
			1313.72549019608	-1703.43137254902
			1316.17647058824	-1703.43137254902
			1318.62745098039	-1703.43137254902
			1321.07843137255	-1703.43137254902
			1323.52941176471	-1700.98039215686
			1325.98039215686	-1700.98039215686
			1328.43137254902	-1700.98039215686
			1330.88235294118	-1698.52941176471
			1333.33333333333	-1698.52941176471
			1335.78431372549	-1698.52941176471
			1338.23529411765	-1696.07843137255
			1340.6862745098	-1696.07843137255
			1343.13725490196	-1696.07843137255
			1345.58823529412	-1693.62745098039
			1348.03921568627	-1693.62745098039
			1350.49019607843	-1693.62745098039
			1352.94117647059	-1693.62745098039
			1355.39215686275	-1691.17647058824
			1357.8431372549	-1691.17647058824
			1360.29411764706	-1691.17647058824
			1362.74509803922	-1688.72549019608
			1365.19607843137	-1688.72549019608
			1367.64705882353	-1688.72549019608
			1370.09803921569	-1688.72549019608
			1372.54901960784	-1686.27450980392
			1375	-1686.27450980392
			1377.45098039216	-1686.27450980392
			1379.90196078431	-1686.27450980392
			1382.35294117647	-1683.82352941176
			1384.80392156863	-1683.82352941176
			1387.25490196078	-1683.82352941176
			1389.70588235294	-1683.82352941176
			1392.1568627451	-1683.82352941176
			1392.1568627451	-1681.37254901961
			1394.60784313726	-1681.37254901961
			1397.05882352941	-1681.37254901961
			1399.50980392157	-1681.37254901961
			1401.96078431373	-1678.92156862745
			1404.41176470588	-1678.92156862745
			1406.86274509804	-1678.92156862745
			1409.3137254902	-1678.92156862745
			1411.76470588235	-1678.92156862745
			1414.21568627451	-1676.47058823529
			1416.66666666667	-1676.47058823529
			1419.11764705882	-1676.47058823529
			1421.56862745098	-1676.47058823529
			1424.01960784314	-1674.01960784314
			1426.47058823529	-1674.01960784314
			1428.92156862745	-1674.01960784314
			1431.37254901961	-1674.01960784314
			1433.82352941176	-1674.01960784314
			1436.27450980392	-1671.56862745098
			1438.72549019608	-1671.56862745098
			1441.17647058824	-1671.56862745098
			1443.62745098039	-1671.56862745098
			1446.07843137255	-1669.11764705882
			1448.52941176471	-1669.11764705882
			1450.98039215686	-1669.11764705882
			1453.43137254902	-1669.11764705882
			1455.88235294118	-1669.11764705882
			1458.33333333333	-1666.66666666667
			1460.78431372549	-1666.66666666667
			1463.23529411765	-1666.66666666667
			1465.6862745098	-1666.66666666667
			1468.13725490196	-1666.66666666667
			1470.58823529412	-1666.66666666667
			1473.03921568627	-1664.21568627451
			1475.49019607843	-1664.21568627451
			1477.94117647059	-1664.21568627451
			1480.39215686275	-1664.21568627451
			1482.8431372549	-1664.21568627451
			1485.29411764706	-1664.21568627451
			1485.29411764706	-1661.76470588235
			1487.74509803922	-1661.76470588235
			1490.19607843137	-1661.76470588235
			1492.64705882353	-1661.76470588235
			1495.09803921569	-1661.76470588235
			1497.54901960784	-1661.76470588235
			1500	-1661.76470588235
			1502.45098039216	-1659.3137254902
			1504.90196078431	-1659.3137254902
			1507.35294117647	-1659.3137254902
			1509.80392156863	-1659.3137254902
			1512.25490196078	-1659.3137254902
			1514.70588235294	-1659.3137254902
			1517.1568627451	-1659.3137254902
			1519.60784313726	-1656.86274509804
			1522.05882352941	-1656.86274509804
			1524.50980392157	-1656.86274509804
			1526.96078431373	-1656.86274509804
			1529.41176470588	-1656.86274509804
			1531.86274509804	-1656.86274509804
			1534.3137254902	-1656.86274509804
			1536.76470588235	-1654.41176470588
			1539.21568627451	-1654.41176470588
			1541.66666666667	-1654.41176470588
			1544.11764705882	-1654.41176470588
			1546.56862745098	-1654.41176470588
			1549.01960784314	-1654.41176470588
			1551.47058823529	-1654.41176470588
			1553.92156862745	-1654.41176470588
			1556.37254901961	-1654.41176470588
			1558.82352941176	-1654.41176470588
			1561.27450980392	-1651.96078431373
			1563.72549019608	-1651.96078431373
			1566.17647058824	-1651.96078431373
			1568.62745098039	-1651.96078431373
			1571.07843137255	-1651.96078431373
			1573.52941176471	-1651.96078431373
			1575.98039215686	-1651.96078431373
			1578.43137254902	-1651.96078431373
			1580.88235294118	-1651.96078431373
			1583.33333333333	-1651.96078431373
			1585.78431372549	-1651.96078431373
			1585.78431372549	-1649.50980392157
			1588.23529411765	-1649.50980392157
			1590.6862745098	-1649.50980392157
			1593.13725490196	-1649.50980392157
			1595.58823529412	-1649.50980392157
			1598.03921568627	-1649.50980392157
			1600.49019607843	-1649.50980392157
			1602.94117647059	-1649.50980392157
			1605.39215686275	-1649.50980392157
			1607.8431372549	-1649.50980392157
			1610.29411764706	-1649.50980392157
			1612.74509803922	-1649.50980392157
			1615.19607843137	-1649.50980392157
			1617.64705882353	-1649.50980392157
			1620.09803921569	-1649.50980392157
			1622.54901960784	-1649.50980392157
			1625	-1649.50980392157
			1627.45098039216	-1647.05882352941
			1629.90196078431	-1647.05882352941
			1632.35294117647	-1647.05882352941
			1634.80392156863	-1647.05882352941
			1637.25490196078	-1647.05882352941
			1639.70588235294	-1647.05882352941
			1642.1568627451	-1647.05882352941
			1644.60784313726	-1647.05882352941
			1647.05882352941	-1647.05882352941
			1649.50980392157	-1647.05882352941
			1651.96078431373	-1647.05882352941
			1654.41176470588	-1647.05882352941
			1656.86274509804	-1647.05882352941
			1659.3137254902	-1647.05882352941
			1661.76470588235	-1647.05882352941
			1664.21568627451	-1647.05882352941
			1666.66666666667	-1647.05882352941
			1669.11764705882	-1647.05882352941
			1671.56862745098	-1647.05882352941
			1674.01960784314	-1647.05882352941
			1676.47058823529	-1647.05882352941
			1678.92156862745	-1647.05882352941
			1681.37254901961	-1647.05882352941
			1683.82352941176	-1647.05882352941
			1686.27450980392	-1647.05882352941
			1688.72549019608	-1647.05882352941
			1691.17647058824	-1647.05882352941
			1693.62745098039	-1647.05882352941
			1696.07843137255	-1647.05882352941
			1698.52941176471	-1647.05882352941
			1700.98039215686	-1647.05882352941
			1703.43137254902	-1647.05882352941
			1705.88235294118	-1647.05882352941
			1708.33333333333	-1647.05882352941
			1710.78431372549	-1647.05882352941
			1713.23529411765	-1647.05882352941
			1715.6862745098	-1647.05882352941
			1718.13725490196	-1647.05882352941
			1720.58823529412	-1647.05882352941
			1723.03921568627	-1649.50980392157
			1725.49019607843	-1649.50980392157
			1727.94117647059	-1649.50980392157
			1730.39215686275	-1649.50980392157
			1732.8431372549	-1649.50980392157
			1735.29411764706	-1649.50980392157
			1737.74509803922	-1649.50980392157
			1740.19607843137	-1649.50980392157
			1742.64705882353	-1649.50980392157
			1745.09803921569	-1649.50980392157
			1747.54901960784	-1649.50980392157
			1750	-1649.50980392157
			1752.45098039216	-1649.50980392157
			1754.90196078431	-1649.50980392157
			1757.35294117647	-1649.50980392157
			1759.80392156863	-1649.50980392157
			1762.25490196078	-1651.96078431373
			1764.70588235294	-1651.96078431373
			1767.1568627451	-1651.96078431373
			1769.60784313726	-1651.96078431373
			1772.05882352941	-1651.96078431373
			1774.50980392157	-1651.96078431373
			1776.96078431373	-1651.96078431373
			1779.41176470588	-1651.96078431373
			1781.86274509804	-1651.96078431373
			1784.3137254902	-1651.96078431373
			1786.76470588235	-1651.96078431373
			1789.21568627451	-1651.96078431373
			1791.66666666667	-1654.41176470588
			1794.11764705882	-1654.41176470588
			1796.56862745098	-1654.41176470588
			1799.01960784314	-1654.41176470588
			1801.47058823529	-1654.41176470588
			1803.92156862745	-1654.41176470588
			1806.37254901961	-1654.41176470588
			1808.82352941176	-1654.41176470588
			1811.27450980392	-1654.41176470588
			1813.72549019608	-1656.86274509804
			1816.17647058824	-1656.86274509804
			1818.62745098039	-1656.86274509804
			1821.07843137255	-1656.86274509804
			1823.52941176471	-1656.86274509804
			1825.98039215686	-1656.86274509804
			1828.43137254902	-1656.86274509804
			1830.88235294118	-1656.86274509804
			1833.33333333333	-1659.3137254902
			1835.78431372549	-1659.3137254902
			1838.23529411765	-1659.3137254902
			1840.6862745098	-1659.3137254902
			1843.13725490196	-1659.3137254902
			1845.58823529412	-1659.3137254902
			1848.03921568627	-1659.3137254902
			1850.49019607843	-1661.76470588235
			1852.94117647059	-1661.76470588235
			1855.39215686275	-1661.76470588235
			1857.8431372549	-1661.76470588235
			1860.29411764706	-1661.76470588235
			1862.74509803922	-1661.76470588235
			1862.74509803922	-1664.21568627451
			1865.19607843137	-1664.21568627451
			1867.64705882353	-1664.21568627451
			1870.09803921569	-1664.21568627451
			1872.54901960784	-1664.21568627451
			1875	-1664.21568627451
			1877.45098039216	-1664.21568627451
			1879.90196078431	-1666.66666666667
			1882.35294117647	-1666.66666666667
			1884.80392156863	-1666.66666666667
			1887.25490196078	-1666.66666666667
			1889.70588235294	-1666.66666666667
			1892.1568627451	-1669.11764705882
			1894.60784313726	-1669.11764705882
			1897.05882352941	-1669.11764705882
			1899.50980392157	-1669.11764705882
			1901.96078431373	-1669.11764705882
			1904.41176470588	-1671.56862745098
			1906.86274509804	-1671.56862745098
			1909.3137254902	-1671.56862745098
			1911.76470588235	-1671.56862745098
			1914.21568627451	-1671.56862745098
			1916.66666666667	-1674.01960784314
			1919.11764705882	-1674.01960784314
			1921.56862745098	-1674.01960784314
			1924.01960784314	-1674.01960784314
			1926.47058823529	-1676.47058823529
			1928.92156862745	-1676.47058823529
			1931.37254901961	-1676.47058823529
			1933.82352941176	-1676.47058823529
			1936.27450980392	-1676.47058823529
			1938.72549019608	-1678.92156862745
			1941.17647058824	-1678.92156862745
			1943.62745098039	-1678.92156862745
			1946.07843137255	-1678.92156862745
			1948.52941176471	-1681.37254901961
			1950.98039215686	-1681.37254901961
			1953.43137254902	-1681.37254901961
			1955.88235294118	-1681.37254901961
			1958.33333333333	-1683.82352941176
			1960.78431372549	-1683.82352941176
			1963.23529411765	-1683.82352941176
			1965.6862745098	-1683.82352941176
			1968.13725490196	-1686.27450980392
			1970.58823529412	-1686.27450980392
			1973.03921568627	-1686.27450980392
			1975.49019607843	-1686.27450980392
			1977.94117647059	-1688.72549019608
			1980.39215686275	-1688.72549019608
			1982.8431372549	-1688.72549019608
			1985.29411764706	-1688.72549019608
			1987.74509803922	-1691.17647058824
			1990.19607843137	-1691.17647058824
			1992.64705882353	-1691.17647058824
			1995.09803921569	-1693.62745098039
			1997.54901960784	-1693.62745098039
			2000	-1693.62745098039
			2002.45098039216	-1696.07843137255
			2004.90196078431	-1696.07843137255
			2007.35294117647	-1696.07843137255
			2009.80392156863	-1696.07843137255
			2012.25490196078	-1698.52941176471
			2014.70588235294	-1698.52941176471
			2017.1568627451	-1698.52941176471
			2019.60784313726	-1700.98039215686
			2022.05882352941	-1700.98039215686
			2024.50980392157	-1700.98039215686
			2026.96078431373	-1703.43137254902
			2029.41176470588	-1703.43137254902
			2031.86274509804	-1703.43137254902
			2034.3137254902	-1705.88235294118
			2036.76470588235	-1705.88235294118
			2039.21568627451	-1705.88235294118
			2041.66666666667	-1705.88235294118
			2044.11764705882	-1708.33333333333
			2046.56862745098	-1708.33333333333
			2049.01960784314	-1708.33333333333
			2051.47058823529	-1710.78431372549
			2053.92156862745	-1710.78431372549
			2056.37254901961	-1713.23529411765
			2058.82352941176	-1713.23529411765
			2061.27450980392	-1713.23529411765
			2063.72549019608	-1715.6862745098
			2066.17647058824	-1715.6862745098
			2068.62745098039	-1715.6862745098
			2071.07843137255	-1718.13725490196
			2073.52941176471	-1718.13725490196
			2075.98039215686	-1718.13725490196
			2078.43137254902	-1720.58823529412
			2080.88235294118	-1720.58823529412
			2083.33333333333	-1720.58823529412
			2085.78431372549	-1723.03921568627
			2088.23529411765	-1723.03921568627
			2090.6862745098	-1723.03921568627
			2093.13725490196	-1725.49019607843
			2095.58823529412	-1725.49019607843
			2098.03921568627	-1727.94117647059
			2100.49019607843	-1727.94117647059
			2102.94117647059	-1727.94117647059
			2105.39215686275	-1730.39215686275
			2107.8431372549	-1730.39215686275
			2110.29411764706	-1732.8431372549
			2112.74509803922	-1732.8431372549
			2115.19607843137	-1732.8431372549
			2117.64705882353	-1735.29411764706
			2120.09803921569	-1735.29411764706
			2122.54901960784	-1735.29411764706
			2125	-1737.74509803922
			2127.45098039216	-1737.74509803922
			2129.90196078431	-1740.19607843137
			2132.35294117647	-1740.19607843137
			2134.80392156863	-1740.19607843137
			2137.25490196078	-1742.64705882353
			2139.70588235294	-1742.64705882353
			2142.1568627451	-1742.64705882353
			2144.60784313726	-1745.09803921569
			2147.05882352941	-1745.09803921569
			2147.05882352941	-1747.54901960784
			2149.50980392157	-1747.54901960784
			2151.96078431373	-1747.54901960784
			2154.41176470588	-1750
			2156.86274509804	-1750
			2159.3137254902	-1750
			2161.76470588235	-1752.45098039216
			2164.21568627451	-1752.45098039216
			2164.21568627451	-1754.90196078431
			2166.66666666667	-1754.90196078431
			2169.11764705882	-1754.90196078431
			2171.56862745098	-1757.35294117647
			2174.01960784314	-1757.35294117647
			2176.47058823529	-1757.35294117647
			2178.92156862745	-1759.80392156863
			2181.37254901961	-1762.25490196078
			2183.82352941176	-1762.25490196078
			2186.27450980392	-1764.70588235294
			2188.72549019608	-1764.70588235294
			2191.17647058824	-1764.70588235294
			2193.62745098039	-1767.1568627451
			2196.07843137255	-1767.1568627451
			2198.52941176471	-1769.60784313726
			2200.98039215686	-1769.60784313726
			2203.43137254902	-1772.05882352941
			2205.88235294118	-1772.05882352941
			2208.33333333333	-1772.05882352941
			2210.78431372549	-1774.50980392157
			2213.23529411765	-1774.50980392157
			2215.6862745098	-1776.96078431373
			2218.13725490196	-1776.96078431373
			2220.58823529412	-1779.41176470588
			2223.03921568627	-1779.41176470588
			2225.49019607843	-1781.86274509804
			2227.94117647059	-1781.86274509804
			2230.39215686275	-1784.3137254902
			2232.8431372549	-1786.76470588235
			2235.29411764706	-1786.76470588235
			2237.74509803922	-1786.76470588235
			2237.74509803922	-1789.21568627451
			2240.19607843137	-1789.21568627451
			2242.64705882353	-1789.21568627451
			2242.64705882353	-1791.66666666667
			2245.09803921569	-1791.66666666667
			2247.54901960784	-1791.66666666667
			2250	-1794.11764705882
			2252.45098039216	-1794.11764705882
			2254.90196078431	-1796.56862745098
			2257.35294117647	-1796.56862745098
			2259.80392156863	-1799.01960784314
			2262.25490196078	-1799.01960784314
			2264.70588235294	-1801.47058823529
			2267.1568627451	-1801.47058823529
			2269.60784313726	-1803.92156862745
			2272.05882352941	-1803.92156862745
			2274.50980392157	-1806.37254901961
			2276.96078431373	-1806.37254901961
			2279.41176470588	-1808.82352941176
			2281.86274509804	-1808.82352941176
			2284.3137254902	-1811.27450980392
			2286.76470588235	-1811.27450980392
			2286.76470588235	-1813.72549019608
			2289.21568627451	-1813.72549019608
			2291.66666666667	-1816.17647058824
			2294.11764705882	-1816.17647058824
			2296.56862745098	-1818.62745098039
			2299.01960784314	-1821.07843137255
			2301.47058823529	-1821.07843137255
			2303.92156862745	-1821.07843137255
			2306.37254901961	-1823.52941176471
			2308.82352941176	-1823.52941176471
			2311.27450980392	-1825.98039215686
			2313.72549019608	-1825.98039215686
			2316.17647058824	-1828.43137254902
			2318.62745098039	-1828.43137254902
			2321.07843137255	-1828.43137254902
			2323.52941176471	-1830.88235294118
			2325.98039215686	-1830.88235294118
			2328.43137254902	-1830.88235294118
			2328.43137254902	-1833.33333333333
			2330.88235294118	-1833.33333333333
			2333.33333333333	-1833.33333333333
			2335.78431372549	-1835.78431372549
			2338.23529411765	-1835.78431372549
			2340.6862745098	-1838.23529411765
			2343.13725490196	-1838.23529411765
			2345.58823529412	-1838.23529411765
			2345.58823529412	-1840.6862745098
			2348.03921568627	-1840.6862745098
			2350.49019607843	-1840.6862745098
			2352.94117647059	-1843.13725490196
			2355.39215686275	-1843.13725490196
			2355.39215686275	-1845.58823529412
			2357.8431372549	-1845.58823529412
			2360.29411764706	-1845.58823529412
			2362.74509803922	-1848.03921568627
			2365.19607843137	-1848.03921568627
			2367.64705882353	-1850.49019607843
			2370.09803921569	-1850.49019607843
			2372.54901960784	-1852.94117647059
			2375	-1852.94117647059
			2377.45098039216	-1855.39215686275
			2379.90196078431	-1855.39215686275
			2382.35294117647	-1857.8431372549
			2384.80392156863	-1857.8431372549
			2387.25490196078	-1857.8431372549
			2389.70588235294	-1860.29411764706
			2392.1568627451	-1860.29411764706
			2392.1568627451	-1862.74509803922
			2394.60784313726	-1862.74509803922
			2397.05882352941	-1865.19607843137
			2399.50980392157	-1865.19607843137
			2401.96078431373	-1867.64705882353
			2404.41176470588	-1867.64705882353
			2406.86274509804	-1870.09803921569
			2409.3137254902	-1870.09803921569
			2411.76470588235	-1872.54901960784
			2414.21568627451	-1872.54901960784
			2416.66666666667	-1875
			2419.11764705882	-1875
			2421.56862745098	-1877.45098039216
			2424.01960784314	-1879.90196078431
			2426.47058823529	-1879.90196078431
			2428.92156862745	-1882.35294117647
			2431.37254901961	-1882.35294117647
			2433.82352941176	-1884.80392156863
			2436.27450980392	-1884.80392156863
			2438.72549019608	-1887.25490196078
			2441.17647058824	-1887.25490196078
			2443.62745098039	-1889.70588235294
			2446.07843137255	-1889.70588235294
			2446.07843137255	-1892.1568627451
			2448.52941176471	-1892.1568627451
			2450.98039215686	-1894.60784313726
			2453.43137254902	-1894.60784313726
			2455.88235294118	-1897.05882352941
			2458.33333333333	-1897.05882352941
			2460.78431372549	-1899.50980392157
			2463.23529411765	-1901.96078431373
			2465.6862745098	-1901.96078431373
			2468.13725490196	-1904.41176470588
			2470.58823529412	-1904.41176470588
			2473.03921568627	-1906.86274509804
			2475.49019607843	-1906.86274509804
			2477.94117647059	-1909.3137254902
			2480.39215686275	-1911.76470588235
			2482.8431372549	-1914.21568627451
			2485.29411764706	-1914.21568627451
			2487.74509803922	-1916.66666666667
			2490.19607843137	-1916.66666666667
			2492.64705882353	-1919.11764705882
			2495.09803921569	-1921.56862745098
			2497.54901960784	-1921.56862745098
			2500	-1924.01960784314
			2502.45098039216	-1924.01960784314
			2502.45098039216	-1926.47058823529
			2504.90196078431	-1926.47058823529
			2507.35294117647	-1928.92156862745
			2509.80392156863	-1928.92156862745
			2509.80392156863	-1931.37254901961
			2512.25490196078	-1931.37254901961
			2514.70588235294	-1933.82352941176
			2517.1568627451	-1933.82352941176
			2517.1568627451	-1936.27450980392
			2519.60784313726	-1936.27450980392
			2522.05882352941	-1938.72549019608
			2524.50980392157	-1938.72549019608
			2526.96078431373	-1941.17647058824
			2529.41176470588	-1943.62745098039
			2531.86274509804	-1946.07843137255
			2534.3137254902	-1946.07843137255
			2536.76470588235	-1948.52941176471
			2539.21568627451	-1950.98039215686
			2541.66666666667	-1950.98039215686
			2544.11764705882	-1953.43137254902
			2546.56862745098	-1955.88235294118
			2549.01960784314	-1958.33333333333
			2551.47058823529	-1960.78431372549
			2553.92156862745	-1960.78431372549
			2556.37254901961	-1963.23529411765
			2558.82352941176	-1963.23529411765
			2558.82352941176	-1965.6862745098
			2561.27450980392	-1965.6862745098
			2563.72549019608	-1968.13725490196
			2566.17647058824	-1970.58823529412
			2568.62745098039	-1973.03921568627
			2571.07843137255	-1973.03921568627
			2573.52941176471	-1975.49019607843
			2575.98039215686	-1977.94117647059
			2578.43137254902	-1980.39215686275
			2580.88235294118	-1982.8431372549
			2583.33333333333	-1982.8431372549
			2585.78431372549	-1985.29411764706
			2588.23529411765	-1987.74509803922
			2590.6862745098	-1987.74509803922
			2593.13725490196	-1990.19607843137
			2595.58823529412	-1992.64705882353
			2595.58823529412	-1995.09803921569
			2598.03921568627	-1995.09803921569
			2600.49019607843	-1997.54901960784
			2602.94117647059	-2000
			2605.39215686275	-2002.45098039216
			2607.8431372549	-2002.45098039216
			2610.29411764706	-2004.90196078431
			2612.74509803922	-2007.35294117647
			2615.19607843137	-2009.80392156863
			2617.64705882353	-2009.80392156863
			2617.64705882353	-2012.25490196078
			2620.09803921569	-2014.70588235294
			2622.54901960784	-2017.1568627451
			2625	-2017.1568627451
			2627.45098039216	-2019.60784313726
			2629.90196078431	-2022.05882352941
			2632.35294117647	-2024.50980392157
			2634.80392156863	-2026.96078431373
			2637.25490196078	-2026.96078431373
			2637.25490196078	-2029.41176470588
			2639.70588235294	-2031.86274509804
			2642.1568627451	-2034.3137254902
			2644.60784313726	-2034.3137254902
			2647.05882352941	-2036.76470588235
			2649.50980392157	-2039.21568627451
			2651.96078431373	-2041.66666666667
			2654.41176470588	-2044.11764705882
			2656.86274509804	-2046.56862745098
			2659.3137254902	-2049.01960784314
			2661.76470588235	-2051.47058823529
			2664.21568627451	-2053.92156862745
			2666.66666666667	-2056.37254901961
			2669.11764705882	-2058.82352941176
			2671.56862745098	-2061.27450980392
			2674.01960784314	-2063.72549019608
			2676.47058823529	-2063.72549019608
			2676.47058823529	-2066.17647058824
			2678.92156862745	-2068.62745098039
			2681.37254901961	-2068.62745098039
			2681.37254901961	-2071.07843137255
			2683.82352941176	-2071.07843137255
			2683.82352941176	-2073.52941176471
			2686.27450980392	-2075.98039215686
			2688.72549019608	-2075.98039215686
			2688.72549019608	-2078.43137254902
			2691.17647058824	-2078.43137254902
			2691.17647058824	-2080.88235294118
			2693.62745098039	-2083.33333333333
			2696.07843137255	-2083.33333333333
			2696.07843137255	-2085.78431372549
			2698.52941176471	-2085.78431372549
			2698.52941176471	-2088.23529411765
			2700.98039215686	-2090.6862745098
			2703.43137254902	-2090.6862745098
			2703.43137254902	-2093.13725490196
			2705.88235294118	-2095.58823529412
			2708.33333333333	-2098.03921568627
			2710.78431372549	-2100.49019607843
			2713.23529411765	-2102.94117647059
			2715.6862745098	-2105.39215686275
			2718.13725490196	-2107.8431372549
			2720.58823529412	-2110.29411764706
			2723.03921568627	-2112.74509803922
			2725.49019607843	-2115.19607843137
			2727.94117647059	-2117.64705882353
			2727.94117647059	-2120.09803921569
			2730.39215686275	-2122.54901960784
			2732.8431372549	-2125
			2735.29411764706	-2127.45098039216
			2737.74509803922	-2129.90196078431
			2740.19607843137	-2132.35294117647
			2740.19607843137	-2134.80392156863
			2742.64705882353	-2134.80392156863
			2745.09803921569	-2137.25490196078
			2747.54901960784	-2139.70588235294
			2750	-2142.1568627451
			2752.45098039216	-2144.60784313726
			2752.45098039216	-2147.05882352941
			2754.90196078431	-2149.50980392157
			2757.35294117647	-2151.96078431373
			2759.80392156863	-2154.41176470588
			2762.25490196078	-2156.86274509804
			2764.70588235294	-2159.3137254902
			2764.70588235294	-2161.76470588235
			2767.1568627451	-2164.21568627451
			2769.60784313726	-2166.66666666667
			2772.05882352941	-2169.11764705882
			2774.50980392157	-2171.56862745098
			2774.50980392157	-2174.01960784314
			2776.96078431373	-2176.47058823529
			2779.41176470588	-2178.92156862745
			2781.86274509804	-2181.37254901961
			2784.3137254902	-2183.82352941176
			2784.3137254902	-2186.27450980392
			2786.76470588235	-2188.72549019608
			2789.21568627451	-2191.17647058824
			2791.66666666667	-2193.62745098039
			2794.11764705882	-2196.07843137255
			2794.11764705882	-2198.52941176471
			2796.56862745098	-2200.98039215686
			2799.01960784314	-2203.43137254902
			2801.47058823529	-2205.88235294118
			2801.47058823529	-2208.33333333333
			2803.92156862745	-2210.78431372549
			2806.37254901961	-2213.23529411765
			2808.82352941176	-2215.6862745098
			2811.27450980392	-2218.13725490196
			2811.27450980392	-2220.58823529412
			2813.72549019608	-2223.03921568627
			2816.17647058824	-2225.49019607843
			2818.62745098039	-2227.94117647059
			2818.62745098039	-2230.39215686275
			2821.07843137255	-2232.8431372549
			2821.07843137255	-2235.29411764706
			2823.52941176471	-2235.29411764706
			2823.52941176471	-2237.74509803922
			2825.98039215686	-2240.19607843137
			2828.43137254902	-2242.64705882353
			2830.88235294118	-2245.09803921569
			2833.33333333333	-2247.54901960784
			2835.78431372549	-2250
			2838.23529411765	-2252.45098039216
			2840.6862745098	-2254.90196078431
			2843.13725490196	-2254.90196078431
			2845.58823529412	-2257.35294117647
			2848.03921568627	-2259.80392156863
			2850.49019607843	-2262.25490196078
			2852.94117647059	-2264.70588235294
			2855.39215686275	-2267.1568627451
			2857.8431372549	-2269.60784313726
			2860.29411764706	-2272.05882352941
			2862.74509803922	-2272.05882352941
			2865.19607843137	-2274.50980392157
			2867.64705882353	-2276.96078431373
			2870.09803921569	-2279.41176470588
			2872.54901960784	-2281.86274509804
			2875	-2284.3137254902
			2877.45098039216	-2286.76470588235
			2879.90196078431	-2289.21568627451
			2882.35294117647	-2291.66666666667
			2884.80392156863	-2291.66666666667
			2887.25490196078	-2294.11764705882
			2889.70588235294	-2296.56862745098
			2892.1568627451	-2299.01960784314
			2894.60784313726	-2301.47058823529
			2897.05882352941	-2303.92156862745
			2899.50980392157	-2306.37254901961
			2901.96078431373	-2308.82352941176
			2904.41176470588	-2311.27450980392
			2906.86274509804	-2313.72549019608
			2909.3137254902	-2313.72549019608
			2911.76470588235	-2316.17647058824
			2914.21568627451	-2318.62745098039
			2916.66666666667	-2321.07843137255
			2919.11764705882	-2323.52941176471
			2921.56862745098	-2325.98039215686
			2921.56862745098	-2328.43137254902
			2924.01960784314	-2330.88235294118
			2926.47058823529	-2333.33333333333
			2928.92156862745	-2333.33333333333
			2931.37254901961	-2335.78431372549
			2933.82352941176	-2338.23529411765
			2936.27450980392	-2340.6862745098
			2938.72549019608	-2343.13725490196
			2941.17647058824	-2345.58823529412
			2943.62745098039	-2348.03921568627
			2946.07843137255	-2350.49019607843
			2948.52941176471	-2352.94117647059
			2950.98039215686	-2352.94117647059
			2953.43137254902	-2355.39215686275
			2953.43137254902	-2357.8431372549
			2955.88235294118	-2360.29411764706
			2958.33333333333	-2362.74509803922
			2960.78431372549	-2365.19607843137
			2963.23529411765	-2367.64705882353
			2965.6862745098	-2370.09803921569
			2968.13725490196	-2372.54901960784
			2970.58823529412	-2375
			2973.03921568627	-2375
			2975.49019607843	-2377.45098039216
			2977.94117647059	-2379.90196078431
			2977.94117647059	-2382.35294117647
			2980.39215686275	-2384.80392156863
			2982.8431372549	-2387.25490196078
			2985.29411764706	-2389.70588235294
			2987.74509803922	-2392.1568627451
			2990.19607843137	-2394.60784313726
			2992.64705882353	-2394.60784313726
			2995.09803921569	-2397.05882352941
			2997.54901960784	-2399.50980392157
			2997.54901960784	-2401.96078431373
			3000	-2404.41176470588
			3002.45098039216	-2406.86274509804
			3004.90196078431	-2409.3137254902
			3007.35294117647	-2411.76470588235
			3009.80392156863	-2414.21568627451
			3012.25490196078	-2416.66666666667
			3014.70588235294	-2419.11764705882
			3017.1568627451	-2421.56862745098
			3019.60784313726	-2424.01960784314
			3022.05882352941	-2426.47058823529
			3024.50980392157	-2428.92156862745
			3026.96078431373	-2431.37254901961
			3029.41176470588	-2433.82352941176
			3031.86274509804	-2436.27450980392
			3031.86274509804	-2438.72549019608
			3034.3137254902	-2438.72549019608
			3036.76470588235	-2441.17647058824
			3036.76470588235	-2443.62745098039
			3039.21568627451	-2446.07843137255
			3041.66666666667	-2448.52941176471
			3044.11764705882	-2448.52941176471
			3044.11764705882	-2450.98039215686
			3046.56862745098	-2453.43137254902
			3049.01960784314	-2455.88235294118
			3051.47058823529	-2455.88235294118
			3051.47058823529	-2458.33333333333
			3053.92156862745	-2460.78431372549
			3056.37254901961	-2463.23529411765
			3056.37254901961	-2465.6862745098
			3058.82352941176	-2465.6862745098
			3061.27450980392	-2468.13725490196
			3063.72549019608	-2470.58823529412
			3063.72549019608	-2473.03921568627
			3066.17647058824	-2473.03921568627
			3068.62745098039	-2475.49019607843
			3068.62745098039	-2477.94117647059
			3071.07843137255	-2480.39215686275
			3073.52941176471	-2482.8431372549
			3075.98039215686	-2485.29411764706
			3078.43137254902	-2487.74509803922
			3080.88235294118	-2490.19607843137
			3083.33333333333	-2492.64705882353
			3083.33333333333	-2495.09803921569
			3085.78431372549	-2497.54901960784
			3088.23529411765	-2500
			3090.6862745098	-2502.45098039216
			3093.13725490196	-2504.90196078431
			3095.58823529412	-2507.35294117647
			3098.03921568627	-2509.80392156863
			3100.49019607843	-2512.25490196078
			3100.49019607843	-2514.70588235294
			3102.94117647059	-2514.70588235294
			3105.39215686275	-2517.1568627451
			3105.39215686275	-2519.60784313726
			3107.8431372549	-2519.60784313726
			3107.8431372549	-2522.05882352941
			3110.29411764706	-2524.50980392157
			3110.29411764706	-2526.96078431373
			3112.74509803922	-2526.96078431373
			3115.19607843137	-2529.41176470588
			3115.19607843137	-2531.86274509804
			3117.64705882353	-2531.86274509804
			3117.64705882353	-2534.3137254902
			3120.09803921569	-2536.76470588235
			3122.54901960784	-2539.21568627451
			3125	-2541.66666666667
			3127.45098039216	-2544.11764705882
			3127.45098039216	-2546.56862745098
			3129.90196078431	-2549.01960784314
			3132.35294117647	-2551.47058823529
			3134.80392156863	-2553.92156862745
			3137.25490196078	-2556.37254901961
			3139.70588235294	-2558.82352941176
			3142.1568627451	-2561.27450980392
			3142.1568627451	-2563.72549019608
			3144.60784313726	-2566.17647058824
			3147.05882352941	-2568.62745098039
			3149.50980392157	-2571.07843137255
			3151.96078431373	-2573.52941176471
			3151.96078431373	-2575.98039215686
			3154.41176470588	-2578.43137254902
			3156.86274509804	-2580.88235294118
			3159.3137254902	-2583.33333333333
			3159.3137254902	-2585.78431372549
			3161.76470588235	-2588.23529411765
			3164.21568627451	-2590.6862745098
			3166.66666666667	-2593.13725490196
			3166.66666666667	-2595.58823529412
			3169.11764705882	-2598.03921568627
			3171.56862745098	-2600.49019607843
			3174.01960784314	-2602.94117647059
			3176.47058823529	-2605.39215686275
			3176.47058823529	-2607.8431372549
			3178.92156862745	-2610.29411764706
			3181.37254901961	-2612.74509803922
			3183.82352941176	-2615.19607843137
			3183.82352941176	-2617.64705882353
			3186.27450980392	-2620.09803921569
			3188.72549019608	-2622.54901960784
			3191.17647058824	-2625
			3191.17647058824	-2627.45098039216
			3193.62745098039	-2629.90196078431
			3196.07843137255	-2632.35294117647
			3196.07843137255	-2634.80392156863
			3198.52941176471	-2634.80392156863
			3200.98039215686	-2637.25490196078
			3203.43137254902	-2639.70588235294
			3203.43137254902	-2642.1568627451
			3205.88235294118	-2644.60784313726
			3208.33333333333	-2647.05882352941
			3210.78431372549	-2649.50980392157
			3210.78431372549	-2651.96078431373
			3213.23529411765	-2654.41176470588
			3215.6862745098	-2656.86274509804
			3215.6862745098	-2659.3137254902
			3218.13725490196	-2661.76470588235
			3220.58823529412	-2664.21568627451
			3220.58823529412	-2666.66666666667
			3223.03921568627	-2669.11764705882
			3225.49019607843	-2671.56862745098
			3227.94117647059	-2674.01960784314
			3227.94117647059	-2676.47058823529
			3230.39215686275	-2678.92156862745
			3232.8431372549	-2681.37254901961
			3232.8431372549	-2683.82352941176
			3235.29411764706	-2686.27450980392
			3237.74509803922	-2688.72549019608
			3237.74509803922	-2691.17647058824
			3240.19607843137	-2693.62745098039
			3242.64705882353	-2696.07843137255
			3242.64705882353	-2698.52941176471
			3245.09803921569	-2700.98039215686
			3247.54901960784	-2703.43137254902
			3247.54901960784	-2705.88235294118
			3250	-2708.33333333333
			3252.45098039216	-2710.78431372549
			3252.45098039216	-2713.23529411765
			3254.90196078431	-2715.6862745098
			3257.35294117647	-2718.13725490196
			3257.35294117647	-2720.58823529412
			3259.80392156863	-2723.03921568627
			3262.25490196078	-2725.49019607843
			3262.25490196078	-2727.94117647059
			3264.70588235294	-2730.39215686275
			3267.1568627451	-2732.8431372549
			3267.1568627451	-2735.29411764706
			3269.60784313726	-2737.74509803922
			3269.60784313726	-2740.19607843137
			3272.05882352941	-2742.64705882353
			3274.50980392157	-2745.09803921569
			3274.50980392157	-2747.54901960784
			3276.96078431373	-2750
			3279.41176470588	-2752.45098039216
			3279.41176470588	-2754.90196078431
			3281.86274509804	-2757.35294117647
			3281.86274509804	-2759.80392156863
			3284.3137254902	-2762.25490196078
			3286.76470588235	-2764.70588235294
			3286.76470588235	-2767.1568627451
			3289.21568627451	-2769.60784313726
			3289.21568627451	-2772.05882352941
			3291.66666666667	-2774.50980392157
			3294.11764705882	-2776.96078431373
			3294.11764705882	-2779.41176470588
			3296.56862745098	-2781.86274509804
			3296.56862745098	-2784.3137254902
			3299.01960784314	-2786.76470588235
			3301.47058823529	-2789.21568627451
			3301.47058823529	-2791.66666666667
			3303.92156862745	-2794.11764705882
			3303.92156862745	-2796.56862745098
			3306.37254901961	-2799.01960784314
			3308.82352941176	-2801.47058823529
			3308.82352941176	-2803.92156862745
			3311.27450980392	-2806.37254901961
			3311.27450980392	-2808.82352941176
			3313.72549019608	-2811.27450980392
			3313.72549019608	-2813.72549019608
			3316.17647058824	-2816.17647058824
			3318.62745098039	-2818.62745098039
			3318.62745098039	-2821.07843137255
			3321.07843137255	-2823.52941176471
			3321.07843137255	-2825.98039215686
			3323.52941176471	-2828.43137254902
			3323.52941176471	-2830.88235294118
			3325.98039215686	-2833.33333333333
			3325.98039215686	-2835.78431372549
			3328.43137254902	-2838.23529411765
			3330.88235294118	-2840.6862745098
			3330.88235294118	-2843.13725490196
			3333.33333333333	-2845.58823529412
			3333.33333333333	-2848.03921568627
			3335.78431372549	-2850.49019607843
			3335.78431372549	-2852.94117647059
			3338.23529411765	-2855.39215686275
			3338.23529411765	-2857.8431372549
			3340.6862745098	-2860.29411764706
			3340.6862745098	-2862.74509803922
			3343.13725490196	-2865.19607843137
			3343.13725490196	-2867.64705882353
			3345.58823529412	-2870.09803921569
			3345.58823529412	-2872.54901960784
			3348.03921568627	-2875
			3348.03921568627	-2877.45098039216
			3350.49019607843	-2879.90196078431
			3350.49019607843	-2882.35294117647
			3352.94117647059	-2884.80392156863
			3352.94117647059	-2887.25490196078
			3355.39215686275	-2889.70588235294
			3355.39215686275	-2892.1568627451
			3357.8431372549	-2894.60784313726
			3357.8431372549	-2897.05882352941
			3360.29411764706	-2899.50980392157
			3360.29411764706	-2901.96078431373
			3362.74509803922	-2904.41176470588
			3362.74509803922	-2906.86274509804
			3365.19607843137	-2909.3137254902
			3365.19607843137	-2911.76470588235
			3367.64705882353	-2914.21568627451
			3367.64705882353	-2916.66666666667
			3370.09803921569	-2919.11764705882
			3370.09803921569	-2921.56862745098
			3372.54901960784	-2924.01960784314
			3372.54901960784	-2926.47058823529
			3375	-2928.92156862745
			3375	-2931.37254901961
			3377.45098039216	-2933.82352941176
			3377.45098039216	-2936.27450980392
			3377.45098039216	-2938.72549019608
			3379.90196078431	-2941.17647058824
		</C1>
		<C2 type=matrix rownames=FALSE colnames=FALSE nrow=254 ncol=2 as.numeric=TRUE >
			1737.74509803922	-3958.33333333333
			1735.29411764706	-3960.78431372549
			1735.29411764706	-3963.23529411765
			1735.29411764706	-3965.6862745098
			1732.8431372549	-3968.13725490196
			1732.8431372549	-3970.58823529412
			1730.39215686275	-3973.03921568627
			1730.39215686275	-3975.49019607843
			1727.94117647059	-3977.94117647059
			1727.94117647059	-3980.39215686275
			1727.94117647059	-3982.8431372549
			1725.49019607843	-3982.8431372549
			1725.49019607843	-3985.29411764706
			1723.03921568627	-3987.74509803922
			1723.03921568627	-3990.19607843137
			1723.03921568627	-3992.64705882353
			1720.58823529412	-3992.64705882353
			1720.58823529412	-3995.09803921569
			1718.13725490196	-3997.54901960784
			1718.13725490196	-4000
			1715.6862745098	-4002.45098039216
			1715.6862745098	-4004.90196078431
			1713.23529411765	-4007.35294117647
			1713.23529411765	-4009.80392156863
			1710.78431372549	-4012.25490196078
			1710.78431372549	-4014.70588235294
			1708.33333333333	-4017.1568627451
			1705.88235294118	-4019.60784313726
			1705.88235294118	-4022.05882352941
			1703.43137254902	-4024.50980392157
			1700.98039215686	-4026.96078431373
			1700.98039215686	-4029.41176470588
			1698.52941176471	-4031.86274509804
			1696.07843137255	-4034.3137254902
			1696.07843137255	-4036.76470588235
			1693.62745098039	-4039.21568627451
			1693.62745098039	-4041.66666666667
			1691.17647058824	-4044.11764705882
			1688.72549019608	-4046.56862745098
			1686.27450980392	-4049.01960784314
			1683.82352941176	-4051.47058823529
			1683.82352941176	-4053.92156862745
			1681.37254901961	-4056.37254901961
			1678.92156862745	-4058.82352941176
			1676.47058823529	-4061.27450980392
			1676.47058823529	-4063.72549019608
			1674.01960784314	-4066.17647058824
			1671.56862745098	-4068.62745098039
			1669.11764705882	-4068.62745098039
			1666.66666666667	-4071.07843137255
			1666.66666666667	-4073.52941176471
			1664.21568627451	-4075.98039215686
			1661.76470588235	-4078.43137254902
			1659.3137254902	-4078.43137254902
			1659.3137254902	-4080.88235294118
			1656.86274509804	-4083.33333333333
			1654.41176470588	-4083.33333333333
			1651.96078431373	-4085.78431372549
			1649.50980392157	-4088.23529411765
			1647.05882352941	-4090.6862745098
			1644.60784313726	-4093.13725490196
			1642.1568627451	-4093.13725490196
			1639.70588235294	-4095.58823529412
			1637.25490196078	-4095.58823529412
			1634.80392156863	-4098.03921568627
			1632.35294117647	-4100.49019607843
			1629.90196078431	-4100.49019607843
			1627.45098039216	-4102.94117647059
			1625	-4102.94117647059
			1622.54901960784	-4102.94117647059
			1620.09803921569	-4105.39215686275
			1617.64705882353	-4105.39215686275
			1615.19607843137	-4107.8431372549
			1612.74509803922	-4107.8431372549
			1610.29411764706	-4107.8431372549
			1607.8431372549	-4107.8431372549
			1605.39215686275	-4110.29411764706
			1602.94117647059	-4110.29411764706
			1600.49019607843	-4110.29411764706
			1598.03921568627	-4110.29411764706
			1595.58823529412	-4110.29411764706
			1593.13725490196	-4110.29411764706
			1590.6862745098	-4110.29411764706
			1588.23529411765	-4110.29411764706
			1585.78431372549	-4110.29411764706
			1583.33333333333	-4110.29411764706
			1580.88235294118	-4110.29411764706
			1578.43137254902	-4110.29411764706
			1575.98039215686	-4110.29411764706
			1573.52941176471	-4110.29411764706
			1571.07843137255	-4110.29411764706
			1568.62745098039	-4110.29411764706
			1566.17647058824	-4107.8431372549
			1563.72549019608	-4107.8431372549
			1561.27450980392	-4107.8431372549
			1558.82352941176	-4107.8431372549
			1556.37254901961	-4107.8431372549
			1556.37254901961	-4105.39215686275
			1553.92156862745	-4105.39215686275
			1551.47058823529	-4105.39215686275
			1549.01960784314	-4102.94117647059
			1546.56862745098	-4102.94117647059
			1544.11764705882	-4102.94117647059
			1541.66666666667	-4100.49019607843
			1539.21568627451	-4100.49019607843
			1536.76470588235	-4098.03921568627
			1534.3137254902	-4098.03921568627
			1531.86274509804	-4095.58823529412
			1529.41176470588	-4095.58823529412
			1526.96078431373	-4093.13725490196
			1524.50980392157	-4093.13725490196
			1522.05882352941	-4090.6862745098
			1519.60784313726	-4090.6862745098
			1517.1568627451	-4088.23529411765
			1514.70588235294	-4088.23529411765
			1512.25490196078	-4085.78431372549
			1509.80392156863	-4085.78431372549
			1509.80392156863	-4083.33333333333
			1507.35294117647	-4083.33333333333
			1504.90196078431	-4080.88235294118
			1502.45098039216	-4080.88235294118
			1500	-4078.43137254902
			1497.54901960784	-4078.43137254902
			1497.54901960784	-4075.98039215686
			1495.09803921569	-4073.52941176471
			1492.64705882353	-4073.52941176471
			1490.19607843137	-4071.07843137255
			1490.19607843137	-4068.62745098039
			1487.74509803922	-4068.62745098039
			1485.29411764706	-4066.17647058824
			1485.29411764706	-4063.72549019608
			1482.8431372549	-4061.27450980392
			1480.39215686275	-4058.82352941176
			1477.94117647059	-4056.37254901961
			1477.94117647059	-4053.92156862745
			1475.49019607843	-4051.47058823529
			1473.03921568627	-4049.01960784314
			1473.03921568627	-4046.56862745098
			1470.58823529412	-4044.11764705882
			1470.58823529412	-4041.66666666667
			1468.13725490196	-4039.21568627451
			1468.13725490196	-4036.76470588235
			1465.6862745098	-4034.3137254902
			1465.6862745098	-4031.86274509804
			1465.6862745098	-4029.41176470588
			1463.23529411765	-4026.96078431373
			1463.23529411765	-4024.50980392157
			1463.23529411765	-4022.05882352941
			1460.78431372549	-4022.05882352941
			1460.78431372549	-4019.60784313726
			1460.78431372549	-4017.1568627451
			1460.78431372549	-4014.70588235294
			1458.33333333333	-4012.25490196078
			1458.33333333333	-4009.80392156863
			1458.33333333333	-4007.35294117647
			1458.33333333333	-4004.90196078431
			1458.33333333333	-4002.45098039216
			1455.88235294118	-4000
			1455.88235294118	-3997.54901960784
			1455.88235294118	-3995.09803921569
			1455.88235294118	-3992.64705882353
			1455.88235294118	-3990.19607843137
			1455.88235294118	-3987.74509803922
			1455.88235294118	-3985.29411764706
			1455.88235294118	-3982.8431372549
			1455.88235294118	-3980.39215686275
			1453.43137254902	-3977.94117647059
			1453.43137254902	-3975.49019607843
			1453.43137254902	-3973.03921568627
			1453.43137254902	-3970.58823529412
			1453.43137254902	-3968.13725490196
			1453.43137254902	-3965.6862745098
			1453.43137254902	-3963.23529411765
			1453.43137254902	-3960.78431372549
			1453.43137254902	-3958.33333333333
			1453.43137254902	-3955.88235294118
			1453.43137254902	-3953.43137254902
			1453.43137254902	-3950.98039215686
			1453.43137254902	-3948.52941176471
			1453.43137254902	-3946.07843137255
			1455.88235294118	-3943.62745098039
			1455.88235294118	-3941.17647058824
			1455.88235294118	-3938.72549019608
			1455.88235294118	-3936.27450980392
			1455.88235294118	-3933.82352941176
			1455.88235294118	-3931.37254901961
			1455.88235294118	-3928.92156862745
			1455.88235294118	-3926.47058823529
			1455.88235294118	-3924.01960784314
			1455.88235294118	-3921.56862745098
			1455.88235294118	-3919.11764705882
			1458.33333333333	-3916.66666666667
			1458.33333333333	-3914.21568627451
			1458.33333333333	-3911.76470588235
			1458.33333333333	-3909.3137254902
			1458.33333333333	-3906.86274509804
			1458.33333333333	-3904.41176470588
			1458.33333333333	-3901.96078431373
			1460.78431372549	-3899.50980392157
			1460.78431372549	-3897.05882352941
			1460.78431372549	-3894.60784313726
			1460.78431372549	-3892.1568627451
			1460.78431372549	-3889.70588235294
			1460.78431372549	-3887.25490196078
			1463.23529411765	-3884.80392156863
			1463.23529411765	-3882.35294117647
			1463.23529411765	-3879.90196078431
			1463.23529411765	-3877.45098039216
			1463.23529411765	-3875
			1465.6862745098	-3872.54901960784
			1465.6862745098	-3870.09803921569
			1465.6862745098	-3867.64705882353
			1465.6862745098	-3865.19607843137
			1468.13725490196	-3862.74509803922
			1468.13725490196	-3860.29411764706
			1468.13725490196	-3857.8431372549
			1468.13725490196	-3855.39215686275
			1468.13725490196	-3852.94117647059
			1470.58823529412	-3850.49019607843
			1470.58823529412	-3848.03921568627
			1470.58823529412	-3845.58823529412
			1470.58823529412	-3843.13725490196
			1473.03921568627	-3840.6862745098
			1473.03921568627	-3838.23529411765
			1473.03921568627	-3835.78431372549
			1473.03921568627	-3833.33333333333
			1475.49019607843	-3830.88235294118
			1475.49019607843	-3828.43137254902
			1475.49019607843	-3825.98039215686
			1477.94117647059	-3823.52941176471
			1477.94117647059	-3821.07843137255
			1477.94117647059	-3818.62745098039
			1477.94117647059	-3816.17647058824
			1480.39215686275	-3813.72549019608
			1480.39215686275	-3811.27450980392
			1480.39215686275	-3808.82352941176
			1482.8431372549	-3806.37254901961
			1482.8431372549	-3803.92156862745
			1482.8431372549	-3801.47058823529
			1482.8431372549	-3799.01960784314
			1485.29411764706	-3796.56862745098
			1485.29411764706	-3794.11764705882
			1485.29411764706	-3791.66666666667
			1487.74509803922	-3789.21568627451
			1487.74509803922	-3786.76470588235
			1487.74509803922	-3784.3137254902
			1490.19607843137	-3781.86274509804
			1490.19607843137	-3779.41176470588
			1490.19607843137	-3776.96078431373
			1492.64705882353	-3774.50980392157
			1492.64705882353	-3772.05882352941
			1492.64705882353	-3769.60784313726
			1495.09803921569	-3767.1568627451
			1495.09803921569	-3764.70588235294
		</C2>
	</curves.scaled>
	<ruler.points type=matrix rownames=TRUE colnames=FALSE nrow=2 ncol=2 as.numeric=TRUE >
		Ruler point 1	3	1877
		Ruler point 2	105	1877
	</ruler.points>
</shapes>

