<shapes type=list>
	<ruler.pixel type=vector names=FALSE length=1 as.numeric=TRUE >102</ruler.pixel>
	<ruler.interval type=vector names=FALSE length=1 as.numeric=TRUE >250</ruler.interval>
	<scaling.units type=vector names=FALSE length=1 as.numeric=FALSE >nm</scaling.units>
	<scaling type=vector names=FALSE length=1 as.numeric=TRUE >2.45098039215686</scaling>
	<landmarks.pixel type=matrix rownames=TRUE colnames=FALSE nrow=10 ncol=2 as.numeric=TRUE >
		1-Pore1R	975	599
		2-Pore1L	920	616
		3-Pore2T	495	890
		4-Pore2B	507	970
		5-Pore3T	674	1268
		6-Pore3B	750	1330
		7-Pore4L	1599	1295
		8-Pore4R	1692	1245
		9-Anchor	1970	1185
		10-Tip	1745	645
	</landmarks.pixel>
	<landmarks.scaled type=matrix rownames=TRUE colnames=FALSE nrow=10 ncol=2 as.numeric=TRUE >
		1-Pore1R	2389.70588235294	-1468.13725490196
		2-Pore1L	2254.90196078431	-1509.80392156863
		3-Pore2T	1213.23529411765	-2181.37254901961
		4-Pore2B	1242.64705882353	-2377.45098039216
		5-Pore3T	1651.96078431373	-3107.8431372549
		6-Pore3B	1838.23529411765	-3259.80392156863
		7-Pore4L	3919.11764705882	-3174.01960784314
		8-Pore4R	4147.05882352941	-3051.47058823529
		9-Anchor	4828.43137254902	-2904.41176470588
		10-Tip	4276.96078431373	-1580.88235294118
	</landmarks.scaled>
	<curves.control type=list>
		<C1 type=matrix rownames=FALSE colnames=FALSE nrow=9 ncol=2 as.numeric=TRUE >
			1970	1185
			1893	1088
			1832	908
			1804	853
			1738	819
			1652	748
			1713	721
			1753	693
			1745	645
		</C1>
	</curves.control>
	<curves.pixel type=list>
		<C1 type=matrix rownames=FALSE colnames=FALSE nrow=603 ncol=2 as.numeric=TRUE >
			1970	1185
			1969	1184
			1968	1183
			1968	1182
			1967	1181
			1966	1180
			1965	1179
			1964	1178
			1964	1177
			1963	1176
			1962	1175
			1962	1174
			1961	1173
			1960	1172
			1960	1171
			1959	1170
			1958	1170
			1958	1169
			1957	1168
			1956	1167
			1956	1166
			1955	1165
			1954	1164
			1954	1163
			1953	1162
			1952	1161
			1952	1160
			1951	1159
			1950	1158
			1949	1157
			1949	1156
			1948	1155
			1947	1154
			1947	1153
			1946	1152
			1945	1151
			1944	1150
			1944	1149
			1943	1148
			1942	1147
			1942	1146
			1941	1145
			1940	1144
			1940	1143
			1939	1142
			1939	1141
			1938	1140
			1937	1139
			1937	1138
			1936	1137
			1935	1136
			1935	1135
			1934	1134
			1934	1133
			1933	1133
			1933	1132
			1932	1131
			1932	1130
			1931	1130
			1931	1129
			1931	1128
			1930	1127
			1929	1126
			1929	1125
			1928	1124
			1927	1123
			1927	1122
			1926	1121
			1926	1120
			1925	1119
			1925	1118
			1924	1117
			1923	1116
			1923	1115
			1922	1114
			1922	1113
			1921	1112
			1921	1111
			1920	1110
			1919	1109
			1919	1108
			1918	1107
			1918	1106
			1917	1105
			1917	1104
			1916	1103
			1916	1102
			1915	1101
			1914	1100
			1914	1099
			1913	1098
			1913	1097
			1912	1096
			1912	1095
			1911	1094
			1911	1093
			1910	1092
			1909	1091
			1909	1090
			1908	1089
			1908	1088
			1907	1087
			1907	1086
			1906	1085
			1906	1084
			1905	1083
			1905	1082
			1904	1081
			1903	1080
			1903	1079
			1902	1078
			1902	1077
			1901	1076
			1901	1075
			1900	1074
			1900	1073
			1900	1072
			1899	1072
			1899	1071
			1899	1070
			1898	1070
			1898	1069
			1898	1068
			1897	1068
			1897	1067
			1897	1066
			1896	1066
			1896	1065
			1896	1064
			1895	1064
			1895	1063
			1895	1062
			1894	1062
			1894	1061
			1894	1060
			1893	1060
			1893	1059
			1892	1058
			1892	1057
			1891	1056
			1891	1055
			1891	1054
			1890	1053
			1889	1052
			1889	1051
			1889	1050
			1888	1049
			1888	1048
			1887	1047
			1887	1046
			1886	1045
			1886	1044
			1885	1043
			1885	1042
			1884	1041
			1884	1040
			1883	1039
			1883	1038
			1883	1037
			1882	1036
			1882	1035
			1881	1034
			1881	1033
			1880	1032
			1880	1031
			1879	1030
			1879	1029
			1878	1028
			1878	1027
			1878	1026
			1877	1025
			1877	1024
			1876	1023
			1876	1022
			1875	1021
			1875	1020
			1874	1019
			1874	1018
			1874	1017
			1873	1016
			1873	1015
			1872	1014
			1872	1013
			1872	1012
			1871	1012
			1871	1011
			1871	1010
			1870	1009
			1870	1008
			1869	1007
			1869	1006
			1869	1005
			1868	1004
			1868	1003
			1867	1002
			1867	1001
			1866	1000
			1866	999
			1866	998
			1865	997
			1865	996
			1865	995
			1864	994
			1863	993
			1863	992
			1863	991
			1862	990
			1862	989
			1862	988
			1861	987
			1861	986
			1860	985
			1860	984
			1859	983
			1859	982
			1859	981
			1858	980
			1858	979
			1858	978
			1857	977
			1857	976
			1856	975
			1856	974
			1856	973
			1855	972
			1855	971
			1854	970
			1854	969
			1854	968
			1853	967
			1853	966
			1852	965
			1852	964
			1852	963
			1851	962
			1851	961
			1851	960
			1850	959
			1850	958
			1849	957
			1849	956
			1849	955
			1848	954
			1848	953
			1847	952
			1847	951
			1847	950
			1846	949
			1846	948
			1846	947
			1845	946
			1845	945
			1845	944
			1844	943
			1844	942
			1844	941
			1843	940
			1843	939
			1842	938
			1842	937
			1842	936
			1841	935
			1841	934
			1841	933
			1840	932
			1840	931
			1840	930
			1839	929
			1839	928
			1839	927
			1838	927
			1838	926
			1838	925
			1837	924
			1837	923
			1837	922
			1836	921
			1836	920
			1836	919
			1835	918
			1835	917
			1835	916
			1834	915
			1834	914
			1834	913
			1833	912
			1833	911
			1833	910
			1832	909
			1832	908
			1832	907
			1831	907
			1831	906
			1830	905
			1830	904
			1829	903
			1829	902
			1828	901
			1828	900
			1827	899
			1827	898
			1826	897
			1825	896
			1825	895
			1824	894
			1824	893
			1823	893
			1823	892
			1822	891
			1822	890
			1821	889
			1820	889
			1820	888
			1819	887
			1819	886
			1818	885
			1817	884
			1816	883
			1816	882
			1815	881
			1814	880
			1814	879
			1813	878
			1812	877
			1811	876
			1811	875
			1810	875
			1809	874
			1808	873
			1808	872
			1807	871
			1806	870
			1805	869
			1804	868
			1804	867
			1803	867
			1802	866
			1801	865
			1800	864
			1799	863
			1799	862
			1798	861
			1797	861
			1796	860
			1795	859
			1794	858
			1793	857
			1792	856
			1791	855
			1790	854
			1789	853
			1788	853
			1788	852
			1787	851
			1786	851
			1786	850
			1785	850
			1784	849
			1783	849
			1783	848
			1782	847
			1781	847
			1781	846
			1780	846
			1779	845
			1778	844
			1777	843
			1776	843
			1775	842
			1774	841
			1773	841
			1773	840
			1772	839
			1771	839
			1770	838
			1769	838
			1768	837
			1767	836
			1766	836
			1765	835
			1764	834
			1763	834
			1762	833
			1761	833
			1760	832
			1760	831
			1759	831
			1758	830
			1757	829
			1756	829
			1755	828
			1754	828
			1753	827
			1752	826
			1751	826
			1750	825
			1749	825
			1748	824
			1747	824
			1746	823
			1745	823
			1744	822
			1743	822
			1742	821
			1741	821
			1740	820
			1739	820
			1739	819
			1738	819
			1737	818
			1736	817
			1735	816
			1734	816
			1733	815
			1732	814
			1731	813
			1730	812
			1729	812
			1728	811
			1727	810
			1727	809
			1726	808
			1725	808
			1724	807
			1723	806
			1722	805
			1721	805
			1721	804
			1720	803
			1719	802
			1718	801
			1717	801
			1717	800
			1716	799
			1715	798
			1714	798
			1714	797
			1713	796
			1712	795
			1711	794
			1710	793
			1709	792
			1709	791
			1708	790
			1707	790
			1706	789
			1706	788
			1705	787
			1704	786
			1703	785
			1702	784
			1701	783
			1701	782
			1700	781
			1699	780
			1699	779
			1698	778
			1697	777
			1697	776
			1696	775
			1695	774
			1695	773
			1694	772
			1694	771
			1693	770
			1692	769
			1692	768
			1692	767
			1691	766
			1691	765
			1690	764
			1690	763
			1690	762
			1689	761
			1689	760
			1689	759
			1688	758
			1688	757
			1688	756
			1688	755
			1688	754
			1688	753
			1688	752
			1688	751
			1688	750
			1688	749
			1688	748
			1688	747
			1688	746
			1688	745
			1689	744
			1689	743
			1689	742
			1690	741
			1690	740
			1691	739
			1691	738
			1692	737
			1693	736
			1693	735
			1694	734
			1695	733
			1696	732
			1697	731
			1698	730
			1699	730
			1700	729
			1701	728
			1702	727
			1703	726
			1704	726
			1705	725
			1706	724
			1707	724
			1708	724
			1709	723
			1710	722
			1711	722
			1712	721
			1713	721
			1714	720
			1715	720
			1715	719
			1716	719
			1717	718
			1718	718
			1718	717
			1719	717
			1720	716
			1721	715
			1722	714
			1723	713
			1724	712
			1725	711
			1726	710
			1727	710
			1727	709
			1728	708
			1729	707
			1730	706
			1731	705
			1731	704
			1732	703
			1733	702
			1734	701
			1735	700
			1735	699
			1736	698
			1736	697
			1737	697
			1737	696
			1737	695
			1738	694
			1739	693
			1739	692
			1740	691
			1740	690
			1740	689
			1741	688
			1742	687
			1742	686
			1742	685
			1743	684
			1743	683
			1743	682
			1743	681
			1744	680
			1744	679
			1744	678
			1744	677
			1745	677
			1745	676
			1745	675
			1745	674
			1745	673
			1746	672
			1746	671
			1746	670
			1746	669
			1746	668
			1746	667
			1746	666
			1746	665
			1746	664
			1746	663
			1746	662
			1746	661
			1746	660
			1746	659
			1746	658
			1746	657
			1746	656
			1746	655
			1746	654
			1746	653
			1746	652
			1746	651
			1746	650
			1746	649
			1745	648
			1745	647
			1745	646
			1745	645
		</C1>
	</curves.pixel>
	<curves.scaled type=list>
		<C1 type=matrix rownames=FALSE colnames=FALSE nrow=603 ncol=2 as.numeric=TRUE >
			4828.43137254902	-2904.41176470588
			4825.98039215686	-2901.96078431373
			4823.52941176471	-2899.50980392157
			4823.52941176471	-2897.05882352941
			4821.07843137255	-2894.60784313726
			4818.62745098039	-2892.1568627451
			4816.17647058824	-2889.70588235294
			4813.72549019608	-2887.25490196078
			4813.72549019608	-2884.80392156863
			4811.27450980392	-2882.35294117647
			4808.82352941176	-2879.90196078431
			4808.82352941176	-2877.45098039216
			4806.37254901961	-2875
			4803.92156862745	-2872.54901960784
			4803.92156862745	-2870.09803921569
			4801.47058823529	-2867.64705882353
			4799.01960784314	-2867.64705882353
			4799.01960784314	-2865.19607843137
			4796.56862745098	-2862.74509803922
			4794.11764705882	-2860.29411764706
			4794.11764705882	-2857.8431372549
			4791.66666666667	-2855.39215686275
			4789.21568627451	-2852.94117647059
			4789.21568627451	-2850.49019607843
			4786.76470588235	-2848.03921568627
			4784.3137254902	-2845.58823529412
			4784.3137254902	-2843.13725490196
			4781.86274509804	-2840.6862745098
			4779.41176470588	-2838.23529411765
			4776.96078431373	-2835.78431372549
			4776.96078431373	-2833.33333333333
			4774.50980392157	-2830.88235294118
			4772.05882352941	-2828.43137254902
			4772.05882352941	-2825.98039215686
			4769.60784313726	-2823.52941176471
			4767.1568627451	-2821.07843137255
			4764.70588235294	-2818.62745098039
			4764.70588235294	-2816.17647058824
			4762.25490196078	-2813.72549019608
			4759.80392156863	-2811.27450980392
			4759.80392156863	-2808.82352941176
			4757.35294117647	-2806.37254901961
			4754.90196078431	-2803.92156862745
			4754.90196078431	-2801.47058823529
			4752.45098039216	-2799.01960784314
			4752.45098039216	-2796.56862745098
			4750	-2794.11764705882
			4747.54901960784	-2791.66666666667
			4747.54901960784	-2789.21568627451
			4745.09803921569	-2786.76470588235
			4742.64705882353	-2784.3137254902
			4742.64705882353	-2781.86274509804
			4740.19607843137	-2779.41176470588
			4740.19607843137	-2776.96078431373
			4737.74509803922	-2776.96078431373
			4737.74509803922	-2774.50980392157
			4735.29411764706	-2772.05882352941
			4735.29411764706	-2769.60784313726
			4732.8431372549	-2769.60784313726
			4732.8431372549	-2767.1568627451
			4732.8431372549	-2764.70588235294
			4730.39215686275	-2762.25490196078
			4727.94117647059	-2759.80392156863
			4727.94117647059	-2757.35294117647
			4725.49019607843	-2754.90196078431
			4723.03921568627	-2752.45098039216
			4723.03921568627	-2750
			4720.58823529412	-2747.54901960784
			4720.58823529412	-2745.09803921569
			4718.13725490196	-2742.64705882353
			4718.13725490196	-2740.19607843137
			4715.6862745098	-2737.74509803922
			4713.23529411765	-2735.29411764706
			4713.23529411765	-2732.8431372549
			4710.78431372549	-2730.39215686275
			4710.78431372549	-2727.94117647059
			4708.33333333333	-2725.49019607843
			4708.33333333333	-2723.03921568627
			4705.88235294118	-2720.58823529412
			4703.43137254902	-2718.13725490196
			4703.43137254902	-2715.6862745098
			4700.98039215686	-2713.23529411765
			4700.98039215686	-2710.78431372549
			4698.52941176471	-2708.33333333333
			4698.52941176471	-2705.88235294118
			4696.07843137255	-2703.43137254902
			4696.07843137255	-2700.98039215686
			4693.62745098039	-2698.52941176471
			4691.17647058824	-2696.07843137255
			4691.17647058824	-2693.62745098039
			4688.72549019608	-2691.17647058824
			4688.72549019608	-2688.72549019608
			4686.27450980392	-2686.27450980392
			4686.27450980392	-2683.82352941176
			4683.82352941176	-2681.37254901961
			4683.82352941176	-2678.92156862745
			4681.37254901961	-2676.47058823529
			4678.92156862745	-2674.01960784314
			4678.92156862745	-2671.56862745098
			4676.47058823529	-2669.11764705882
			4676.47058823529	-2666.66666666667
			4674.01960784314	-2664.21568627451
			4674.01960784314	-2661.76470588235
			4671.56862745098	-2659.3137254902
			4671.56862745098	-2656.86274509804
			4669.11764705882	-2654.41176470588
			4669.11764705882	-2651.96078431373
			4666.66666666667	-2649.50980392157
			4664.21568627451	-2647.05882352941
			4664.21568627451	-2644.60784313726
			4661.76470588235	-2642.1568627451
			4661.76470588235	-2639.70588235294
			4659.3137254902	-2637.25490196078
			4659.3137254902	-2634.80392156863
			4656.86274509804	-2632.35294117647
			4656.86274509804	-2629.90196078431
			4656.86274509804	-2627.45098039216
			4654.41176470588	-2627.45098039216
			4654.41176470588	-2625
			4654.41176470588	-2622.54901960784
			4651.96078431373	-2622.54901960784
			4651.96078431373	-2620.09803921569
			4651.96078431373	-2617.64705882353
			4649.50980392157	-2617.64705882353
			4649.50980392157	-2615.19607843137
			4649.50980392157	-2612.74509803922
			4647.05882352941	-2612.74509803922
			4647.05882352941	-2610.29411764706
			4647.05882352941	-2607.8431372549
			4644.60784313726	-2607.8431372549
			4644.60784313726	-2605.39215686275
			4644.60784313726	-2602.94117647059
			4642.1568627451	-2602.94117647059
			4642.1568627451	-2600.49019607843
			4642.1568627451	-2598.03921568627
			4639.70588235294	-2598.03921568627
			4639.70588235294	-2595.58823529412
			4637.25490196078	-2593.13725490196
			4637.25490196078	-2590.6862745098
			4634.80392156863	-2588.23529411765
			4634.80392156863	-2585.78431372549
			4634.80392156863	-2583.33333333333
			4632.35294117647	-2580.88235294118
			4629.90196078431	-2578.43137254902
			4629.90196078431	-2575.98039215686
			4629.90196078431	-2573.52941176471
			4627.45098039216	-2571.07843137255
			4627.45098039216	-2568.62745098039
			4625	-2566.17647058824
			4625	-2563.72549019608
			4622.54901960784	-2561.27450980392
			4622.54901960784	-2558.82352941176
			4620.09803921569	-2556.37254901961
			4620.09803921569	-2553.92156862745
			4617.64705882353	-2551.47058823529
			4617.64705882353	-2549.01960784314
			4615.19607843137	-2546.56862745098
			4615.19607843137	-2544.11764705882
			4615.19607843137	-2541.66666666667
			4612.74509803922	-2539.21568627451
			4612.74509803922	-2536.76470588235
			4610.29411764706	-2534.3137254902
			4610.29411764706	-2531.86274509804
			4607.8431372549	-2529.41176470588
			4607.8431372549	-2526.96078431373
			4605.39215686275	-2524.50980392157
			4605.39215686275	-2522.05882352941
			4602.94117647059	-2519.60784313726
			4602.94117647059	-2517.1568627451
			4602.94117647059	-2514.70588235294
			4600.49019607843	-2512.25490196078
			4600.49019607843	-2509.80392156863
			4598.03921568627	-2507.35294117647
			4598.03921568627	-2504.90196078431
			4595.58823529412	-2502.45098039216
			4595.58823529412	-2500
			4593.13725490196	-2497.54901960784
			4593.13725490196	-2495.09803921569
			4593.13725490196	-2492.64705882353
			4590.6862745098	-2490.19607843137
			4590.6862745098	-2487.74509803922
			4588.23529411765	-2485.29411764706
			4588.23529411765	-2482.8431372549
			4588.23529411765	-2480.39215686275
			4585.78431372549	-2480.39215686275
			4585.78431372549	-2477.94117647059
			4585.78431372549	-2475.49019607843
			4583.33333333333	-2473.03921568627
			4583.33333333333	-2470.58823529412
			4580.88235294118	-2468.13725490196
			4580.88235294118	-2465.6862745098
			4580.88235294118	-2463.23529411765
			4578.43137254902	-2460.78431372549
			4578.43137254902	-2458.33333333333
			4575.98039215686	-2455.88235294118
			4575.98039215686	-2453.43137254902
			4573.52941176471	-2450.98039215686
			4573.52941176471	-2448.52941176471
			4573.52941176471	-2446.07843137255
			4571.07843137255	-2443.62745098039
			4571.07843137255	-2441.17647058824
			4571.07843137255	-2438.72549019608
			4568.62745098039	-2436.27450980392
			4566.17647058824	-2433.82352941176
			4566.17647058824	-2431.37254901961
			4566.17647058824	-2428.92156862745
			4563.72549019608	-2426.47058823529
			4563.72549019608	-2424.01960784314
			4563.72549019608	-2421.56862745098
			4561.27450980392	-2419.11764705882
			4561.27450980392	-2416.66666666667
			4558.82352941176	-2414.21568627451
			4558.82352941176	-2411.76470588235
			4556.37254901961	-2409.3137254902
			4556.37254901961	-2406.86274509804
			4556.37254901961	-2404.41176470588
			4553.92156862745	-2401.96078431373
			4553.92156862745	-2399.50980392157
			4553.92156862745	-2397.05882352941
			4551.47058823529	-2394.60784313726
			4551.47058823529	-2392.1568627451
			4549.01960784314	-2389.70588235294
			4549.01960784314	-2387.25490196078
			4549.01960784314	-2384.80392156863
			4546.56862745098	-2382.35294117647
			4546.56862745098	-2379.90196078431
			4544.11764705882	-2377.45098039216
			4544.11764705882	-2375
			4544.11764705882	-2372.54901960784
			4541.66666666667	-2370.09803921569
			4541.66666666667	-2367.64705882353
			4539.21568627451	-2365.19607843137
			4539.21568627451	-2362.74509803922
			4539.21568627451	-2360.29411764706
			4536.76470588235	-2357.8431372549
			4536.76470588235	-2355.39215686275
			4536.76470588235	-2352.94117647059
			4534.3137254902	-2350.49019607843
			4534.3137254902	-2348.03921568627
			4531.86274509804	-2345.58823529412
			4531.86274509804	-2343.13725490196
			4531.86274509804	-2340.6862745098
			4529.41176470588	-2338.23529411765
			4529.41176470588	-2335.78431372549
			4526.96078431373	-2333.33333333333
			4526.96078431373	-2330.88235294118
			4526.96078431373	-2328.43137254902
			4524.50980392157	-2325.98039215686
			4524.50980392157	-2323.52941176471
			4524.50980392157	-2321.07843137255
			4522.05882352941	-2318.62745098039
			4522.05882352941	-2316.17647058824
			4522.05882352941	-2313.72549019608
			4519.60784313726	-2311.27450980392
			4519.60784313726	-2308.82352941176
			4519.60784313726	-2306.37254901961
			4517.1568627451	-2303.92156862745
			4517.1568627451	-2301.47058823529
			4514.70588235294	-2299.01960784314
			4514.70588235294	-2296.56862745098
			4514.70588235294	-2294.11764705882
			4512.25490196078	-2291.66666666667
			4512.25490196078	-2289.21568627451
			4512.25490196078	-2286.76470588235
			4509.80392156863	-2284.3137254902
			4509.80392156863	-2281.86274509804
			4509.80392156863	-2279.41176470588
			4507.35294117647	-2276.96078431373
			4507.35294117647	-2274.50980392157
			4507.35294117647	-2272.05882352941
			4504.90196078431	-2272.05882352941
			4504.90196078431	-2269.60784313726
			4504.90196078431	-2267.1568627451
			4502.45098039216	-2264.70588235294
			4502.45098039216	-2262.25490196078
			4502.45098039216	-2259.80392156863
			4500	-2257.35294117647
			4500	-2254.90196078431
			4500	-2252.45098039216
			4497.54901960784	-2250
			4497.54901960784	-2247.54901960784
			4497.54901960784	-2245.09803921569
			4495.09803921569	-2242.64705882353
			4495.09803921569	-2240.19607843137
			4495.09803921569	-2237.74509803922
			4492.64705882353	-2235.29411764706
			4492.64705882353	-2232.8431372549
			4492.64705882353	-2230.39215686275
			4490.19607843137	-2227.94117647059
			4490.19607843137	-2225.49019607843
			4490.19607843137	-2223.03921568627
			4487.74509803922	-2223.03921568627
			4487.74509803922	-2220.58823529412
			4485.29411764706	-2218.13725490196
			4485.29411764706	-2215.6862745098
			4482.8431372549	-2213.23529411765
			4482.8431372549	-2210.78431372549
			4480.39215686275	-2208.33333333333
			4480.39215686275	-2205.88235294118
			4477.94117647059	-2203.43137254902
			4477.94117647059	-2200.98039215686
			4475.49019607843	-2198.52941176471
			4473.03921568627	-2196.07843137255
			4473.03921568627	-2193.62745098039
			4470.58823529412	-2191.17647058824
			4470.58823529412	-2188.72549019608
			4468.13725490196	-2188.72549019608
			4468.13725490196	-2186.27450980392
			4465.6862745098	-2183.82352941176
			4465.6862745098	-2181.37254901961
			4463.23529411765	-2178.92156862745
			4460.78431372549	-2178.92156862745
			4460.78431372549	-2176.47058823529
			4458.33333333333	-2174.01960784314
			4458.33333333333	-2171.56862745098
			4455.88235294118	-2169.11764705882
			4453.43137254902	-2166.66666666667
			4450.98039215686	-2164.21568627451
			4450.98039215686	-2161.76470588235
			4448.52941176471	-2159.3137254902
			4446.07843137255	-2156.86274509804
			4446.07843137255	-2154.41176470588
			4443.62745098039	-2151.96078431373
			4441.17647058824	-2149.50980392157
			4438.72549019608	-2147.05882352941
			4438.72549019608	-2144.60784313726
			4436.27450980392	-2144.60784313726
			4433.82352941176	-2142.1568627451
			4431.37254901961	-2139.70588235294
			4431.37254901961	-2137.25490196078
			4428.92156862745	-2134.80392156863
			4426.47058823529	-2132.35294117647
			4424.01960784314	-2129.90196078431
			4421.56862745098	-2127.45098039216
			4421.56862745098	-2125
			4419.11764705882	-2125
			4416.66666666667	-2122.54901960784
			4414.21568627451	-2120.09803921569
			4411.76470588235	-2117.64705882353
			4409.3137254902	-2115.19607843137
			4409.3137254902	-2112.74509803922
			4406.86274509804	-2110.29411764706
			4404.41176470588	-2110.29411764706
			4401.96078431373	-2107.8431372549
			4399.50980392157	-2105.39215686275
			4397.05882352941	-2102.94117647059
			4394.60784313726	-2100.49019607843
			4392.1568627451	-2098.03921568627
			4389.70588235294	-2095.58823529412
			4387.25490196078	-2093.13725490196
			4384.80392156863	-2090.6862745098
			4382.35294117647	-2090.6862745098
			4382.35294117647	-2088.23529411765
			4379.90196078431	-2085.78431372549
			4377.45098039216	-2085.78431372549
			4377.45098039216	-2083.33333333333
			4375	-2083.33333333333
			4372.54901960784	-2080.88235294118
			4370.09803921569	-2080.88235294118
			4370.09803921569	-2078.43137254902
			4367.64705882353	-2075.98039215686
			4365.19607843137	-2075.98039215686
			4365.19607843137	-2073.52941176471
			4362.74509803922	-2073.52941176471
			4360.29411764706	-2071.07843137255
			4357.8431372549	-2068.62745098039
			4355.39215686275	-2066.17647058824
			4352.94117647059	-2066.17647058824
			4350.49019607843	-2063.72549019608
			4348.03921568627	-2061.27450980392
			4345.58823529412	-2061.27450980392
			4345.58823529412	-2058.82352941176
			4343.13725490196	-2056.37254901961
			4340.6862745098	-2056.37254901961
			4338.23529411765	-2053.92156862745
			4335.78431372549	-2053.92156862745
			4333.33333333333	-2051.47058823529
			4330.88235294118	-2049.01960784314
			4328.43137254902	-2049.01960784314
			4325.98039215686	-2046.56862745098
			4323.52941176471	-2044.11764705882
			4321.07843137255	-2044.11764705882
			4318.62745098039	-2041.66666666667
			4316.17647058824	-2041.66666666667
			4313.72549019608	-2039.21568627451
			4313.72549019608	-2036.76470588235
			4311.27450980392	-2036.76470588235
			4308.82352941176	-2034.3137254902
			4306.37254901961	-2031.86274509804
			4303.92156862745	-2031.86274509804
			4301.47058823529	-2029.41176470588
			4299.01960784314	-2029.41176470588
			4296.56862745098	-2026.96078431373
			4294.11764705882	-2024.50980392157
			4291.66666666667	-2024.50980392157
			4289.21568627451	-2022.05882352941
			4286.76470588235	-2022.05882352941
			4284.3137254902	-2019.60784313726
			4281.86274509804	-2019.60784313726
			4279.41176470588	-2017.1568627451
			4276.96078431373	-2017.1568627451
			4274.50980392157	-2014.70588235294
			4272.05882352941	-2014.70588235294
			4269.60784313726	-2012.25490196078
			4267.1568627451	-2012.25490196078
			4264.70588235294	-2009.80392156863
			4262.25490196078	-2009.80392156863
			4262.25490196078	-2007.35294117647
			4259.80392156863	-2007.35294117647
			4257.35294117647	-2004.90196078431
			4254.90196078431	-2002.45098039216
			4252.45098039216	-2000
			4250	-2000
			4247.54901960784	-1997.54901960784
			4245.09803921569	-1995.09803921569
			4242.64705882353	-1992.64705882353
			4240.19607843137	-1990.19607843137
			4237.74509803922	-1990.19607843137
			4235.29411764706	-1987.74509803922
			4232.8431372549	-1985.29411764706
			4232.8431372549	-1982.8431372549
			4230.39215686275	-1980.39215686275
			4227.94117647059	-1980.39215686275
			4225.49019607843	-1977.94117647059
			4223.03921568627	-1975.49019607843
			4220.58823529412	-1973.03921568627
			4218.13725490196	-1973.03921568627
			4218.13725490196	-1970.58823529412
			4215.6862745098	-1968.13725490196
			4213.23529411765	-1965.6862745098
			4210.78431372549	-1963.23529411765
			4208.33333333333	-1963.23529411765
			4208.33333333333	-1960.78431372549
			4205.88235294118	-1958.33333333333
			4203.43137254902	-1955.88235294118
			4200.98039215686	-1955.88235294118
			4200.98039215686	-1953.43137254902
			4198.52941176471	-1950.98039215686
			4196.07843137255	-1948.52941176471
			4193.62745098039	-1946.07843137255
			4191.17647058824	-1943.62745098039
			4188.72549019608	-1941.17647058824
			4188.72549019608	-1938.72549019608
			4186.27450980392	-1936.27450980392
			4183.82352941176	-1936.27450980392
			4181.37254901961	-1933.82352941176
			4181.37254901961	-1931.37254901961
			4178.92156862745	-1928.92156862745
			4176.47058823529	-1926.47058823529
			4174.01960784314	-1924.01960784314
			4171.56862745098	-1921.56862745098
			4169.11764705882	-1919.11764705882
			4169.11764705882	-1916.66666666667
			4166.66666666667	-1914.21568627451
			4164.21568627451	-1911.76470588235
			4164.21568627451	-1909.3137254902
			4161.76470588235	-1906.86274509804
			4159.3137254902	-1904.41176470588
			4159.3137254902	-1901.96078431373
			4156.86274509804	-1899.50980392157
			4154.41176470588	-1897.05882352941
			4154.41176470588	-1894.60784313726
			4151.96078431373	-1892.1568627451
			4151.96078431373	-1889.70588235294
			4149.50980392157	-1887.25490196078
			4147.05882352941	-1884.80392156863
			4147.05882352941	-1882.35294117647
			4147.05882352941	-1879.90196078431
			4144.60784313726	-1877.45098039216
			4144.60784313726	-1875
			4142.1568627451	-1872.54901960784
			4142.1568627451	-1870.09803921569
			4142.1568627451	-1867.64705882353
			4139.70588235294	-1865.19607843137
			4139.70588235294	-1862.74509803922
			4139.70588235294	-1860.29411764706
			4137.25490196078	-1857.8431372549
			4137.25490196078	-1855.39215686275
			4137.25490196078	-1852.94117647059
			4137.25490196078	-1850.49019607843
			4137.25490196078	-1848.03921568627
			4137.25490196078	-1845.58823529412
			4137.25490196078	-1843.13725490196
			4137.25490196078	-1840.6862745098
			4137.25490196078	-1838.23529411765
			4137.25490196078	-1835.78431372549
			4137.25490196078	-1833.33333333333
			4137.25490196078	-1830.88235294118
			4137.25490196078	-1828.43137254902
			4137.25490196078	-1825.98039215686
			4139.70588235294	-1823.52941176471
			4139.70588235294	-1821.07843137255
			4139.70588235294	-1818.62745098039
			4142.1568627451	-1816.17647058824
			4142.1568627451	-1813.72549019608
			4144.60784313726	-1811.27450980392
			4144.60784313726	-1808.82352941176
			4147.05882352941	-1806.37254901961
			4149.50980392157	-1803.92156862745
			4149.50980392157	-1801.47058823529
			4151.96078431373	-1799.01960784314
			4154.41176470588	-1796.56862745098
			4156.86274509804	-1794.11764705882
			4159.3137254902	-1791.66666666667
			4161.76470588235	-1789.21568627451
			4164.21568627451	-1789.21568627451
			4166.66666666667	-1786.76470588235
			4169.11764705882	-1784.3137254902
			4171.56862745098	-1781.86274509804
			4174.01960784314	-1779.41176470588
			4176.47058823529	-1779.41176470588
			4178.92156862745	-1776.96078431373
			4181.37254901961	-1774.50980392157
			4183.82352941176	-1774.50980392157
			4186.27450980392	-1774.50980392157
			4188.72549019608	-1772.05882352941
			4191.17647058824	-1769.60784313726
			4193.62745098039	-1769.60784313726
			4196.07843137255	-1767.1568627451
			4198.52941176471	-1767.1568627451
			4200.98039215686	-1764.70588235294
			4203.43137254902	-1764.70588235294
			4203.43137254902	-1762.25490196078
			4205.88235294118	-1762.25490196078
			4208.33333333333	-1759.80392156863
			4210.78431372549	-1759.80392156863
			4210.78431372549	-1757.35294117647
			4213.23529411765	-1757.35294117647
			4215.6862745098	-1754.90196078431
			4218.13725490196	-1752.45098039216
			4220.58823529412	-1750
			4223.03921568627	-1747.54901960784
			4225.49019607843	-1745.09803921569
			4227.94117647059	-1742.64705882353
			4230.39215686275	-1740.19607843137
			4232.8431372549	-1740.19607843137
			4232.8431372549	-1737.74509803922
			4235.29411764706	-1735.29411764706
			4237.74509803922	-1732.8431372549
			4240.19607843137	-1730.39215686275
			4242.64705882353	-1727.94117647059
			4242.64705882353	-1725.49019607843
			4245.09803921569	-1723.03921568627
			4247.54901960784	-1720.58823529412
			4250	-1718.13725490196
			4252.45098039216	-1715.6862745098
			4252.45098039216	-1713.23529411765
			4254.90196078431	-1710.78431372549
			4254.90196078431	-1708.33333333333
			4257.35294117647	-1708.33333333333
			4257.35294117647	-1705.88235294118
			4257.35294117647	-1703.43137254902
			4259.80392156863	-1700.98039215686
			4262.25490196078	-1698.52941176471
			4262.25490196078	-1696.07843137255
			4264.70588235294	-1693.62745098039
			4264.70588235294	-1691.17647058824
			4264.70588235294	-1688.72549019608
			4267.1568627451	-1686.27450980392
			4269.60784313726	-1683.82352941176
			4269.60784313726	-1681.37254901961
			4269.60784313726	-1678.92156862745
			4272.05882352941	-1676.47058823529
			4272.05882352941	-1674.01960784314
			4272.05882352941	-1671.56862745098
			4272.05882352941	-1669.11764705882
			4274.50980392157	-1666.66666666667
			4274.50980392157	-1664.21568627451
			4274.50980392157	-1661.76470588235
			4274.50980392157	-1659.3137254902
			4276.96078431373	-1659.3137254902
			4276.96078431373	-1656.86274509804
			4276.96078431373	-1654.41176470588
			4276.96078431373	-1651.96078431373
			4276.96078431373	-1649.50980392157
			4279.41176470588	-1647.05882352941
			4279.41176470588	-1644.60784313726
			4279.41176470588	-1642.1568627451
			4279.41176470588	-1639.70588235294
			4279.41176470588	-1637.25490196078
			4279.41176470588	-1634.80392156863
			4279.41176470588	-1632.35294117647
			4279.41176470588	-1629.90196078431
			4279.41176470588	-1627.45098039216
			4279.41176470588	-1625
			4279.41176470588	-1622.54901960784
			4279.41176470588	-1620.09803921569
			4279.41176470588	-1617.64705882353
			4279.41176470588	-1615.19607843137
			4279.41176470588	-1612.74509803922
			4279.41176470588	-1610.29411764706
			4279.41176470588	-1607.8431372549
			4279.41176470588	-1605.39215686275
			4279.41176470588	-1602.94117647059
			4279.41176470588	-1600.49019607843
			4279.41176470588	-1598.03921568627
			4279.41176470588	-1595.58823529412
			4279.41176470588	-1593.13725490196
			4279.41176470588	-1590.6862745098
			4276.96078431373	-1588.23529411765
			4276.96078431373	-1585.78431372549
			4276.96078431373	-1583.33333333333
			4276.96078431373	-1580.88235294118
		</C1>
	</curves.scaled>
	<ruler.points type=matrix rownames=TRUE colnames=FALSE nrow=2 ncol=2 as.numeric=TRUE >
		Ruler point 1	3	1877
		Ruler point 2	105	1877
	</ruler.points>
</shapes>

