<shapes type=list>
	<ruler.pixel type=vector names=FALSE length=1 as.numeric=TRUE >102</ruler.pixel>
	<ruler.interval type=vector names=FALSE length=1 as.numeric=TRUE >250</ruler.interval>
	<scaling.units type=vector names=FALSE length=1 as.numeric=FALSE >nm</scaling.units>
	<scaling type=vector names=FALSE length=1 as.numeric=TRUE >2.45098039215686</scaling>
	<landmarks.pixel type=matrix rownames=TRUE colnames=FALSE nrow=4 ncol=2 as.numeric=TRUE >
		1-TopL	1416	720
		2-TopR	2088	864
		3-BotR	1710	1268
		4-BotL	1646	1232
	</landmarks.pixel>
	<landmarks.scaled type=matrix rownames=TRUE colnames=FALSE nrow=4 ncol=2 as.numeric=TRUE >
		1-TopL	3470.58823529412	-1764.70588235294
		2-TopR	5117.64705882353	-2117.64705882353
		3-BotR	4191.17647058824	-3107.8431372549
		4-BotL	4034.3137254902	-3019.60784313726
	</landmarks.scaled>
	<curves.control type=list>
		<C1 type=matrix rownames=FALSE colnames=FALSE nrow=3 ncol=2 as.numeric=TRUE >
			1416	720
			1697	548
			2088	864
		</C1>
		<C2 type=matrix rownames=FALSE colnames=FALSE nrow=7 ncol=2 as.numeric=TRUE >
			1710	1268
			1733	1301
			1683	1319
			1623	1315
			1627	1278
			1637	1243
			1646	1232
		</C2>
	</curves.control>
	<curves.pixel type=list>
		<C1 type=matrix rownames=FALSE colnames=FALSE nrow=709 ncol=2 as.numeric=TRUE >
			1416	720
			1417	720
			1418	719
			1419	718
			1420	718
			1421	717
			1422	717
			1423	716
			1424	715
			1425	715
			1425	714
			1426	714
			1427	713
			1428	713
			1429	712
			1430	712
			1431	711
			1432	711
			1433	710
			1434	710
			1435	709
			1436	709
			1437	708
			1438	708
			1438	707
			1439	707
			1440	706
			1441	706
			1442	705
			1443	705
			1444	704
			1445	704
			1446	703
			1447	703
			1448	702
			1449	702
			1450	701
			1451	701
			1452	700
			1453	699
			1454	699
			1455	699
			1456	698
			1457	698
			1458	697
			1459	697
			1460	696
			1461	696
			1462	696
			1462	695
			1463	695
			1464	695
			1465	694
			1466	694
			1466	693
			1467	693
			1468	693
			1469	692
			1470	692
			1471	692
			1471	691
			1472	691
			1473	691
			1474	690
			1475	690
			1476	690
			1476	689
			1477	689
			1478	689
			1479	688
			1480	688
			1481	687
			1482	687
			1483	686
			1484	686
			1485	686
			1486	685
			1487	685
			1488	685
			1489	684
			1490	684
			1491	683
			1492	683
			1493	683
			1494	682
			1495	682
			1496	682
			1497	681
			1498	681
			1499	681
			1500	680
			1501	680
			1502	680
			1503	679
			1504	679
			1505	679
			1506	678
			1507	678
			1508	678
			1509	677
			1510	677
			1511	677
			1512	676
			1513	676
			1514	676
			1515	675
			1516	675
			1517	675
			1518	675
			1519	674
			1520	674
			1521	674
			1522	673
			1523	673
			1524	673
			1525	673
			1526	672
			1527	672
			1528	672
			1529	672
			1530	672
			1530	671
			1531	671
			1532	671
			1533	671
			1534	670
			1535	670
			1536	670
			1537	670
			1538	669
			1539	669
			1540	669
			1541	669
			1542	669
			1543	668
			1544	668
			1545	668
			1546	668
			1547	668
			1547	667
			1548	667
			1549	667
			1550	667
			1551	667
			1552	667
			1553	666
			1554	666
			1555	666
			1556	666
			1557	666
			1558	665
			1559	665
			1560	665
			1561	665
			1562	665
			1563	665
			1563	664
			1564	664
			1565	664
			1566	664
			1567	664
			1568	664
			1569	664
			1570	663
			1571	663
			1572	663
			1573	663
			1574	663
			1575	663
			1576	663
			1577	663
			1578	662
			1579	662
			1580	662
			1581	662
			1582	662
			1583	662
			1584	662
			1585	662
			1586	661
			1587	661
			1588	661
			1589	661
			1590	661
			1591	661
			1592	661
			1593	661
			1594	661
			1595	661
			1596	661
			1597	661
			1598	660
			1599	660
			1600	660
			1601	660
			1602	660
			1603	660
			1604	660
			1605	660
			1606	660
			1607	660
			1608	660
			1609	660
			1610	660
			1611	660
			1612	660
			1613	660
			1614	660
			1615	660
			1616	660
			1617	660
			1618	659
			1619	659
			1620	659
			1621	659
			1622	659
			1623	659
			1624	659
			1625	659
			1626	659
			1627	659
			1628	659
			1629	659
			1630	659
			1631	659
			1632	659
			1633	659
			1634	659
			1635	659
			1636	659
			1637	659
			1638	660
			1639	660
			1640	660
			1641	660
			1642	660
			1643	660
			1644	660
			1645	660
			1646	660
			1647	660
			1648	660
			1649	660
			1650	660
			1651	660
			1652	660
			1653	660
			1654	660
			1655	660
			1656	660
			1657	660
			1658	660
			1659	661
			1660	661
			1661	661
			1662	661
			1663	661
			1664	661
			1665	661
			1666	661
			1667	661
			1668	661
			1669	661
			1670	661
			1671	662
			1672	662
			1673	662
			1674	662
			1675	662
			1676	662
			1677	662
			1678	662
			1679	662
			1680	662
			1680	663
			1681	663
			1682	663
			1683	663
			1684	663
			1685	663
			1686	663
			1687	663
			1688	664
			1689	664
			1690	664
			1691	664
			1692	664
			1693	664
			1694	664
			1695	665
			1696	665
			1697	665
			1698	665
			1699	665
			1700	665
			1701	666
			1702	666
			1703	666
			1704	666
			1705	666
			1706	666
			1707	667
			1708	667
			1709	667
			1710	667
			1711	667
			1712	668
			1713	668
			1714	668
			1715	668
			1716	668
			1717	669
			1718	669
			1719	669
			1720	669
			1721	669
			1722	670
			1723	670
			1724	670
			1725	670
			1726	670
			1727	671
			1728	671
			1729	671
			1730	671
			1731	671
			1732	672
			1733	672
			1734	672
			1735	672
			1736	673
			1737	673
			1738	673
			1739	673
			1740	674
			1741	674
			1742	674
			1743	674
			1744	675
			1745	675
			1746	675
			1747	675
			1748	676
			1749	676
			1750	676
			1751	676
			1752	677
			1753	677
			1754	677
			1755	677
			1756	678
			1757	678
			1758	678
			1759	679
			1760	679
			1761	679
			1762	679
			1763	680
			1764	680
			1765	680
			1766	681
			1767	681
			1768	681
			1769	681
			1770	682
			1771	682
			1772	682
			1773	683
			1774	683
			1775	683
			1776	684
			1777	684
			1778	684
			1779	685
			1780	685
			1781	685
			1782	686
			1783	686
			1784	686
			1785	687
			1786	687
			1787	687
			1788	688
			1789	688
			1790	688
			1791	689
			1792	689
			1793	689
			1794	690
			1795	690
			1796	690
			1797	691
			1798	691
			1799	691
			1800	692
			1801	692
			1802	693
			1803	693
			1804	693
			1805	694
			1806	694
			1807	694
			1808	695
			1809	695
			1810	696
			1811	696
			1812	696
			1813	697
			1814	697
			1815	698
			1816	698
			1817	698
			1818	699
			1819	699
			1820	700
			1821	700
			1822	700
			1823	701
			1824	701
			1825	702
			1826	702
			1827	702
			1828	703
			1829	703
			1830	703
			1831	704
			1832	705
			1833	705
			1834	705
			1835	705
			1835	706
			1836	706
			1837	706
			1838	707
			1839	707
			1840	708
			1841	708
			1842	709
			1843	709
			1844	709
			1844	710
			1845	710
			1846	710
			1847	711
			1848	711
			1849	712
			1850	712
			1851	713
			1852	713
			1853	713
			1853	714
			1854	714
			1855	715
			1856	715
			1857	715
			1858	716
			1859	716
			1860	717
			1861	717
			1862	717
			1862	718
			1863	718
			1864	719
			1865	719
			1866	720
			1867	720
			1868	720
			1869	721
			1870	721
			1871	722
			1872	723
			1873	723
			1874	724
			1875	724
			1876	725
			1877	725
			1878	726
			1879	726
			1880	726
			1881	727
			1882	728
			1883	728
			1884	728
			1885	729
			1886	729
			1887	730
			1888	730
			1889	731
			1890	731
			1891	732
			1892	732
			1892	733
			1893	733
			1894	734
			1895	734
			1896	735
			1897	735
			1898	736
			1899	736
			1900	737
			1901	737
			1902	738
			1903	738
			1904	739
			1905	739
			1906	740
			1907	740
			1908	741
			1909	742
			1910	742
			1911	743
			1912	744
			1913	744
			1914	744
			1914	745
			1915	745
			1916	746
			1917	746
			1918	747
			1919	747
			1920	748
			1921	748
			1922	749
			1923	749
			1923	750
			1924	750
			1925	751
			1926	751
			1927	752
			1928	752
			1928	753
			1929	753
			1930	754
			1931	754
			1932	755
			1933	755
			1933	756
			1934	756
			1935	757
			1936	757
			1937	758
			1938	758
			1938	759
			1939	759
			1940	760
			1941	760
			1942	761
			1943	761
			1943	762
			1944	762
			1945	763
			1946	763
			1947	764
			1948	764
			1948	765
			1949	765
			1950	766
			1951	766
			1952	767
			1953	767
			1953	768
			1954	768
			1955	769
			1956	769
			1957	770
			1958	770
			1959	771
			1960	772
			1961	773
			1962	773
			1963	774
			1964	774
			1965	775
			1966	776
			1967	776
			1968	777
			1969	778
			1970	778
			1971	779
			1972	780
			1973	780
			1974	781
			1975	782
			1976	782
			1977	783
			1978	784
			1979	784
			1980	785
			1981	786
			1982	786
			1983	787
			1984	787
			1985	788
			1986	789
			1987	789
			1988	790
			1989	791
			1990	791
			1991	792
			1992	793
			1993	793
			1994	794
			1995	794
			1996	795
			1996	796
			1997	796
			1998	797
			1999	798
			2000	798
			2001	799
			2002	799
			2003	800
			2004	801
			2005	802
			2006	803
			2007	803
			2008	804
			2009	804
			2009	805
			2010	805
			2011	806
			2012	806
			2013	807
			2014	808
			2015	808
			2016	809
			2016	810
			2017	810
			2018	811
			2019	811
			2019	812
			2020	812
			2021	813
			2022	813
			2022	814
			2023	814
			2024	815
			2025	816
			2026	816
			2026	817
			2027	817
			2028	818
			2029	818
			2029	819
			2030	820
			2031	820
			2032	821
			2033	821
			2033	822
			2034	822
			2035	823
			2036	823
			2036	824
			2037	825
			2038	825
			2039	826
			2040	826
			2040	827
			2041	828
			2042	828
			2043	829
			2044	830
			2045	831
			2046	831
			2047	832
			2048	833
			2049	833
			2050	834
			2051	835
			2052	835
			2053	836
			2054	837
			2054	838
			2055	838
			2056	839
			2057	840
			2058	841
			2059	841
			2060	842
			2061	843
			2062	843
			2063	844
			2064	845
			2065	846
			2066	846
			2067	847
			2068	848
			2069	849
			2070	850
			2071	851
			2072	851
			2072	852
			2073	852
			2074	853
			2075	853
			2075	854
			2076	854
			2077	855
			2078	856
			2079	857
			2080	858
			2081	858
			2082	859
			2083	860
			2084	861
			2085	862
			2086	862
			2087	863
			2088	864
		</C1>
		<C2 type=matrix rownames=FALSE colnames=FALSE nrow=187 ncol=2 as.numeric=TRUE >
			1710	1268
			1711	1269
			1711	1270
			1712	1271
			1713	1272
			1713	1273
			1714	1274
			1714	1275
			1714	1276
			1715	1277
			1715	1278
			1716	1279
			1716	1280
			1716	1281
			1717	1282
			1717	1283
			1717	1284
			1717	1285
			1717	1286
			1717	1287
			1717	1288
			1717	1289
			1717	1290
			1717	1291
			1717	1292
			1716	1293
			1716	1294
			1716	1295
			1715	1296
			1715	1297
			1714	1298
			1714	1299
			1713	1300
			1712	1301
			1712	1302
			1711	1303
			1710	1304
			1709	1305
			1708	1305
			1707	1306
			1706	1307
			1705	1308
			1704	1309
			1703	1310
			1702	1310
			1701	1311
			1700	1311
			1699	1312
			1698	1312
			1697	1313
			1696	1314
			1695	1314
			1694	1315
			1693	1315
			1692	1315
			1692	1316
			1691	1316
			1690	1316
			1689	1317
			1688	1317
			1687	1317
			1686	1318
			1685	1318
			1684	1319
			1683	1319
			1682	1319
			1681	1319
			1680	1319
			1679	1319
			1678	1319
			1677	1318
			1676	1318
			1675	1318
			1674	1318
			1673	1318
			1672	1318
			1671	1318
			1670	1318
			1669	1317
			1668	1317
			1667	1317
			1666	1317
			1665	1317
			1664	1317
			1663	1316
			1662	1316
			1661	1316
			1660	1316
			1659	1315
			1658	1315
			1657	1315
			1656	1315
			1655	1314
			1654	1314
			1653	1314
			1652	1313
			1651	1313
			1650	1313
			1649	1312
			1648	1312
			1647	1311
			1646	1311
			1645	1311
			1645	1310
			1644	1310
			1643	1309
			1642	1309
			1641	1308
			1640	1307
			1639	1306
			1638	1306
			1637	1305
			1636	1305
			1636	1304
			1635	1303
			1634	1303
			1634	1302
			1633	1301
			1632	1300
			1631	1299
			1631	1298
			1630	1297
			1630	1296
			1629	1295
			1629	1294
			1628	1293
			1628	1292
			1628	1291
			1628	1290
			1627	1289
			1627	1288
			1627	1287
			1627	1286
			1627	1285
			1627	1284
			1627	1283
			1627	1282
			1627	1281
			1627	1280
			1627	1279
			1627	1278
			1627	1277
			1628	1276
			1628	1275
			1628	1274
			1629	1273
			1629	1272
			1629	1271
			1629	1270
			1630	1269
			1630	1268
			1630	1267
			1631	1266
			1631	1265
			1631	1264
			1632	1263
			1632	1262
			1632	1261
			1633	1260
			1633	1259
			1633	1258
			1634	1257
			1634	1256
			1634	1255
			1635	1254
			1635	1253
			1636	1252
			1636	1251
			1636	1250
			1637	1249
			1637	1248
			1638	1247
			1638	1246
			1638	1245
			1639	1244
			1639	1243
			1640	1242
			1640	1241
			1641	1240
			1641	1239
			1642	1238
			1642	1237
			1643	1236
			1644	1235
			1645	1234
			1645	1233
			1646	1232
		</C2>
	</curves.pixel>
	<curves.scaled type=list>
		<C1 type=matrix rownames=FALSE colnames=FALSE nrow=709 ncol=2 as.numeric=TRUE >
			3470.58823529412	-1764.70588235294
			3473.03921568627	-1764.70588235294
			3475.49019607843	-1762.25490196078
			3477.94117647059	-1759.80392156863
			3480.39215686275	-1759.80392156863
			3482.8431372549	-1757.35294117647
			3485.29411764706	-1757.35294117647
			3487.74509803922	-1754.90196078431
			3490.19607843137	-1752.45098039216
			3492.64705882353	-1752.45098039216
			3492.64705882353	-1750
			3495.09803921569	-1750
			3497.54901960784	-1747.54901960784
			3500	-1747.54901960784
			3502.45098039216	-1745.09803921569
			3504.90196078431	-1745.09803921569
			3507.35294117647	-1742.64705882353
			3509.80392156863	-1742.64705882353
			3512.25490196078	-1740.19607843137
			3514.70588235294	-1740.19607843137
			3517.1568627451	-1737.74509803922
			3519.60784313726	-1737.74509803922
			3522.05882352941	-1735.29411764706
			3524.50980392157	-1735.29411764706
			3524.50980392157	-1732.8431372549
			3526.96078431373	-1732.8431372549
			3529.41176470588	-1730.39215686275
			3531.86274509804	-1730.39215686275
			3534.3137254902	-1727.94117647059
			3536.76470588235	-1727.94117647059
			3539.21568627451	-1725.49019607843
			3541.66666666667	-1725.49019607843
			3544.11764705882	-1723.03921568627
			3546.56862745098	-1723.03921568627
			3549.01960784314	-1720.58823529412
			3551.47058823529	-1720.58823529412
			3553.92156862745	-1718.13725490196
			3556.37254901961	-1718.13725490196
			3558.82352941176	-1715.6862745098
			3561.27450980392	-1713.23529411765
			3563.72549019608	-1713.23529411765
			3566.17647058824	-1713.23529411765
			3568.62745098039	-1710.78431372549
			3571.07843137255	-1710.78431372549
			3573.52941176471	-1708.33333333333
			3575.98039215686	-1708.33333333333
			3578.43137254902	-1705.88235294118
			3580.88235294118	-1705.88235294118
			3583.33333333333	-1705.88235294118
			3583.33333333333	-1703.43137254902
			3585.78431372549	-1703.43137254902
			3588.23529411765	-1703.43137254902
			3590.6862745098	-1700.98039215686
			3593.13725490196	-1700.98039215686
			3593.13725490196	-1698.52941176471
			3595.58823529412	-1698.52941176471
			3598.03921568627	-1698.52941176471
			3600.49019607843	-1696.07843137255
			3602.94117647059	-1696.07843137255
			3605.39215686275	-1696.07843137255
			3605.39215686275	-1693.62745098039
			3607.8431372549	-1693.62745098039
			3610.29411764706	-1693.62745098039
			3612.74509803922	-1691.17647058824
			3615.19607843137	-1691.17647058824
			3617.64705882353	-1691.17647058824
			3617.64705882353	-1688.72549019608
			3620.09803921569	-1688.72549019608
			3622.54901960784	-1688.72549019608
			3625	-1686.27450980392
			3627.45098039216	-1686.27450980392
			3629.90196078431	-1683.82352941176
			3632.35294117647	-1683.82352941176
			3634.80392156863	-1681.37254901961
			3637.25490196078	-1681.37254901961
			3639.70588235294	-1681.37254901961
			3642.1568627451	-1678.92156862745
			3644.60784313726	-1678.92156862745
			3647.05882352941	-1678.92156862745
			3649.50980392157	-1676.47058823529
			3651.96078431373	-1676.47058823529
			3654.41176470588	-1674.01960784314
			3656.86274509804	-1674.01960784314
			3659.3137254902	-1674.01960784314
			3661.76470588235	-1671.56862745098
			3664.21568627451	-1671.56862745098
			3666.66666666667	-1671.56862745098
			3669.11764705882	-1669.11764705882
			3671.56862745098	-1669.11764705882
			3674.01960784314	-1669.11764705882
			3676.47058823529	-1666.66666666667
			3678.92156862745	-1666.66666666667
			3681.37254901961	-1666.66666666667
			3683.82352941176	-1664.21568627451
			3686.27450980392	-1664.21568627451
			3688.72549019608	-1664.21568627451
			3691.17647058824	-1661.76470588235
			3693.62745098039	-1661.76470588235
			3696.07843137255	-1661.76470588235
			3698.52941176471	-1659.3137254902
			3700.98039215686	-1659.3137254902
			3703.43137254902	-1659.3137254902
			3705.88235294118	-1656.86274509804
			3708.33333333333	-1656.86274509804
			3710.78431372549	-1656.86274509804
			3713.23529411765	-1654.41176470588
			3715.6862745098	-1654.41176470588
			3718.13725490196	-1654.41176470588
			3720.58823529412	-1654.41176470588
			3723.03921568627	-1651.96078431373
			3725.49019607843	-1651.96078431373
			3727.94117647059	-1651.96078431373
			3730.39215686275	-1649.50980392157
			3732.8431372549	-1649.50980392157
			3735.29411764706	-1649.50980392157
			3737.74509803922	-1649.50980392157
			3740.19607843137	-1647.05882352941
			3742.64705882353	-1647.05882352941
			3745.09803921569	-1647.05882352941
			3747.54901960784	-1647.05882352941
			3750	-1647.05882352941
			3750	-1644.60784313726
			3752.45098039216	-1644.60784313726
			3754.90196078431	-1644.60784313726
			3757.35294117647	-1644.60784313726
			3759.80392156863	-1642.1568627451
			3762.25490196078	-1642.1568627451
			3764.70588235294	-1642.1568627451
			3767.1568627451	-1642.1568627451
			3769.60784313726	-1639.70588235294
			3772.05882352941	-1639.70588235294
			3774.50980392157	-1639.70588235294
			3776.96078431373	-1639.70588235294
			3779.41176470588	-1639.70588235294
			3781.86274509804	-1637.25490196078
			3784.3137254902	-1637.25490196078
			3786.76470588235	-1637.25490196078
			3789.21568627451	-1637.25490196078
			3791.66666666667	-1637.25490196078
			3791.66666666667	-1634.80392156863
			3794.11764705882	-1634.80392156863
			3796.56862745098	-1634.80392156863
			3799.01960784314	-1634.80392156863
			3801.47058823529	-1634.80392156863
			3803.92156862745	-1634.80392156863
			3806.37254901961	-1632.35294117647
			3808.82352941176	-1632.35294117647
			3811.27450980392	-1632.35294117647
			3813.72549019608	-1632.35294117647
			3816.17647058824	-1632.35294117647
			3818.62745098039	-1629.90196078431
			3821.07843137255	-1629.90196078431
			3823.52941176471	-1629.90196078431
			3825.98039215686	-1629.90196078431
			3828.43137254902	-1629.90196078431
			3830.88235294118	-1629.90196078431
			3830.88235294118	-1627.45098039216
			3833.33333333333	-1627.45098039216
			3835.78431372549	-1627.45098039216
			3838.23529411765	-1627.45098039216
			3840.6862745098	-1627.45098039216
			3843.13725490196	-1627.45098039216
			3845.58823529412	-1627.45098039216
			3848.03921568627	-1625
			3850.49019607843	-1625
			3852.94117647059	-1625
			3855.39215686275	-1625
			3857.8431372549	-1625
			3860.29411764706	-1625
			3862.74509803922	-1625
			3865.19607843137	-1625
			3867.64705882353	-1622.54901960784
			3870.09803921569	-1622.54901960784
			3872.54901960784	-1622.54901960784
			3875	-1622.54901960784
			3877.45098039216	-1622.54901960784
			3879.90196078431	-1622.54901960784
			3882.35294117647	-1622.54901960784
			3884.80392156863	-1622.54901960784
			3887.25490196078	-1620.09803921569
			3889.70588235294	-1620.09803921569
			3892.1568627451	-1620.09803921569
			3894.60784313726	-1620.09803921569
			3897.05882352941	-1620.09803921569
			3899.50980392157	-1620.09803921569
			3901.96078431373	-1620.09803921569
			3904.41176470588	-1620.09803921569
			3906.86274509804	-1620.09803921569
			3909.3137254902	-1620.09803921569
			3911.76470588235	-1620.09803921569
			3914.21568627451	-1620.09803921569
			3916.66666666667	-1617.64705882353
			3919.11764705882	-1617.64705882353
			3921.56862745098	-1617.64705882353
			3924.01960784314	-1617.64705882353
			3926.47058823529	-1617.64705882353
			3928.92156862745	-1617.64705882353
			3931.37254901961	-1617.64705882353
			3933.82352941176	-1617.64705882353
			3936.27450980392	-1617.64705882353
			3938.72549019608	-1617.64705882353
			3941.17647058824	-1617.64705882353
			3943.62745098039	-1617.64705882353
			3946.07843137255	-1617.64705882353
			3948.52941176471	-1617.64705882353
			3950.98039215686	-1617.64705882353
			3953.43137254902	-1617.64705882353
			3955.88235294118	-1617.64705882353
			3958.33333333333	-1617.64705882353
			3960.78431372549	-1617.64705882353
			3963.23529411765	-1617.64705882353
			3965.6862745098	-1615.19607843137
			3968.13725490196	-1615.19607843137
			3970.58823529412	-1615.19607843137
			3973.03921568627	-1615.19607843137
			3975.49019607843	-1615.19607843137
			3977.94117647059	-1615.19607843137
			3980.39215686275	-1615.19607843137
			3982.8431372549	-1615.19607843137
			3985.29411764706	-1615.19607843137
			3987.74509803922	-1615.19607843137
			3990.19607843137	-1615.19607843137
			3992.64705882353	-1615.19607843137
			3995.09803921569	-1615.19607843137
			3997.54901960784	-1615.19607843137
			4000	-1615.19607843137
			4002.45098039216	-1615.19607843137
			4004.90196078431	-1615.19607843137
			4007.35294117647	-1615.19607843137
			4009.80392156863	-1615.19607843137
			4012.25490196078	-1615.19607843137
			4014.70588235294	-1617.64705882353
			4017.1568627451	-1617.64705882353
			4019.60784313726	-1617.64705882353
			4022.05882352941	-1617.64705882353
			4024.50980392157	-1617.64705882353
			4026.96078431373	-1617.64705882353
			4029.41176470588	-1617.64705882353
			4031.86274509804	-1617.64705882353
			4034.3137254902	-1617.64705882353
			4036.76470588235	-1617.64705882353
			4039.21568627451	-1617.64705882353
			4041.66666666667	-1617.64705882353
			4044.11764705882	-1617.64705882353
			4046.56862745098	-1617.64705882353
			4049.01960784314	-1617.64705882353
			4051.47058823529	-1617.64705882353
			4053.92156862745	-1617.64705882353
			4056.37254901961	-1617.64705882353
			4058.82352941176	-1617.64705882353
			4061.27450980392	-1617.64705882353
			4063.72549019608	-1617.64705882353
			4066.17647058824	-1620.09803921569
			4068.62745098039	-1620.09803921569
			4071.07843137255	-1620.09803921569
			4073.52941176471	-1620.09803921569
			4075.98039215686	-1620.09803921569
			4078.43137254902	-1620.09803921569
			4080.88235294118	-1620.09803921569
			4083.33333333333	-1620.09803921569
			4085.78431372549	-1620.09803921569
			4088.23529411765	-1620.09803921569
			4090.6862745098	-1620.09803921569
			4093.13725490196	-1620.09803921569
			4095.58823529412	-1622.54901960784
			4098.03921568627	-1622.54901960784
			4100.49019607843	-1622.54901960784
			4102.94117647059	-1622.54901960784
			4105.39215686275	-1622.54901960784
			4107.8431372549	-1622.54901960784
			4110.29411764706	-1622.54901960784
			4112.74509803922	-1622.54901960784
			4115.19607843137	-1622.54901960784
			4117.64705882353	-1622.54901960784
			4117.64705882353	-1625
			4120.09803921569	-1625
			4122.54901960784	-1625
			4125	-1625
			4127.45098039216	-1625
			4129.90196078431	-1625
			4132.35294117647	-1625
			4134.80392156863	-1625
			4137.25490196078	-1627.45098039216
			4139.70588235294	-1627.45098039216
			4142.1568627451	-1627.45098039216
			4144.60784313726	-1627.45098039216
			4147.05882352941	-1627.45098039216
			4149.50980392157	-1627.45098039216
			4151.96078431373	-1627.45098039216
			4154.41176470588	-1629.90196078431
			4156.86274509804	-1629.90196078431
			4159.3137254902	-1629.90196078431
			4161.76470588235	-1629.90196078431
			4164.21568627451	-1629.90196078431
			4166.66666666667	-1629.90196078431
			4169.11764705882	-1632.35294117647
			4171.56862745098	-1632.35294117647
			4174.01960784314	-1632.35294117647
			4176.47058823529	-1632.35294117647
			4178.92156862745	-1632.35294117647
			4181.37254901961	-1632.35294117647
			4183.82352941176	-1634.80392156863
			4186.27450980392	-1634.80392156863
			4188.72549019608	-1634.80392156863
			4191.17647058824	-1634.80392156863
			4193.62745098039	-1634.80392156863
			4196.07843137255	-1637.25490196078
			4198.52941176471	-1637.25490196078
			4200.98039215686	-1637.25490196078
			4203.43137254902	-1637.25490196078
			4205.88235294118	-1637.25490196078
			4208.33333333333	-1639.70588235294
			4210.78431372549	-1639.70588235294
			4213.23529411765	-1639.70588235294
			4215.6862745098	-1639.70588235294
			4218.13725490196	-1639.70588235294
			4220.58823529412	-1642.1568627451
			4223.03921568627	-1642.1568627451
			4225.49019607843	-1642.1568627451
			4227.94117647059	-1642.1568627451
			4230.39215686275	-1642.1568627451
			4232.8431372549	-1644.60784313726
			4235.29411764706	-1644.60784313726
			4237.74509803922	-1644.60784313726
			4240.19607843137	-1644.60784313726
			4242.64705882353	-1644.60784313726
			4245.09803921569	-1647.05882352941
			4247.54901960784	-1647.05882352941
			4250	-1647.05882352941
			4252.45098039216	-1647.05882352941
			4254.90196078431	-1649.50980392157
			4257.35294117647	-1649.50980392157
			4259.80392156863	-1649.50980392157
			4262.25490196078	-1649.50980392157
			4264.70588235294	-1651.96078431373
			4267.1568627451	-1651.96078431373
			4269.60784313726	-1651.96078431373
			4272.05882352941	-1651.96078431373
			4274.50980392157	-1654.41176470588
			4276.96078431373	-1654.41176470588
			4279.41176470588	-1654.41176470588
			4281.86274509804	-1654.41176470588
			4284.3137254902	-1656.86274509804
			4286.76470588235	-1656.86274509804
			4289.21568627451	-1656.86274509804
			4291.66666666667	-1656.86274509804
			4294.11764705882	-1659.3137254902
			4296.56862745098	-1659.3137254902
			4299.01960784314	-1659.3137254902
			4301.47058823529	-1659.3137254902
			4303.92156862745	-1661.76470588235
			4306.37254901961	-1661.76470588235
			4308.82352941176	-1661.76470588235
			4311.27450980392	-1664.21568627451
			4313.72549019608	-1664.21568627451
			4316.17647058824	-1664.21568627451
			4318.62745098039	-1664.21568627451
			4321.07843137255	-1666.66666666667
			4323.52941176471	-1666.66666666667
			4325.98039215686	-1666.66666666667
			4328.43137254902	-1669.11764705882
			4330.88235294118	-1669.11764705882
			4333.33333333333	-1669.11764705882
			4335.78431372549	-1669.11764705882
			4338.23529411765	-1671.56862745098
			4340.6862745098	-1671.56862745098
			4343.13725490196	-1671.56862745098
			4345.58823529412	-1674.01960784314
			4348.03921568627	-1674.01960784314
			4350.49019607843	-1674.01960784314
			4352.94117647059	-1676.47058823529
			4355.39215686275	-1676.47058823529
			4357.8431372549	-1676.47058823529
			4360.29411764706	-1678.92156862745
			4362.74509803922	-1678.92156862745
			4365.19607843137	-1678.92156862745
			4367.64705882353	-1681.37254901961
			4370.09803921569	-1681.37254901961
			4372.54901960784	-1681.37254901961
			4375	-1683.82352941176
			4377.45098039216	-1683.82352941176
			4379.90196078431	-1683.82352941176
			4382.35294117647	-1686.27450980392
			4384.80392156863	-1686.27450980392
			4387.25490196078	-1686.27450980392
			4389.70588235294	-1688.72549019608
			4392.1568627451	-1688.72549019608
			4394.60784313726	-1688.72549019608
			4397.05882352941	-1691.17647058824
			4399.50980392157	-1691.17647058824
			4401.96078431373	-1691.17647058824
			4404.41176470588	-1693.62745098039
			4406.86274509804	-1693.62745098039
			4409.3137254902	-1693.62745098039
			4411.76470588235	-1696.07843137255
			4414.21568627451	-1696.07843137255
			4416.66666666667	-1698.52941176471
			4419.11764705882	-1698.52941176471
			4421.56862745098	-1698.52941176471
			4424.01960784314	-1700.98039215686
			4426.47058823529	-1700.98039215686
			4428.92156862745	-1700.98039215686
			4431.37254901961	-1703.43137254902
			4433.82352941176	-1703.43137254902
			4436.27450980392	-1705.88235294118
			4438.72549019608	-1705.88235294118
			4441.17647058824	-1705.88235294118
			4443.62745098039	-1708.33333333333
			4446.07843137255	-1708.33333333333
			4448.52941176471	-1710.78431372549
			4450.98039215686	-1710.78431372549
			4453.43137254902	-1710.78431372549
			4455.88235294118	-1713.23529411765
			4458.33333333333	-1713.23529411765
			4460.78431372549	-1715.6862745098
			4463.23529411765	-1715.6862745098
			4465.6862745098	-1715.6862745098
			4468.13725490196	-1718.13725490196
			4470.58823529412	-1718.13725490196
			4473.03921568627	-1720.58823529412
			4475.49019607843	-1720.58823529412
			4477.94117647059	-1720.58823529412
			4480.39215686275	-1723.03921568627
			4482.8431372549	-1723.03921568627
			4485.29411764706	-1723.03921568627
			4487.74509803922	-1725.49019607843
			4490.19607843137	-1727.94117647059
			4492.64705882353	-1727.94117647059
			4495.09803921569	-1727.94117647059
			4497.54901960784	-1727.94117647059
			4497.54901960784	-1730.39215686275
			4500	-1730.39215686275
			4502.45098039216	-1730.39215686275
			4504.90196078431	-1732.8431372549
			4507.35294117647	-1732.8431372549
			4509.80392156863	-1735.29411764706
			4512.25490196078	-1735.29411764706
			4514.70588235294	-1737.74509803922
			4517.1568627451	-1737.74509803922
			4519.60784313726	-1737.74509803922
			4519.60784313726	-1740.19607843137
			4522.05882352941	-1740.19607843137
			4524.50980392157	-1740.19607843137
			4526.96078431373	-1742.64705882353
			4529.41176470588	-1742.64705882353
			4531.86274509804	-1745.09803921569
			4534.3137254902	-1745.09803921569
			4536.76470588235	-1747.54901960784
			4539.21568627451	-1747.54901960784
			4541.66666666667	-1747.54901960784
			4541.66666666667	-1750
			4544.11764705882	-1750
			4546.56862745098	-1752.45098039216
			4549.01960784314	-1752.45098039216
			4551.47058823529	-1752.45098039216
			4553.92156862745	-1754.90196078431
			4556.37254901961	-1754.90196078431
			4558.82352941176	-1757.35294117647
			4561.27450980392	-1757.35294117647
			4563.72549019608	-1757.35294117647
			4563.72549019608	-1759.80392156863
			4566.17647058824	-1759.80392156863
			4568.62745098039	-1762.25490196078
			4571.07843137255	-1762.25490196078
			4573.52941176471	-1764.70588235294
			4575.98039215686	-1764.70588235294
			4578.43137254902	-1764.70588235294
			4580.88235294118	-1767.1568627451
			4583.33333333333	-1767.1568627451
			4585.78431372549	-1769.60784313726
			4588.23529411765	-1772.05882352941
			4590.6862745098	-1772.05882352941
			4593.13725490196	-1774.50980392157
			4595.58823529412	-1774.50980392157
			4598.03921568627	-1776.96078431373
			4600.49019607843	-1776.96078431373
			4602.94117647059	-1779.41176470588
			4605.39215686275	-1779.41176470588
			4607.8431372549	-1779.41176470588
			4610.29411764706	-1781.86274509804
			4612.74509803922	-1784.3137254902
			4615.19607843137	-1784.3137254902
			4617.64705882353	-1784.3137254902
			4620.09803921569	-1786.76470588235
			4622.54901960784	-1786.76470588235
			4625	-1789.21568627451
			4627.45098039216	-1789.21568627451
			4629.90196078431	-1791.66666666667
			4632.35294117647	-1791.66666666667
			4634.80392156863	-1794.11764705882
			4637.25490196078	-1794.11764705882
			4637.25490196078	-1796.56862745098
			4639.70588235294	-1796.56862745098
			4642.1568627451	-1799.01960784314
			4644.60784313726	-1799.01960784314
			4647.05882352941	-1801.47058823529
			4649.50980392157	-1801.47058823529
			4651.96078431373	-1803.92156862745
			4654.41176470588	-1803.92156862745
			4656.86274509804	-1806.37254901961
			4659.3137254902	-1806.37254901961
			4661.76470588235	-1808.82352941176
			4664.21568627451	-1808.82352941176
			4666.66666666667	-1811.27450980392
			4669.11764705882	-1811.27450980392
			4671.56862745098	-1813.72549019608
			4674.01960784314	-1813.72549019608
			4676.47058823529	-1816.17647058824
			4678.92156862745	-1818.62745098039
			4681.37254901961	-1818.62745098039
			4683.82352941176	-1821.07843137255
			4686.27450980392	-1823.52941176471
			4688.72549019608	-1823.52941176471
			4691.17647058824	-1823.52941176471
			4691.17647058824	-1825.98039215686
			4693.62745098039	-1825.98039215686
			4696.07843137255	-1828.43137254902
			4698.52941176471	-1828.43137254902
			4700.98039215686	-1830.88235294118
			4703.43137254902	-1830.88235294118
			4705.88235294118	-1833.33333333333
			4708.33333333333	-1833.33333333333
			4710.78431372549	-1835.78431372549
			4713.23529411765	-1835.78431372549
			4713.23529411765	-1838.23529411765
			4715.6862745098	-1838.23529411765
			4718.13725490196	-1840.6862745098
			4720.58823529412	-1840.6862745098
			4723.03921568627	-1843.13725490196
			4725.49019607843	-1843.13725490196
			4725.49019607843	-1845.58823529412
			4727.94117647059	-1845.58823529412
			4730.39215686275	-1848.03921568627
			4732.8431372549	-1848.03921568627
			4735.29411764706	-1850.49019607843
			4737.74509803922	-1850.49019607843
			4737.74509803922	-1852.94117647059
			4740.19607843137	-1852.94117647059
			4742.64705882353	-1855.39215686275
			4745.09803921569	-1855.39215686275
			4747.54901960784	-1857.8431372549
			4750	-1857.8431372549
			4750	-1860.29411764706
			4752.45098039216	-1860.29411764706
			4754.90196078431	-1862.74509803922
			4757.35294117647	-1862.74509803922
			4759.80392156863	-1865.19607843137
			4762.25490196078	-1865.19607843137
			4762.25490196078	-1867.64705882353
			4764.70588235294	-1867.64705882353
			4767.1568627451	-1870.09803921569
			4769.60784313726	-1870.09803921569
			4772.05882352941	-1872.54901960784
			4774.50980392157	-1872.54901960784
			4774.50980392157	-1875
			4776.96078431373	-1875
			4779.41176470588	-1877.45098039216
			4781.86274509804	-1877.45098039216
			4784.3137254902	-1879.90196078431
			4786.76470588235	-1879.90196078431
			4786.76470588235	-1882.35294117647
			4789.21568627451	-1882.35294117647
			4791.66666666667	-1884.80392156863
			4794.11764705882	-1884.80392156863
			4796.56862745098	-1887.25490196078
			4799.01960784314	-1887.25490196078
			4801.47058823529	-1889.70588235294
			4803.92156862745	-1892.1568627451
			4806.37254901961	-1894.60784313726
			4808.82352941176	-1894.60784313726
			4811.27450980392	-1897.05882352941
			4813.72549019608	-1897.05882352941
			4816.17647058824	-1899.50980392157
			4818.62745098039	-1901.96078431373
			4821.07843137255	-1901.96078431373
			4823.52941176471	-1904.41176470588
			4825.98039215686	-1906.86274509804
			4828.43137254902	-1906.86274509804
			4830.88235294118	-1909.3137254902
			4833.33333333333	-1911.76470588235
			4835.78431372549	-1911.76470588235
			4838.23529411765	-1914.21568627451
			4840.6862745098	-1916.66666666667
			4843.13725490196	-1916.66666666667
			4845.58823529412	-1919.11764705882
			4848.03921568627	-1921.56862745098
			4850.49019607843	-1921.56862745098
			4852.94117647059	-1924.01960784314
			4855.39215686275	-1926.47058823529
			4857.8431372549	-1926.47058823529
			4860.29411764706	-1928.92156862745
			4862.74509803922	-1928.92156862745
			4865.19607843137	-1931.37254901961
			4867.64705882353	-1933.82352941176
			4870.09803921569	-1933.82352941176
			4872.54901960784	-1936.27450980392
			4875	-1938.72549019608
			4877.45098039216	-1938.72549019608
			4879.90196078431	-1941.17647058824
			4882.35294117647	-1943.62745098039
			4884.80392156863	-1943.62745098039
			4887.25490196078	-1946.07843137255
			4889.70588235294	-1946.07843137255
			4892.1568627451	-1948.52941176471
			4892.1568627451	-1950.98039215686
			4894.60784313726	-1950.98039215686
			4897.05882352941	-1953.43137254902
			4899.50980392157	-1955.88235294118
			4901.96078431373	-1955.88235294118
			4904.41176470588	-1958.33333333333
			4906.86274509804	-1958.33333333333
			4909.3137254902	-1960.78431372549
			4911.76470588235	-1963.23529411765
			4914.21568627451	-1965.6862745098
			4916.66666666667	-1968.13725490196
			4919.11764705882	-1968.13725490196
			4921.56862745098	-1970.58823529412
			4924.01960784314	-1970.58823529412
			4924.01960784314	-1973.03921568627
			4926.47058823529	-1973.03921568627
			4928.92156862745	-1975.49019607843
			4931.37254901961	-1975.49019607843
			4933.82352941176	-1977.94117647059
			4936.27450980392	-1980.39215686275
			4938.72549019608	-1980.39215686275
			4941.17647058824	-1982.8431372549
			4941.17647058824	-1985.29411764706
			4943.62745098039	-1985.29411764706
			4946.07843137255	-1987.74509803922
			4948.52941176471	-1987.74509803922
			4948.52941176471	-1990.19607843137
			4950.98039215686	-1990.19607843137
			4953.43137254902	-1992.64705882353
			4955.88235294118	-1992.64705882353
			4955.88235294118	-1995.09803921569
			4958.33333333333	-1995.09803921569
			4960.78431372549	-1997.54901960784
			4963.23529411765	-2000
			4965.6862745098	-2000
			4965.6862745098	-2002.45098039216
			4968.13725490196	-2002.45098039216
			4970.58823529412	-2004.90196078431
			4973.03921568627	-2004.90196078431
			4973.03921568627	-2007.35294117647
			4975.49019607843	-2009.80392156863
			4977.94117647059	-2009.80392156863
			4980.39215686275	-2012.25490196078
			4982.8431372549	-2012.25490196078
			4982.8431372549	-2014.70588235294
			4985.29411764706	-2014.70588235294
			4987.74509803922	-2017.1568627451
			4990.19607843137	-2017.1568627451
			4990.19607843137	-2019.60784313726
			4992.64705882353	-2022.05882352941
			4995.09803921569	-2022.05882352941
			4997.54901960784	-2024.50980392157
			5000	-2024.50980392157
			5000	-2026.96078431373
			5002.45098039216	-2029.41176470588
			5004.90196078431	-2029.41176470588
			5007.35294117647	-2031.86274509804
			5009.80392156863	-2034.3137254902
			5012.25490196078	-2036.76470588235
			5014.70588235294	-2036.76470588235
			5017.1568627451	-2039.21568627451
			5019.60784313726	-2041.66666666667
			5022.05882352941	-2041.66666666667
			5024.50980392157	-2044.11764705882
			5026.96078431373	-2046.56862745098
			5029.41176470588	-2046.56862745098
			5031.86274509804	-2049.01960784314
			5034.3137254902	-2051.47058823529
			5034.3137254902	-2053.92156862745
			5036.76470588235	-2053.92156862745
			5039.21568627451	-2056.37254901961
			5041.66666666667	-2058.82352941176
			5044.11764705882	-2061.27450980392
			5046.56862745098	-2061.27450980392
			5049.01960784314	-2063.72549019608
			5051.47058823529	-2066.17647058824
			5053.92156862745	-2066.17647058824
			5056.37254901961	-2068.62745098039
			5058.82352941176	-2071.07843137255
			5061.27450980392	-2073.52941176471
			5063.72549019608	-2073.52941176471
			5066.17647058824	-2075.98039215686
			5068.62745098039	-2078.43137254902
			5071.07843137255	-2080.88235294118
			5073.52941176471	-2083.33333333333
			5075.98039215686	-2085.78431372549
			5078.43137254902	-2085.78431372549
			5078.43137254902	-2088.23529411765
			5080.88235294118	-2088.23529411765
			5083.33333333333	-2090.6862745098
			5085.78431372549	-2090.6862745098
			5085.78431372549	-2093.13725490196
			5088.23529411765	-2093.13725490196
			5090.6862745098	-2095.58823529412
			5093.13725490196	-2098.03921568627
			5095.58823529412	-2100.49019607843
			5098.03921568627	-2102.94117647059
			5100.49019607843	-2102.94117647059
			5102.94117647059	-2105.39215686275
			5105.39215686275	-2107.8431372549
			5107.8431372549	-2110.29411764706
			5110.29411764706	-2112.74509803922
			5112.74509803922	-2112.74509803922
			5115.19607843137	-2115.19607843137
			5117.64705882353	-2117.64705882353
		</C1>
		<C2 type=matrix rownames=FALSE colnames=FALSE nrow=187 ncol=2 as.numeric=TRUE >
			4191.17647058824	-3107.8431372549
			4193.62745098039	-3110.29411764706
			4193.62745098039	-3112.74509803922
			4196.07843137255	-3115.19607843137
			4198.52941176471	-3117.64705882353
			4198.52941176471	-3120.09803921569
			4200.98039215686	-3122.54901960784
			4200.98039215686	-3125
			4200.98039215686	-3127.45098039216
			4203.43137254902	-3129.90196078431
			4203.43137254902	-3132.35294117647
			4205.88235294118	-3134.80392156863
			4205.88235294118	-3137.25490196078
			4205.88235294118	-3139.70588235294
			4208.33333333333	-3142.1568627451
			4208.33333333333	-3144.60784313726
			4208.33333333333	-3147.05882352941
			4208.33333333333	-3149.50980392157
			4208.33333333333	-3151.96078431373
			4208.33333333333	-3154.41176470588
			4208.33333333333	-3156.86274509804
			4208.33333333333	-3159.3137254902
			4208.33333333333	-3161.76470588235
			4208.33333333333	-3164.21568627451
			4208.33333333333	-3166.66666666667
			4205.88235294118	-3169.11764705882
			4205.88235294118	-3171.56862745098
			4205.88235294118	-3174.01960784314
			4203.43137254902	-3176.47058823529
			4203.43137254902	-3178.92156862745
			4200.98039215686	-3181.37254901961
			4200.98039215686	-3183.82352941176
			4198.52941176471	-3186.27450980392
			4196.07843137255	-3188.72549019608
			4196.07843137255	-3191.17647058824
			4193.62745098039	-3193.62745098039
			4191.17647058824	-3196.07843137255
			4188.72549019608	-3198.52941176471
			4186.27450980392	-3198.52941176471
			4183.82352941176	-3200.98039215686
			4181.37254901961	-3203.43137254902
			4178.92156862745	-3205.88235294118
			4176.47058823529	-3208.33333333333
			4174.01960784314	-3210.78431372549
			4171.56862745098	-3210.78431372549
			4169.11764705882	-3213.23529411765
			4166.66666666667	-3213.23529411765
			4164.21568627451	-3215.6862745098
			4161.76470588235	-3215.6862745098
			4159.3137254902	-3218.13725490196
			4156.86274509804	-3220.58823529412
			4154.41176470588	-3220.58823529412
			4151.96078431373	-3223.03921568627
			4149.50980392157	-3223.03921568627
			4147.05882352941	-3223.03921568627
			4147.05882352941	-3225.49019607843
			4144.60784313726	-3225.49019607843
			4142.1568627451	-3225.49019607843
			4139.70588235294	-3227.94117647059
			4137.25490196078	-3227.94117647059
			4134.80392156863	-3227.94117647059
			4132.35294117647	-3230.39215686275
			4129.90196078431	-3230.39215686275
			4127.45098039216	-3232.8431372549
			4125	-3232.8431372549
			4122.54901960784	-3232.8431372549
			4120.09803921569	-3232.8431372549
			4117.64705882353	-3232.8431372549
			4115.19607843137	-3232.8431372549
			4112.74509803922	-3232.8431372549
			4110.29411764706	-3230.39215686275
			4107.8431372549	-3230.39215686275
			4105.39215686275	-3230.39215686275
			4102.94117647059	-3230.39215686275
			4100.49019607843	-3230.39215686275
			4098.03921568627	-3230.39215686275
			4095.58823529412	-3230.39215686275
			4093.13725490196	-3230.39215686275
			4090.6862745098	-3227.94117647059
			4088.23529411765	-3227.94117647059
			4085.78431372549	-3227.94117647059
			4083.33333333333	-3227.94117647059
			4080.88235294118	-3227.94117647059
			4078.43137254902	-3227.94117647059
			4075.98039215686	-3225.49019607843
			4073.52941176471	-3225.49019607843
			4071.07843137255	-3225.49019607843
			4068.62745098039	-3225.49019607843
			4066.17647058824	-3223.03921568627
			4063.72549019608	-3223.03921568627
			4061.27450980392	-3223.03921568627
			4058.82352941176	-3223.03921568627
			4056.37254901961	-3220.58823529412
			4053.92156862745	-3220.58823529412
			4051.47058823529	-3220.58823529412
			4049.01960784314	-3218.13725490196
			4046.56862745098	-3218.13725490196
			4044.11764705882	-3218.13725490196
			4041.66666666667	-3215.6862745098
			4039.21568627451	-3215.6862745098
			4036.76470588235	-3213.23529411765
			4034.3137254902	-3213.23529411765
			4031.86274509804	-3213.23529411765
			4031.86274509804	-3210.78431372549
			4029.41176470588	-3210.78431372549
			4026.96078431373	-3208.33333333333
			4024.50980392157	-3208.33333333333
			4022.05882352941	-3205.88235294118
			4019.60784313726	-3203.43137254902
			4017.1568627451	-3200.98039215686
			4014.70588235294	-3200.98039215686
			4012.25490196078	-3198.52941176471
			4009.80392156863	-3198.52941176471
			4009.80392156863	-3196.07843137255
			4007.35294117647	-3193.62745098039
			4004.90196078431	-3193.62745098039
			4004.90196078431	-3191.17647058824
			4002.45098039216	-3188.72549019608
			4000	-3186.27450980392
			3997.54901960784	-3183.82352941176
			3997.54901960784	-3181.37254901961
			3995.09803921569	-3178.92156862745
			3995.09803921569	-3176.47058823529
			3992.64705882353	-3174.01960784314
			3992.64705882353	-3171.56862745098
			3990.19607843137	-3169.11764705882
			3990.19607843137	-3166.66666666667
			3990.19607843137	-3164.21568627451
			3990.19607843137	-3161.76470588235
			3987.74509803922	-3159.3137254902
			3987.74509803922	-3156.86274509804
			3987.74509803922	-3154.41176470588
			3987.74509803922	-3151.96078431373
			3987.74509803922	-3149.50980392157
			3987.74509803922	-3147.05882352941
			3987.74509803922	-3144.60784313726
			3987.74509803922	-3142.1568627451
			3987.74509803922	-3139.70588235294
			3987.74509803922	-3137.25490196078
			3987.74509803922	-3134.80392156863
			3987.74509803922	-3132.35294117647
			3987.74509803922	-3129.90196078431
			3990.19607843137	-3127.45098039216
			3990.19607843137	-3125
			3990.19607843137	-3122.54901960784
			3992.64705882353	-3120.09803921569
			3992.64705882353	-3117.64705882353
			3992.64705882353	-3115.19607843137
			3992.64705882353	-3112.74509803922
			3995.09803921569	-3110.29411764706
			3995.09803921569	-3107.8431372549
			3995.09803921569	-3105.39215686275
			3997.54901960784	-3102.94117647059
			3997.54901960784	-3100.49019607843
			3997.54901960784	-3098.03921568627
			4000	-3095.58823529412
			4000	-3093.13725490196
			4000	-3090.6862745098
			4002.45098039216	-3088.23529411765
			4002.45098039216	-3085.78431372549
			4002.45098039216	-3083.33333333333
			4004.90196078431	-3080.88235294118
			4004.90196078431	-3078.43137254902
			4004.90196078431	-3075.98039215686
			4007.35294117647	-3073.52941176471
			4007.35294117647	-3071.07843137255
			4009.80392156863	-3068.62745098039
			4009.80392156863	-3066.17647058824
			4009.80392156863	-3063.72549019608
			4012.25490196078	-3061.27450980392
			4012.25490196078	-3058.82352941176
			4014.70588235294	-3056.37254901961
			4014.70588235294	-3053.92156862745
			4014.70588235294	-3051.47058823529
			4017.1568627451	-3049.01960784314
			4017.1568627451	-3046.56862745098
			4019.60784313726	-3044.11764705882
			4019.60784313726	-3041.66666666667
			4022.05882352941	-3039.21568627451
			4022.05882352941	-3036.76470588235
			4024.50980392157	-3034.3137254902
			4024.50980392157	-3031.86274509804
			4026.96078431373	-3029.41176470588
			4029.41176470588	-3026.96078431373
			4031.86274509804	-3024.50980392157
			4031.86274509804	-3022.05882352941
			4034.3137254902	-3019.60784313726
		</C2>
	</curves.scaled>
	<ruler.points type=matrix rownames=TRUE colnames=FALSE nrow=2 ncol=2 as.numeric=TRUE >
		Ruler point 1	3	1877
		Ruler point 2	105	1877
	</ruler.points>
</shapes>

