<shapes type=list>
	<ruler.pixel type=vector names=FALSE length=1 as.numeric=TRUE >102</ruler.pixel>
	<ruler.interval type=vector names=FALSE length=1 as.numeric=TRUE >250</ruler.interval>
	<scaling.units type=vector names=FALSE length=1 as.numeric=FALSE >nm</scaling.units>
	<scaling type=vector names=FALSE length=1 as.numeric=TRUE >2.45098039215686</scaling>
	<landmarks.pixel type=matrix rownames=TRUE colnames=FALSE nrow=4 ncol=2 as.numeric=TRUE >
		1-TopL	1363	668
		2-TopR	2006	853
		3-BotR	1627	1208
		4-BotL	1568	1173
	</landmarks.pixel>
	<landmarks.scaled type=matrix rownames=TRUE colnames=FALSE nrow=4 ncol=2 as.numeric=TRUE >
		1-TopL	3340.6862745098	-1637.25490196078
		2-TopR	4916.66666666667	-2090.6862745098
		3-BotR	3987.74509803922	-2960.78431372549
		4-BotL	3843.13725490196	-2875
	</landmarks.scaled>
	<curves.control type=list>
		<C1 type=matrix rownames=FALSE colnames=FALSE nrow=5 ncol=2 as.numeric=TRUE >
			1363	668
			1418	620
			1573	610
			1751	613
			2006	853
		</C1>
		<C2 type=matrix rownames=FALSE colnames=FALSE nrow=5 ncol=2 as.numeric=TRUE >
			1627	1208
			1647	1271
			1586	1266
			1534	1245
			1568	1173
		</C2>
	</curves.control>
	<curves.pixel type=list>
		<C1 type=matrix rownames=FALSE colnames=FALSE nrow=662 ncol=2 as.numeric=TRUE >
			1363	668
			1364	667
			1365	666
			1366	665
			1367	664
			1368	664
			1369	663
			1370	663
			1371	662
			1371	661
			1372	661
			1373	660
			1374	660
			1375	659
			1376	658
			1377	657
			1378	657
			1379	656
			1380	655
			1381	655
			1382	654
			1383	653
			1384	653
			1385	653
			1386	652
			1387	652
			1388	651
			1389	650
			1390	650
			1391	649
			1392	649
			1393	648
			1394	648
			1395	647
			1396	647
			1397	646
			1398	646
			1399	645
			1400	645
			1401	645
			1401	644
			1402	644
			1403	643
			1404	643
			1405	643
			1406	642
			1407	642
			1408	641
			1409	641
			1410	640
			1411	640
			1412	640
			1413	639
			1414	639
			1415	639
			1415	638
			1416	638
			1417	638
			1418	637
			1419	637
			1420	637
			1421	636
			1422	636
			1423	636
			1424	635
			1425	635
			1426	635
			1427	634
			1428	634
			1429	634
			1430	633
			1431	633
			1432	633
			1433	632
			1434	632
			1435	632
			1436	631
			1437	631
			1438	631
			1439	630
			1440	630
			1441	630
			1442	630
			1443	629
			1444	629
			1445	629
			1446	629
			1447	628
			1448	628
			1449	628
			1450	628
			1451	627
			1452	627
			1453	627
			1454	627
			1455	626
			1456	626
			1457	626
			1458	626
			1459	625
			1460	625
			1461	625
			1462	625
			1463	625
			1464	624
			1465	624
			1466	624
			1467	624
			1468	623
			1469	623
			1470	623
			1471	623
			1472	623
			1473	622
			1474	622
			1475	622
			1476	622
			1477	622
			1478	621
			1479	621
			1480	621
			1481	621
			1482	621
			1483	620
			1484	620
			1485	620
			1486	620
			1487	620
			1488	620
			1489	619
			1490	619
			1491	619
			1492	619
			1493	619
			1494	619
			1495	618
			1496	618
			1497	618
			1498	618
			1499	618
			1500	618
			1501	618
			1502	617
			1503	617
			1504	617
			1505	617
			1506	617
			1507	617
			1508	617
			1509	616
			1510	616
			1511	616
			1512	616
			1513	616
			1514	616
			1515	616
			1516	615
			1517	615
			1518	615
			1519	615
			1520	615
			1521	615
			1522	615
			1523	615
			1524	614
			1525	614
			1526	614
			1527	614
			1528	614
			1529	614
			1530	614
			1531	614
			1532	613
			1533	613
			1534	613
			1535	613
			1536	613
			1537	613
			1538	613
			1539	613
			1540	613
			1541	613
			1542	612
			1543	612
			1544	612
			1545	612
			1546	612
			1547	612
			1548	612
			1549	612
			1550	612
			1551	612
			1552	612
			1553	611
			1554	611
			1555	611
			1556	611
			1557	611
			1558	611
			1559	611
			1560	611
			1561	611
			1562	611
			1563	611
			1564	611
			1565	611
			1566	610
			1567	610
			1568	610
			1569	610
			1570	610
			1571	610
			1572	610
			1573	610
			1574	610
			1575	610
			1576	610
			1577	610
			1578	610
			1579	610
			1580	610
			1581	610
			1582	610
			1583	610
			1584	610
			1585	610
			1586	611
			1587	611
			1588	611
			1589	611
			1590	611
			1591	611
			1592	611
			1593	611
			1594	611
			1595	611
			1596	611
			1597	611
			1598	612
			1599	612
			1600	612
			1601	612
			1602	612
			1603	612
			1604	612
			1605	612
			1606	612
			1607	613
			1608	613
			1609	613
			1610	613
			1611	613
			1612	613
			1613	614
			1614	614
			1615	614
			1616	614
			1617	614
			1618	614
			1619	615
			1620	615
			1621	615
			1622	615
			1623	615
			1624	615
			1625	616
			1626	616
			1627	616
			1628	616
			1629	616
			1630	617
			1631	617
			1632	617
			1633	617
			1634	617
			1635	618
			1636	618
			1637	618
			1638	618
			1639	619
			1640	619
			1641	619
			1642	619
			1643	620
			1644	620
			1645	620
			1646	620
			1647	621
			1648	621
			1649	621
			1650	621
			1651	622
			1652	622
			1653	622
			1654	623
			1655	623
			1656	623
			1657	623
			1658	624
			1659	624
			1660	624
			1661	625
			1662	625
			1663	625
			1664	626
			1665	626
			1666	626
			1667	626
			1668	627
			1669	627
			1670	627
			1671	628
			1672	628
			1673	628
			1674	628
			1674	629
			1675	629
			1676	629
			1677	630
			1678	630
			1679	630
			1680	631
			1681	631
			1682	631
			1683	632
			1684	632
			1685	633
			1686	633
			1687	633
			1688	634
			1689	634
			1690	635
			1691	635
			1692	635
			1693	635
			1694	636
			1695	636
			1696	637
			1697	637
			1698	637
			1699	638
			1700	638
			1701	639
			1702	639
			1703	639
			1704	640
			1705	640
			1706	641
			1707	641
			1708	641
			1709	642
			1710	642
			1711	643
			1712	643
			1713	644
			1714	644
			1715	644
			1716	645
			1717	645
			1718	646
			1719	646
			1720	647
			1721	647
			1722	648
			1723	648
			1724	648
			1724	649
			1725	649
			1726	649
			1726	650
			1727	650
			1728	650
			1729	651
			1730	651
			1731	652
			1732	652
			1733	653
			1734	653
			1735	654
			1736	654
			1737	655
			1738	655
			1739	656
			1740	656
			1741	657
			1742	657
			1743	658
			1744	658
			1745	659
			1746	659
			1747	660
			1748	661
			1749	661
			1750	661
			1751	662
			1752	662
			1753	663
			1754	663
			1755	664
			1756	664
			1757	665
			1758	665
			1759	666
			1760	667
			1761	667
			1762	668
			1763	668
			1764	669
			1765	670
			1766	670
			1767	670
			1768	671
			1769	671
			1769	672
			1770	672
			1771	673
			1772	673
			1773	674
			1774	674
			1775	675
			1776	676
			1777	676
			1778	677
			1779	677
			1780	678
			1781	678
			1782	679
			1783	679
			1784	680
			1785	681
			1786	681
			1787	682
			1788	682
			1789	683
			1790	683
			1791	684
			1791	685
			1792	685
			1793	686
			1794	686
			1795	687
			1796	688
			1797	688
			1798	689
			1799	689
			1800	690
			1801	691
			1802	691
			1803	692
			1804	692
			1805	693
			1806	694
			1807	694
			1808	695
			1809	696
			1810	696
			1811	697
			1812	697
			1813	698
			1814	699
			1815	699
			1816	700
			1817	701
			1818	701
			1819	702
			1820	703
			1821	703
			1822	704
			1823	704
			1824	705
			1825	706
			1826	706
			1827	707
			1828	708
			1829	708
			1830	709
			1831	710
			1832	711
			1833	711
			1834	712
			1835	713
			1836	713
			1837	714
			1838	715
			1839	715
			1840	716
			1841	717
			1842	717
			1843	718
			1844	719
			1845	720
			1846	720
			1847	721
			1848	722
			1849	722
			1850	723
			1851	724
			1852	725
			1853	725
			1854	726
			1855	727
			1856	727
			1857	728
			1858	729
			1859	730
			1860	730
			1861	731
			1862	732
			1863	733
			1864	733
			1865	734
			1866	735
			1867	736
			1868	736
			1869	737
			1870	738
			1871	739
			1872	739
			1873	740
			1874	741
			1875	742
			1876	743
			1877	743
			1878	744
			1879	744
			1879	745
			1880	745
			1881	746
			1882	747
			1883	748
			1884	749
			1885	749
			1886	750
			1887	750
			1887	751
			1888	751
			1889	752
			1890	753
			1891	754
			1892	754
			1893	755
			1894	756
			1895	757
			1896	757
			1896	758
			1897	759
			1898	759
			1899	760
			1900	761
			1901	762
			1902	762
			1903	763
			1904	764
			1905	765
			1906	765
			1906	766
			1907	767
			1908	767
			1909	768
			1910	769
			1911	770
			1912	770
			1913	771
			1914	772
			1915	773
			1916	773
			1916	774
			1917	775
			1918	776
			1919	776
			1920	777
			1921	778
			1922	779
			1923	779
			1924	780
			1925	781
			1926	782
			1927	782
			1927	783
			1928	784
			1929	785
			1930	786
			1931	786
			1932	787
			1933	788
			1934	789
			1935	789
			1936	790
			1937	791
			1938	792
			1939	793
			1940	793
			1940	794
			1941	795
			1942	796
			1943	797
			1944	797
			1945	798
			1946	799
			1947	800
			1948	801
			1949	801
			1950	802
			1951	803
			1952	804
			1953	805
			1954	805
			1954	806
			1955	807
			1956	808
			1957	809
			1958	810
			1959	810
			1960	811
			1961	812
			1962	813
			1963	814
			1964	815
			1965	815
			1966	816
			1967	817
			1968	818
			1969	819
			1970	820
			1971	820
			1971	821
			1972	822
			1973	823
			1974	824
			1975	825
			1976	826
			1977	826
			1978	827
			1979	828
			1980	829
			1981	830
			1982	831
			1983	832
			1984	832
			1985	833
			1986	834
			1987	835
			1988	836
			1989	837
			1990	838
			1991	839
			1992	839
			1992	840
			1993	841
			1994	842
			1995	843
			1996	844
			1997	845
			1998	846
			1999	847
			2000	848
			2001	848
			2002	849
			2003	850
			2004	851
			2005	852
			2006	853
		</C1>
		<C2 type=matrix rownames=FALSE colnames=FALSE nrow=201 ncol=2 as.numeric=TRUE >
			1627	1208
			1627	1209
			1628	1210
			1628	1211
			1628	1212
			1628	1213
			1629	1213
			1629	1214
			1629	1215
			1629	1216
			1630	1217
			1630	1218
			1630	1219
			1630	1220
			1630	1221
			1631	1222
			1631	1223
			1631	1224
			1631	1225
			1631	1226
			1631	1227
			1631	1228
			1632	1228
			1632	1229
			1632	1230
			1632	1231
			1632	1232
			1632	1233
			1632	1234
			1632	1235
			1632	1236
			1632	1237
			1632	1238
			1632	1239
			1632	1240
			1632	1241
			1631	1241
			1631	1242
			1631	1243
			1631	1244
			1631	1245
			1631	1246
			1630	1246
			1630	1247
			1630	1248
			1630	1249
			1629	1249
			1629	1250
			1629	1251
			1628	1251
			1628	1252
			1628	1253
			1627	1253
			1627	1254
			1626	1254
			1626	1255
			1626	1256
			1625	1256
			1625	1257
			1624	1257
			1624	1258
			1623	1258
			1622	1259
			1621	1260
			1620	1260
			1619	1261
			1618	1262
			1617	1262
			1616	1263
			1615	1263
			1614	1263
			1613	1264
			1612	1264
			1611	1264
			1610	1265
			1609	1265
			1608	1265
			1607	1265
			1606	1265
			1605	1266
			1604	1266
			1603	1266
			1602	1266
			1601	1266
			1600	1266
			1599	1266
			1598	1266
			1597	1266
			1596	1266
			1595	1266
			1594	1266
			1593	1266
			1592	1266
			1591	1266
			1590	1266
			1589	1266
			1588	1266
			1587	1266
			1586	1266
			1585	1266
			1584	1265
			1583	1265
			1582	1264
			1581	1264
			1580	1263
			1579	1263
			1578	1262
			1577	1262
			1576	1261
			1575	1260
			1574	1260
			1573	1259
			1572	1259
			1572	1258
			1571	1257
			1570	1257
			1569	1256
			1568	1255
			1567	1254
			1566	1253
			1565	1252
			1564	1251
			1563	1250
			1563	1249
			1562	1248
			1561	1247
			1561	1246
			1560	1245
			1560	1244
			1559	1243
			1559	1242
			1558	1241
			1558	1240
			1557	1239
			1557	1238
			1557	1237
			1556	1236
			1556	1235
			1556	1234
			1556	1233
			1555	1232
			1555	1231
			1555	1230
			1555	1229
			1555	1228
			1555	1227
			1555	1226
			1555	1225
			1555	1224
			1555	1223
			1555	1222
			1555	1221
			1555	1220
			1555	1219
			1555	1218
			1555	1217
			1555	1216
			1555	1215
			1555	1214
			1555	1213
			1555	1212
			1555	1211
			1556	1210
			1556	1209
			1556	1208
			1556	1207
			1556	1206
			1557	1205
			1557	1204
			1557	1203
			1557	1202
			1558	1201
			1558	1200
			1558	1199
			1558	1198
			1559	1197
			1559	1196
			1559	1195
			1560	1194
			1560	1193
			1560	1192
			1561	1191
			1561	1190
			1561	1189
			1562	1188
			1562	1187
			1562	1186
			1563	1186
			1563	1185
			1563	1184
			1563	1183
			1564	1182
			1565	1181
			1565	1180
			1565	1179
			1566	1178
			1566	1177
			1567	1176
			1567	1175
			1568	1174
			1568	1173
		</C2>
	</curves.pixel>
	<curves.scaled type=list>
		<C1 type=matrix rownames=FALSE colnames=FALSE nrow=662 ncol=2 as.numeric=TRUE >
			3340.6862745098	-1637.25490196078
			3343.13725490196	-1634.80392156863
			3345.58823529412	-1632.35294117647
			3348.03921568627	-1629.90196078431
			3350.49019607843	-1627.45098039216
			3352.94117647059	-1627.45098039216
			3355.39215686275	-1625
			3357.8431372549	-1625
			3360.29411764706	-1622.54901960784
			3360.29411764706	-1620.09803921569
			3362.74509803922	-1620.09803921569
			3365.19607843137	-1617.64705882353
			3367.64705882353	-1617.64705882353
			3370.09803921569	-1615.19607843137
			3372.54901960784	-1612.74509803922
			3375	-1610.29411764706
			3377.45098039216	-1610.29411764706
			3379.90196078431	-1607.8431372549
			3382.35294117647	-1605.39215686275
			3384.80392156863	-1605.39215686275
			3387.25490196078	-1602.94117647059
			3389.70588235294	-1600.49019607843
			3392.1568627451	-1600.49019607843
			3394.60784313726	-1600.49019607843
			3397.05882352941	-1598.03921568627
			3399.50980392157	-1598.03921568627
			3401.96078431373	-1595.58823529412
			3404.41176470588	-1593.13725490196
			3406.86274509804	-1593.13725490196
			3409.3137254902	-1590.6862745098
			3411.76470588235	-1590.6862745098
			3414.21568627451	-1588.23529411765
			3416.66666666667	-1588.23529411765
			3419.11764705882	-1585.78431372549
			3421.56862745098	-1585.78431372549
			3424.01960784314	-1583.33333333333
			3426.47058823529	-1583.33333333333
			3428.92156862745	-1580.88235294118
			3431.37254901961	-1580.88235294118
			3433.82352941176	-1580.88235294118
			3433.82352941176	-1578.43137254902
			3436.27450980392	-1578.43137254902
			3438.72549019608	-1575.98039215686
			3441.17647058824	-1575.98039215686
			3443.62745098039	-1575.98039215686
			3446.07843137255	-1573.52941176471
			3448.52941176471	-1573.52941176471
			3450.98039215686	-1571.07843137255
			3453.43137254902	-1571.07843137255
			3455.88235294118	-1568.62745098039
			3458.33333333333	-1568.62745098039
			3460.78431372549	-1568.62745098039
			3463.23529411765	-1566.17647058824
			3465.6862745098	-1566.17647058824
			3468.13725490196	-1566.17647058824
			3468.13725490196	-1563.72549019608
			3470.58823529412	-1563.72549019608
			3473.03921568627	-1563.72549019608
			3475.49019607843	-1561.27450980392
			3477.94117647059	-1561.27450980392
			3480.39215686275	-1561.27450980392
			3482.8431372549	-1558.82352941176
			3485.29411764706	-1558.82352941176
			3487.74509803922	-1558.82352941176
			3490.19607843137	-1556.37254901961
			3492.64705882353	-1556.37254901961
			3495.09803921569	-1556.37254901961
			3497.54901960784	-1553.92156862745
			3500	-1553.92156862745
			3502.45098039216	-1553.92156862745
			3504.90196078431	-1551.47058823529
			3507.35294117647	-1551.47058823529
			3509.80392156863	-1551.47058823529
			3512.25490196078	-1549.01960784314
			3514.70588235294	-1549.01960784314
			3517.1568627451	-1549.01960784314
			3519.60784313726	-1546.56862745098
			3522.05882352941	-1546.56862745098
			3524.50980392157	-1546.56862745098
			3526.96078431373	-1544.11764705882
			3529.41176470588	-1544.11764705882
			3531.86274509804	-1544.11764705882
			3534.3137254902	-1544.11764705882
			3536.76470588235	-1541.66666666667
			3539.21568627451	-1541.66666666667
			3541.66666666667	-1541.66666666667
			3544.11764705882	-1541.66666666667
			3546.56862745098	-1539.21568627451
			3549.01960784314	-1539.21568627451
			3551.47058823529	-1539.21568627451
			3553.92156862745	-1539.21568627451
			3556.37254901961	-1536.76470588235
			3558.82352941176	-1536.76470588235
			3561.27450980392	-1536.76470588235
			3563.72549019608	-1536.76470588235
			3566.17647058824	-1534.3137254902
			3568.62745098039	-1534.3137254902
			3571.07843137255	-1534.3137254902
			3573.52941176471	-1534.3137254902
			3575.98039215686	-1531.86274509804
			3578.43137254902	-1531.86274509804
			3580.88235294118	-1531.86274509804
			3583.33333333333	-1531.86274509804
			3585.78431372549	-1531.86274509804
			3588.23529411765	-1529.41176470588
			3590.6862745098	-1529.41176470588
			3593.13725490196	-1529.41176470588
			3595.58823529412	-1529.41176470588
			3598.03921568627	-1526.96078431373
			3600.49019607843	-1526.96078431373
			3602.94117647059	-1526.96078431373
			3605.39215686275	-1526.96078431373
			3607.8431372549	-1526.96078431373
			3610.29411764706	-1524.50980392157
			3612.74509803922	-1524.50980392157
			3615.19607843137	-1524.50980392157
			3617.64705882353	-1524.50980392157
			3620.09803921569	-1524.50980392157
			3622.54901960784	-1522.05882352941
			3625	-1522.05882352941
			3627.45098039216	-1522.05882352941
			3629.90196078431	-1522.05882352941
			3632.35294117647	-1522.05882352941
			3634.80392156863	-1519.60784313726
			3637.25490196078	-1519.60784313726
			3639.70588235294	-1519.60784313726
			3642.1568627451	-1519.60784313726
			3644.60784313726	-1519.60784313726
			3647.05882352941	-1519.60784313726
			3649.50980392157	-1517.1568627451
			3651.96078431373	-1517.1568627451
			3654.41176470588	-1517.1568627451
			3656.86274509804	-1517.1568627451
			3659.3137254902	-1517.1568627451
			3661.76470588235	-1517.1568627451
			3664.21568627451	-1514.70588235294
			3666.66666666667	-1514.70588235294
			3669.11764705882	-1514.70588235294
			3671.56862745098	-1514.70588235294
			3674.01960784314	-1514.70588235294
			3676.47058823529	-1514.70588235294
			3678.92156862745	-1514.70588235294
			3681.37254901961	-1512.25490196078
			3683.82352941176	-1512.25490196078
			3686.27450980392	-1512.25490196078
			3688.72549019608	-1512.25490196078
			3691.17647058824	-1512.25490196078
			3693.62745098039	-1512.25490196078
			3696.07843137255	-1512.25490196078
			3698.52941176471	-1509.80392156863
			3700.98039215686	-1509.80392156863
			3703.43137254902	-1509.80392156863
			3705.88235294118	-1509.80392156863
			3708.33333333333	-1509.80392156863
			3710.78431372549	-1509.80392156863
			3713.23529411765	-1509.80392156863
			3715.6862745098	-1507.35294117647
			3718.13725490196	-1507.35294117647
			3720.58823529412	-1507.35294117647
			3723.03921568627	-1507.35294117647
			3725.49019607843	-1507.35294117647
			3727.94117647059	-1507.35294117647
			3730.39215686275	-1507.35294117647
			3732.8431372549	-1507.35294117647
			3735.29411764706	-1504.90196078431
			3737.74509803922	-1504.90196078431
			3740.19607843137	-1504.90196078431
			3742.64705882353	-1504.90196078431
			3745.09803921569	-1504.90196078431
			3747.54901960784	-1504.90196078431
			3750	-1504.90196078431
			3752.45098039216	-1504.90196078431
			3754.90196078431	-1502.45098039216
			3757.35294117647	-1502.45098039216
			3759.80392156863	-1502.45098039216
			3762.25490196078	-1502.45098039216
			3764.70588235294	-1502.45098039216
			3767.1568627451	-1502.45098039216
			3769.60784313726	-1502.45098039216
			3772.05882352941	-1502.45098039216
			3774.50980392157	-1502.45098039216
			3776.96078431373	-1502.45098039216
			3779.41176470588	-1500
			3781.86274509804	-1500
			3784.3137254902	-1500
			3786.76470588235	-1500
			3789.21568627451	-1500
			3791.66666666667	-1500
			3794.11764705882	-1500
			3796.56862745098	-1500
			3799.01960784314	-1500
			3801.47058823529	-1500
			3803.92156862745	-1500
			3806.37254901961	-1497.54901960784
			3808.82352941176	-1497.54901960784
			3811.27450980392	-1497.54901960784
			3813.72549019608	-1497.54901960784
			3816.17647058824	-1497.54901960784
			3818.62745098039	-1497.54901960784
			3821.07843137255	-1497.54901960784
			3823.52941176471	-1497.54901960784
			3825.98039215686	-1497.54901960784
			3828.43137254902	-1497.54901960784
			3830.88235294118	-1497.54901960784
			3833.33333333333	-1497.54901960784
			3835.78431372549	-1497.54901960784
			3838.23529411765	-1495.09803921569
			3840.6862745098	-1495.09803921569
			3843.13725490196	-1495.09803921569
			3845.58823529412	-1495.09803921569
			3848.03921568627	-1495.09803921569
			3850.49019607843	-1495.09803921569
			3852.94117647059	-1495.09803921569
			3855.39215686275	-1495.09803921569
			3857.8431372549	-1495.09803921569
			3860.29411764706	-1495.09803921569
			3862.74509803922	-1495.09803921569
			3865.19607843137	-1495.09803921569
			3867.64705882353	-1495.09803921569
			3870.09803921569	-1495.09803921569
			3872.54901960784	-1495.09803921569
			3875	-1495.09803921569
			3877.45098039216	-1495.09803921569
			3879.90196078431	-1495.09803921569
			3882.35294117647	-1495.09803921569
			3884.80392156863	-1495.09803921569
			3887.25490196078	-1497.54901960784
			3889.70588235294	-1497.54901960784
			3892.1568627451	-1497.54901960784
			3894.60784313726	-1497.54901960784
			3897.05882352941	-1497.54901960784
			3899.50980392157	-1497.54901960784
			3901.96078431373	-1497.54901960784
			3904.41176470588	-1497.54901960784
			3906.86274509804	-1497.54901960784
			3909.3137254902	-1497.54901960784
			3911.76470588235	-1497.54901960784
			3914.21568627451	-1497.54901960784
			3916.66666666667	-1500
			3919.11764705882	-1500
			3921.56862745098	-1500
			3924.01960784314	-1500
			3926.47058823529	-1500
			3928.92156862745	-1500
			3931.37254901961	-1500
			3933.82352941176	-1500
			3936.27450980392	-1500
			3938.72549019608	-1502.45098039216
			3941.17647058824	-1502.45098039216
			3943.62745098039	-1502.45098039216
			3946.07843137255	-1502.45098039216
			3948.52941176471	-1502.45098039216
			3950.98039215686	-1502.45098039216
			3953.43137254902	-1504.90196078431
			3955.88235294118	-1504.90196078431
			3958.33333333333	-1504.90196078431
			3960.78431372549	-1504.90196078431
			3963.23529411765	-1504.90196078431
			3965.6862745098	-1504.90196078431
			3968.13725490196	-1507.35294117647
			3970.58823529412	-1507.35294117647
			3973.03921568627	-1507.35294117647
			3975.49019607843	-1507.35294117647
			3977.94117647059	-1507.35294117647
			3980.39215686275	-1507.35294117647
			3982.8431372549	-1509.80392156863
			3985.29411764706	-1509.80392156863
			3987.74509803922	-1509.80392156863
			3990.19607843137	-1509.80392156863
			3992.64705882353	-1509.80392156863
			3995.09803921569	-1512.25490196078
			3997.54901960784	-1512.25490196078
			4000	-1512.25490196078
			4002.45098039216	-1512.25490196078
			4004.90196078431	-1512.25490196078
			4007.35294117647	-1514.70588235294
			4009.80392156863	-1514.70588235294
			4012.25490196078	-1514.70588235294
			4014.70588235294	-1514.70588235294
			4017.1568627451	-1517.1568627451
			4019.60784313726	-1517.1568627451
			4022.05882352941	-1517.1568627451
			4024.50980392157	-1517.1568627451
			4026.96078431373	-1519.60784313726
			4029.41176470588	-1519.60784313726
			4031.86274509804	-1519.60784313726
			4034.3137254902	-1519.60784313726
			4036.76470588235	-1522.05882352941
			4039.21568627451	-1522.05882352941
			4041.66666666667	-1522.05882352941
			4044.11764705882	-1522.05882352941
			4046.56862745098	-1524.50980392157
			4049.01960784314	-1524.50980392157
			4051.47058823529	-1524.50980392157
			4053.92156862745	-1526.96078431373
			4056.37254901961	-1526.96078431373
			4058.82352941176	-1526.96078431373
			4061.27450980392	-1526.96078431373
			4063.72549019608	-1529.41176470588
			4066.17647058824	-1529.41176470588
			4068.62745098039	-1529.41176470588
			4071.07843137255	-1531.86274509804
			4073.52941176471	-1531.86274509804
			4075.98039215686	-1531.86274509804
			4078.43137254902	-1534.3137254902
			4080.88235294118	-1534.3137254902
			4083.33333333333	-1534.3137254902
			4085.78431372549	-1534.3137254902
			4088.23529411765	-1536.76470588235
			4090.6862745098	-1536.76470588235
			4093.13725490196	-1536.76470588235
			4095.58823529412	-1539.21568627451
			4098.03921568627	-1539.21568627451
			4100.49019607843	-1539.21568627451
			4102.94117647059	-1539.21568627451
			4102.94117647059	-1541.66666666667
			4105.39215686275	-1541.66666666667
			4107.8431372549	-1541.66666666667
			4110.29411764706	-1544.11764705882
			4112.74509803922	-1544.11764705882
			4115.19607843137	-1544.11764705882
			4117.64705882353	-1546.56862745098
			4120.09803921569	-1546.56862745098
			4122.54901960784	-1546.56862745098
			4125	-1549.01960784314
			4127.45098039216	-1549.01960784314
			4129.90196078431	-1551.47058823529
			4132.35294117647	-1551.47058823529
			4134.80392156863	-1551.47058823529
			4137.25490196078	-1553.92156862745
			4139.70588235294	-1553.92156862745
			4142.1568627451	-1556.37254901961
			4144.60784313726	-1556.37254901961
			4147.05882352941	-1556.37254901961
			4149.50980392157	-1556.37254901961
			4151.96078431373	-1558.82352941176
			4154.41176470588	-1558.82352941176
			4156.86274509804	-1561.27450980392
			4159.3137254902	-1561.27450980392
			4161.76470588235	-1561.27450980392
			4164.21568627451	-1563.72549019608
			4166.66666666667	-1563.72549019608
			4169.11764705882	-1566.17647058824
			4171.56862745098	-1566.17647058824
			4174.01960784314	-1566.17647058824
			4176.47058823529	-1568.62745098039
			4178.92156862745	-1568.62745098039
			4181.37254901961	-1571.07843137255
			4183.82352941176	-1571.07843137255
			4186.27450980392	-1571.07843137255
			4188.72549019608	-1573.52941176471
			4191.17647058824	-1573.52941176471
			4193.62745098039	-1575.98039215686
			4196.07843137255	-1575.98039215686
			4198.52941176471	-1578.43137254902
			4200.98039215686	-1578.43137254902
			4203.43137254902	-1578.43137254902
			4205.88235294118	-1580.88235294118
			4208.33333333333	-1580.88235294118
			4210.78431372549	-1583.33333333333
			4213.23529411765	-1583.33333333333
			4215.6862745098	-1585.78431372549
			4218.13725490196	-1585.78431372549
			4220.58823529412	-1588.23529411765
			4223.03921568627	-1588.23529411765
			4225.49019607843	-1588.23529411765
			4225.49019607843	-1590.6862745098
			4227.94117647059	-1590.6862745098
			4230.39215686275	-1590.6862745098
			4230.39215686275	-1593.13725490196
			4232.8431372549	-1593.13725490196
			4235.29411764706	-1593.13725490196
			4237.74509803922	-1595.58823529412
			4240.19607843137	-1595.58823529412
			4242.64705882353	-1598.03921568627
			4245.09803921569	-1598.03921568627
			4247.54901960784	-1600.49019607843
			4250	-1600.49019607843
			4252.45098039216	-1602.94117647059
			4254.90196078431	-1602.94117647059
			4257.35294117647	-1605.39215686275
			4259.80392156863	-1605.39215686275
			4262.25490196078	-1607.8431372549
			4264.70588235294	-1607.8431372549
			4267.1568627451	-1610.29411764706
			4269.60784313726	-1610.29411764706
			4272.05882352941	-1612.74509803922
			4274.50980392157	-1612.74509803922
			4276.96078431373	-1615.19607843137
			4279.41176470588	-1615.19607843137
			4281.86274509804	-1617.64705882353
			4284.3137254902	-1620.09803921569
			4286.76470588235	-1620.09803921569
			4289.21568627451	-1620.09803921569
			4291.66666666667	-1622.54901960784
			4294.11764705882	-1622.54901960784
			4296.56862745098	-1625
			4299.01960784314	-1625
			4301.47058823529	-1627.45098039216
			4303.92156862745	-1627.45098039216
			4306.37254901961	-1629.90196078431
			4308.82352941176	-1629.90196078431
			4311.27450980392	-1632.35294117647
			4313.72549019608	-1634.80392156863
			4316.17647058824	-1634.80392156863
			4318.62745098039	-1637.25490196078
			4321.07843137255	-1637.25490196078
			4323.52941176471	-1639.70588235294
			4325.98039215686	-1642.1568627451
			4328.43137254902	-1642.1568627451
			4330.88235294118	-1642.1568627451
			4333.33333333333	-1644.60784313726
			4335.78431372549	-1644.60784313726
			4335.78431372549	-1647.05882352941
			4338.23529411765	-1647.05882352941
			4340.6862745098	-1649.50980392157
			4343.13725490196	-1649.50980392157
			4345.58823529412	-1651.96078431373
			4348.03921568627	-1651.96078431373
			4350.49019607843	-1654.41176470588
			4352.94117647059	-1656.86274509804
			4355.39215686275	-1656.86274509804
			4357.8431372549	-1659.3137254902
			4360.29411764706	-1659.3137254902
			4362.74509803922	-1661.76470588235
			4365.19607843137	-1661.76470588235
			4367.64705882353	-1664.21568627451
			4370.09803921569	-1664.21568627451
			4372.54901960784	-1666.66666666667
			4375	-1669.11764705882
			4377.45098039216	-1669.11764705882
			4379.90196078431	-1671.56862745098
			4382.35294117647	-1671.56862745098
			4384.80392156863	-1674.01960784314
			4387.25490196078	-1674.01960784314
			4389.70588235294	-1676.47058823529
			4389.70588235294	-1678.92156862745
			4392.1568627451	-1678.92156862745
			4394.60784313726	-1681.37254901961
			4397.05882352941	-1681.37254901961
			4399.50980392157	-1683.82352941176
			4401.96078431373	-1686.27450980392
			4404.41176470588	-1686.27450980392
			4406.86274509804	-1688.72549019608
			4409.3137254902	-1688.72549019608
			4411.76470588235	-1691.17647058824
			4414.21568627451	-1693.62745098039
			4416.66666666667	-1693.62745098039
			4419.11764705882	-1696.07843137255
			4421.56862745098	-1696.07843137255
			4424.01960784314	-1698.52941176471
			4426.47058823529	-1700.98039215686
			4428.92156862745	-1700.98039215686
			4431.37254901961	-1703.43137254902
			4433.82352941176	-1705.88235294118
			4436.27450980392	-1705.88235294118
			4438.72549019608	-1708.33333333333
			4441.17647058824	-1708.33333333333
			4443.62745098039	-1710.78431372549
			4446.07843137255	-1713.23529411765
			4448.52941176471	-1713.23529411765
			4450.98039215686	-1715.6862745098
			4453.43137254902	-1718.13725490196
			4455.88235294118	-1718.13725490196
			4458.33333333333	-1720.58823529412
			4460.78431372549	-1723.03921568627
			4463.23529411765	-1723.03921568627
			4465.6862745098	-1725.49019607843
			4468.13725490196	-1725.49019607843
			4470.58823529412	-1727.94117647059
			4473.03921568627	-1730.39215686275
			4475.49019607843	-1730.39215686275
			4477.94117647059	-1732.8431372549
			4480.39215686275	-1735.29411764706
			4482.8431372549	-1735.29411764706
			4485.29411764706	-1737.74509803922
			4487.74509803922	-1740.19607843137
			4490.19607843137	-1742.64705882353
			4492.64705882353	-1742.64705882353
			4495.09803921569	-1745.09803921569
			4497.54901960784	-1747.54901960784
			4500	-1747.54901960784
			4502.45098039216	-1750
			4504.90196078431	-1752.45098039216
			4507.35294117647	-1752.45098039216
			4509.80392156863	-1754.90196078431
			4512.25490196078	-1757.35294117647
			4514.70588235294	-1757.35294117647
			4517.1568627451	-1759.80392156863
			4519.60784313726	-1762.25490196078
			4522.05882352941	-1764.70588235294
			4524.50980392157	-1764.70588235294
			4526.96078431373	-1767.1568627451
			4529.41176470588	-1769.60784313726
			4531.86274509804	-1769.60784313726
			4534.3137254902	-1772.05882352941
			4536.76470588235	-1774.50980392157
			4539.21568627451	-1776.96078431373
			4541.66666666667	-1776.96078431373
			4544.11764705882	-1779.41176470588
			4546.56862745098	-1781.86274509804
			4549.01960784314	-1781.86274509804
			4551.47058823529	-1784.3137254902
			4553.92156862745	-1786.76470588235
			4556.37254901961	-1789.21568627451
			4558.82352941176	-1789.21568627451
			4561.27450980392	-1791.66666666667
			4563.72549019608	-1794.11764705882
			4566.17647058824	-1796.56862745098
			4568.62745098039	-1796.56862745098
			4571.07843137255	-1799.01960784314
			4573.52941176471	-1801.47058823529
			4575.98039215686	-1803.92156862745
			4578.43137254902	-1803.92156862745
			4580.88235294118	-1806.37254901961
			4583.33333333333	-1808.82352941176
			4585.78431372549	-1811.27450980392
			4588.23529411765	-1811.27450980392
			4590.6862745098	-1813.72549019608
			4593.13725490196	-1816.17647058824
			4595.58823529412	-1818.62745098039
			4598.03921568627	-1821.07843137255
			4600.49019607843	-1821.07843137255
			4602.94117647059	-1823.52941176471
			4605.39215686275	-1823.52941176471
			4605.39215686275	-1825.98039215686
			4607.8431372549	-1825.98039215686
			4610.29411764706	-1828.43137254902
			4612.74509803922	-1830.88235294118
			4615.19607843137	-1833.33333333333
			4617.64705882353	-1835.78431372549
			4620.09803921569	-1835.78431372549
			4622.54901960784	-1838.23529411765
			4625	-1838.23529411765
			4625	-1840.6862745098
			4627.45098039216	-1840.6862745098
			4629.90196078431	-1843.13725490196
			4632.35294117647	-1845.58823529412
			4634.80392156863	-1848.03921568627
			4637.25490196078	-1848.03921568627
			4639.70588235294	-1850.49019607843
			4642.1568627451	-1852.94117647059
			4644.60784313726	-1855.39215686275
			4647.05882352941	-1855.39215686275
			4647.05882352941	-1857.8431372549
			4649.50980392157	-1860.29411764706
			4651.96078431373	-1860.29411764706
			4654.41176470588	-1862.74509803922
			4656.86274509804	-1865.19607843137
			4659.3137254902	-1867.64705882353
			4661.76470588235	-1867.64705882353
			4664.21568627451	-1870.09803921569
			4666.66666666667	-1872.54901960784
			4669.11764705882	-1875
			4671.56862745098	-1875
			4671.56862745098	-1877.45098039216
			4674.01960784314	-1879.90196078431
			4676.47058823529	-1879.90196078431
			4678.92156862745	-1882.35294117647
			4681.37254901961	-1884.80392156863
			4683.82352941176	-1887.25490196078
			4686.27450980392	-1887.25490196078
			4688.72549019608	-1889.70588235294
			4691.17647058824	-1892.1568627451
			4693.62745098039	-1894.60784313726
			4696.07843137255	-1894.60784313726
			4696.07843137255	-1897.05882352941
			4698.52941176471	-1899.50980392157
			4700.98039215686	-1901.96078431373
			4703.43137254902	-1901.96078431373
			4705.88235294118	-1904.41176470588
			4708.33333333333	-1906.86274509804
			4710.78431372549	-1909.3137254902
			4713.23529411765	-1909.3137254902
			4715.6862745098	-1911.76470588235
			4718.13725490196	-1914.21568627451
			4720.58823529412	-1916.66666666667
			4723.03921568627	-1916.66666666667
			4723.03921568627	-1919.11764705882
			4725.49019607843	-1921.56862745098
			4727.94117647059	-1924.01960784314
			4730.39215686275	-1926.47058823529
			4732.8431372549	-1926.47058823529
			4735.29411764706	-1928.92156862745
			4737.74509803922	-1931.37254901961
			4740.19607843137	-1933.82352941176
			4742.64705882353	-1933.82352941176
			4745.09803921569	-1936.27450980392
			4747.54901960784	-1938.72549019608
			4750	-1941.17647058824
			4752.45098039216	-1943.62745098039
			4754.90196078431	-1943.62745098039
			4754.90196078431	-1946.07843137255
			4757.35294117647	-1948.52941176471
			4759.80392156863	-1950.98039215686
			4762.25490196078	-1953.43137254902
			4764.70588235294	-1953.43137254902
			4767.1568627451	-1955.88235294118
			4769.60784313726	-1958.33333333333
			4772.05882352941	-1960.78431372549
			4774.50980392157	-1963.23529411765
			4776.96078431373	-1963.23529411765
			4779.41176470588	-1965.6862745098
			4781.86274509804	-1968.13725490196
			4784.3137254902	-1970.58823529412
			4786.76470588235	-1973.03921568627
			4789.21568627451	-1973.03921568627
			4789.21568627451	-1975.49019607843
			4791.66666666667	-1977.94117647059
			4794.11764705882	-1980.39215686275
			4796.56862745098	-1982.8431372549
			4799.01960784314	-1985.29411764706
			4801.47058823529	-1985.29411764706
			4803.92156862745	-1987.74509803922
			4806.37254901961	-1990.19607843137
			4808.82352941176	-1992.64705882353
			4811.27450980392	-1995.09803921569
			4813.72549019608	-1997.54901960784
			4816.17647058824	-1997.54901960784
			4818.62745098039	-2000
			4821.07843137255	-2002.45098039216
			4823.52941176471	-2004.90196078431
			4825.98039215686	-2007.35294117647
			4828.43137254902	-2009.80392156863
			4830.88235294118	-2009.80392156863
			4830.88235294118	-2012.25490196078
			4833.33333333333	-2014.70588235294
			4835.78431372549	-2017.1568627451
			4838.23529411765	-2019.60784313726
			4840.6862745098	-2022.05882352941
			4843.13725490196	-2024.50980392157
			4845.58823529412	-2024.50980392157
			4848.03921568627	-2026.96078431373
			4850.49019607843	-2029.41176470588
			4852.94117647059	-2031.86274509804
			4855.39215686275	-2034.3137254902
			4857.8431372549	-2036.76470588235
			4860.29411764706	-2039.21568627451
			4862.74509803922	-2039.21568627451
			4865.19607843137	-2041.66666666667
			4867.64705882353	-2044.11764705882
			4870.09803921569	-2046.56862745098
			4872.54901960784	-2049.01960784314
			4875	-2051.47058823529
			4877.45098039216	-2053.92156862745
			4879.90196078431	-2056.37254901961
			4882.35294117647	-2056.37254901961
			4882.35294117647	-2058.82352941176
			4884.80392156863	-2061.27450980392
			4887.25490196078	-2063.72549019608
			4889.70588235294	-2066.17647058824
			4892.1568627451	-2068.62745098039
			4894.60784313726	-2071.07843137255
			4897.05882352941	-2073.52941176471
			4899.50980392157	-2075.98039215686
			4901.96078431373	-2078.43137254902
			4904.41176470588	-2078.43137254902
			4906.86274509804	-2080.88235294118
			4909.3137254902	-2083.33333333333
			4911.76470588235	-2085.78431372549
			4914.21568627451	-2088.23529411765
			4916.66666666667	-2090.6862745098
		</C1>
		<C2 type=matrix rownames=FALSE colnames=FALSE nrow=201 ncol=2 as.numeric=TRUE >
			3987.74509803922	-2960.78431372549
			3987.74509803922	-2963.23529411765
			3990.19607843137	-2965.6862745098
			3990.19607843137	-2968.13725490196
			3990.19607843137	-2970.58823529412
			3990.19607843137	-2973.03921568627
			3992.64705882353	-2973.03921568627
			3992.64705882353	-2975.49019607843
			3992.64705882353	-2977.94117647059
			3992.64705882353	-2980.39215686275
			3995.09803921569	-2982.8431372549
			3995.09803921569	-2985.29411764706
			3995.09803921569	-2987.74509803922
			3995.09803921569	-2990.19607843137
			3995.09803921569	-2992.64705882353
			3997.54901960784	-2995.09803921569
			3997.54901960784	-2997.54901960784
			3997.54901960784	-3000
			3997.54901960784	-3002.45098039216
			3997.54901960784	-3004.90196078431
			3997.54901960784	-3007.35294117647
			3997.54901960784	-3009.80392156863
			4000	-3009.80392156863
			4000	-3012.25490196078
			4000	-3014.70588235294
			4000	-3017.1568627451
			4000	-3019.60784313726
			4000	-3022.05882352941
			4000	-3024.50980392157
			4000	-3026.96078431373
			4000	-3029.41176470588
			4000	-3031.86274509804
			4000	-3034.3137254902
			4000	-3036.76470588235
			4000	-3039.21568627451
			4000	-3041.66666666667
			3997.54901960784	-3041.66666666667
			3997.54901960784	-3044.11764705882
			3997.54901960784	-3046.56862745098
			3997.54901960784	-3049.01960784314
			3997.54901960784	-3051.47058823529
			3997.54901960784	-3053.92156862745
			3995.09803921569	-3053.92156862745
			3995.09803921569	-3056.37254901961
			3995.09803921569	-3058.82352941176
			3995.09803921569	-3061.27450980392
			3992.64705882353	-3061.27450980392
			3992.64705882353	-3063.72549019608
			3992.64705882353	-3066.17647058824
			3990.19607843137	-3066.17647058824
			3990.19607843137	-3068.62745098039
			3990.19607843137	-3071.07843137255
			3987.74509803922	-3071.07843137255
			3987.74509803922	-3073.52941176471
			3985.29411764706	-3073.52941176471
			3985.29411764706	-3075.98039215686
			3985.29411764706	-3078.43137254902
			3982.8431372549	-3078.43137254902
			3982.8431372549	-3080.88235294118
			3980.39215686275	-3080.88235294118
			3980.39215686275	-3083.33333333333
			3977.94117647059	-3083.33333333333
			3975.49019607843	-3085.78431372549
			3973.03921568627	-3088.23529411765
			3970.58823529412	-3088.23529411765
			3968.13725490196	-3090.6862745098
			3965.6862745098	-3093.13725490196
			3963.23529411765	-3093.13725490196
			3960.78431372549	-3095.58823529412
			3958.33333333333	-3095.58823529412
			3955.88235294118	-3095.58823529412
			3953.43137254902	-3098.03921568627
			3950.98039215686	-3098.03921568627
			3948.52941176471	-3098.03921568627
			3946.07843137255	-3100.49019607843
			3943.62745098039	-3100.49019607843
			3941.17647058824	-3100.49019607843
			3938.72549019608	-3100.49019607843
			3936.27450980392	-3100.49019607843
			3933.82352941176	-3102.94117647059
			3931.37254901961	-3102.94117647059
			3928.92156862745	-3102.94117647059
			3926.47058823529	-3102.94117647059
			3924.01960784314	-3102.94117647059
			3921.56862745098	-3102.94117647059
			3919.11764705882	-3102.94117647059
			3916.66666666667	-3102.94117647059
			3914.21568627451	-3102.94117647059
			3911.76470588235	-3102.94117647059
			3909.3137254902	-3102.94117647059
			3906.86274509804	-3102.94117647059
			3904.41176470588	-3102.94117647059
			3901.96078431373	-3102.94117647059
			3899.50980392157	-3102.94117647059
			3897.05882352941	-3102.94117647059
			3894.60784313726	-3102.94117647059
			3892.1568627451	-3102.94117647059
			3889.70588235294	-3102.94117647059
			3887.25490196078	-3102.94117647059
			3884.80392156863	-3102.94117647059
			3882.35294117647	-3100.49019607843
			3879.90196078431	-3100.49019607843
			3877.45098039216	-3098.03921568627
			3875	-3098.03921568627
			3872.54901960784	-3095.58823529412
			3870.09803921569	-3095.58823529412
			3867.64705882353	-3093.13725490196
			3865.19607843137	-3093.13725490196
			3862.74509803922	-3090.6862745098
			3860.29411764706	-3088.23529411765
			3857.8431372549	-3088.23529411765
			3855.39215686275	-3085.78431372549
			3852.94117647059	-3085.78431372549
			3852.94117647059	-3083.33333333333
			3850.49019607843	-3080.88235294118
			3848.03921568627	-3080.88235294118
			3845.58823529412	-3078.43137254902
			3843.13725490196	-3075.98039215686
			3840.6862745098	-3073.52941176471
			3838.23529411765	-3071.07843137255
			3835.78431372549	-3068.62745098039
			3833.33333333333	-3066.17647058824
			3830.88235294118	-3063.72549019608
			3830.88235294118	-3061.27450980392
			3828.43137254902	-3058.82352941176
			3825.98039215686	-3056.37254901961
			3825.98039215686	-3053.92156862745
			3823.52941176471	-3051.47058823529
			3823.52941176471	-3049.01960784314
			3821.07843137255	-3046.56862745098
			3821.07843137255	-3044.11764705882
			3818.62745098039	-3041.66666666667
			3818.62745098039	-3039.21568627451
			3816.17647058824	-3036.76470588235
			3816.17647058824	-3034.3137254902
			3816.17647058824	-3031.86274509804
			3813.72549019608	-3029.41176470588
			3813.72549019608	-3026.96078431373
			3813.72549019608	-3024.50980392157
			3813.72549019608	-3022.05882352941
			3811.27450980392	-3019.60784313726
			3811.27450980392	-3017.1568627451
			3811.27450980392	-3014.70588235294
			3811.27450980392	-3012.25490196078
			3811.27450980392	-3009.80392156863
			3811.27450980392	-3007.35294117647
			3811.27450980392	-3004.90196078431
			3811.27450980392	-3002.45098039216
			3811.27450980392	-3000
			3811.27450980392	-2997.54901960784
			3811.27450980392	-2995.09803921569
			3811.27450980392	-2992.64705882353
			3811.27450980392	-2990.19607843137
			3811.27450980392	-2987.74509803922
			3811.27450980392	-2985.29411764706
			3811.27450980392	-2982.8431372549
			3811.27450980392	-2980.39215686275
			3811.27450980392	-2977.94117647059
			3811.27450980392	-2975.49019607843
			3811.27450980392	-2973.03921568627
			3811.27450980392	-2970.58823529412
			3811.27450980392	-2968.13725490196
			3813.72549019608	-2965.6862745098
			3813.72549019608	-2963.23529411765
			3813.72549019608	-2960.78431372549
			3813.72549019608	-2958.33333333333
			3813.72549019608	-2955.88235294118
			3816.17647058824	-2953.43137254902
			3816.17647058824	-2950.98039215686
			3816.17647058824	-2948.52941176471
			3816.17647058824	-2946.07843137255
			3818.62745098039	-2943.62745098039
			3818.62745098039	-2941.17647058824
			3818.62745098039	-2938.72549019608
			3818.62745098039	-2936.27450980392
			3821.07843137255	-2933.82352941176
			3821.07843137255	-2931.37254901961
			3821.07843137255	-2928.92156862745
			3823.52941176471	-2926.47058823529
			3823.52941176471	-2924.01960784314
			3823.52941176471	-2921.56862745098
			3825.98039215686	-2919.11764705882
			3825.98039215686	-2916.66666666667
			3825.98039215686	-2914.21568627451
			3828.43137254902	-2911.76470588235
			3828.43137254902	-2909.3137254902
			3828.43137254902	-2906.86274509804
			3830.88235294118	-2906.86274509804
			3830.88235294118	-2904.41176470588
			3830.88235294118	-2901.96078431373
			3830.88235294118	-2899.50980392157
			3833.33333333333	-2897.05882352941
			3835.78431372549	-2894.60784313726
			3835.78431372549	-2892.1568627451
			3835.78431372549	-2889.70588235294
			3838.23529411765	-2887.25490196078
			3838.23529411765	-2884.80392156863
			3840.6862745098	-2882.35294117647
			3840.6862745098	-2879.90196078431
			3843.13725490196	-2877.45098039216
			3843.13725490196	-2875
		</C2>
	</curves.scaled>
	<ruler.points type=matrix rownames=TRUE colnames=FALSE nrow=2 ncol=2 as.numeric=TRUE >
		Ruler point 1	3	1877
		Ruler point 2	105	1877
	</ruler.points>
</shapes>

