<shapes type=list>
	<ruler.pixel type=vector names=FALSE length=1 as.numeric=TRUE >102</ruler.pixel>
	<ruler.interval type=vector names=FALSE length=1 as.numeric=TRUE >250</ruler.interval>
	<scaling.units type=vector names=FALSE length=1 as.numeric=FALSE >nm</scaling.units>
	<scaling type=vector names=FALSE length=1 as.numeric=TRUE >2.45098039215686</scaling>
	<landmarks.pixel type=matrix rownames=TRUE colnames=FALSE nrow=10 ncol=2 as.numeric=TRUE >
		1-Pore1R	1188	418
		2-Pore1L	1090	433
		3-Pore2T	605	715
		4-Pore2B	611	818
		5-Pore3T	744	1161
		6-Pore3B	813	1241
		7-Pore4L	1888	1233
		8-Pore4R	1985	1161
		9-Anchor	2162	1146
		10-Tip	1901	529
	</landmarks.pixel>
	<landmarks.scaled type=matrix rownames=TRUE colnames=FALSE nrow=10 ncol=2 as.numeric=TRUE >
		1-Pore1R	2911.76470588235	-1024.50980392157
		2-Pore1L	2671.56862745098	-1061.27450980392
		3-Pore2T	1482.8431372549	-1752.45098039216
		4-Pore2B	1497.54901960784	-2004.90196078431
		5-Pore3T	1823.52941176471	-2845.58823529412
		6-Pore3B	1992.64705882353	-3041.66666666667
		7-Pore4L	4627.45098039216	-3022.05882352941
		8-Pore4R	4865.19607843137	-2845.58823529412
		9-Anchor	5299.01960784314	-2808.82352941176
		10-Tip	4659.3137254902	-1296.56862745098
	</landmarks.scaled>
	<curves.control type=list>
		<C1 type=matrix rownames=FALSE colnames=FALSE nrow=7 ncol=2 as.numeric=TRUE >
			2162	1146
			2118	958
			2057	766
			1990	680
			1921	633
			1887	575
			1901	529
		</C1>
	</curves.control>
	<curves.pixel type=list>
		<C1 type=matrix rownames=FALSE colnames=FALSE nrow=649 ncol=2 as.numeric=TRUE >
			2162	1146
			2162	1145
			2162	1144
			2161	1143
			2161	1142
			2161	1141
			2161	1140
			2160	1139
			2160	1138
			2160	1137
			2160	1136
			2159	1135
			2159	1134
			2159	1133
			2159	1132
			2159	1131
			2158	1130
			2158	1129
			2158	1128
			2158	1127
			2157	1126
			2157	1125
			2157	1124
			2157	1123
			2156	1122
			2156	1121
			2156	1120
			2156	1119
			2155	1118
			2155	1117
			2155	1116
			2155	1115
			2154	1114
			2154	1113
			2154	1112
			2154	1111
			2153	1110
			2153	1109
			2153	1108
			2153	1107
			2152	1106
			2152	1105
			2152	1104
			2152	1103
			2151	1102
			2151	1101
			2151	1100
			2151	1099
			2150	1098
			2150	1097
			2150	1096
			2150	1095
			2149	1094
			2149	1093
			2149	1092
			2149	1091
			2149	1090
			2148	1090
			2148	1089
			2148	1088
			2148	1087
			2148	1086
			2147	1085
			2147	1084
			2147	1083
			2147	1082
			2146	1082
			2146	1081
			2146	1080
			2146	1079
			2146	1078
			2145	1077
			2145	1076
			2145	1075
			2144	1074
			2144	1073
			2144	1072
			2144	1071
			2144	1070
			2143	1069
			2143	1068
			2143	1067
			2143	1066
			2142	1065
			2142	1064
			2142	1063
			2142	1062
			2141	1061
			2141	1060
			2141	1059
			2141	1058
			2140	1057
			2140	1056
			2140	1055
			2139	1054
			2139	1053
			2139	1052
			2139	1051
			2138	1050
			2138	1049
			2138	1048
			2138	1047
			2137	1046
			2137	1045
			2137	1044
			2137	1043
			2136	1042
			2136	1041
			2136	1040
			2136	1039
			2135	1038
			2135	1037
			2135	1036
			2135	1035
			2134	1034
			2134	1033
			2134	1032
			2134	1031
			2133	1030
			2133	1029
			2133	1028
			2132	1027
			2132	1026
			2132	1025
			2132	1024
			2131	1023
			2131	1022
			2131	1021
			2131	1020
			2130	1019
			2130	1018
			2130	1017
			2130	1016
			2129	1015
			2129	1014
			2129	1013
			2129	1012
			2128	1011
			2128	1010
			2128	1009
			2128	1008
			2127	1007
			2127	1006
			2127	1005
			2127	1004
			2126	1003
			2126	1002
			2126	1001
			2126	1000
			2125	999
			2125	998
			2125	997
			2124	996
			2124	995
			2124	994
			2124	993
			2123	992
			2123	991
			2123	990
			2122	989
			2122	988
			2122	987
			2122	986
			2121	985
			2121	984
			2121	983
			2121	982
			2120	981
			2120	980
			2120	979
			2119	978
			2119	977
			2119	976
			2119	975
			2118	974
			2118	973
			2118	972
			2118	971
			2117	970
			2117	969
			2117	968
			2116	967
			2116	966
			2116	965
			2116	964
			2115	963
			2115	962
			2115	961
			2115	960
			2114	959
			2114	958
			2114	957
			2114	956
			2113	955
			2113	954
			2113	953
			2112	952
			2112	951
			2112	950
			2111	949
			2111	948
			2111	947
			2111	946
			2110	945
			2110	944
			2110	943
			2110	942
			2109	941
			2109	940
			2109	939
			2108	938
			2108	937
			2108	936
			2108	935
			2107	934
			2107	933
			2107	932
			2106	931
			2106	930
			2106	929
			2106	928
			2105	927
			2105	926
			2105	925
			2105	924
			2104	923
			2104	922
			2104	921
			2103	920
			2103	919
			2103	918
			2103	917
			2102	916
			2102	915
			2102	914
			2101	913
			2101	912
			2101	911
			2101	910
			2100	909
			2100	908
			2100	907
			2099	906
			2099	905
			2099	904
			2099	903
			2098	902
			2098	901
			2098	900
			2097	899
			2097	898
			2097	897
			2096	896
			2096	895
			2096	894
			2096	893
			2095	892
			2095	891
			2095	890
			2094	889
			2094	888
			2094	887
			2094	886
			2093	885
			2093	884
			2093	883
			2092	882
			2092	881
			2092	880
			2092	879
			2091	878
			2091	877
			2091	876
			2090	875
			2090	874
			2090	873
			2090	872
			2089	871
			2089	870
			2089	869
			2088	868
			2088	867
			2088	866
			2087	865
			2087	864
			2087	863
			2087	862
			2086	861
			2086	860
			2086	859
			2085	858
			2085	857
			2085	856
			2085	855
			2084	854
			2084	853
			2084	852
			2083	851
			2083	850
			2083	849
			2082	848
			2082	847
			2082	846
			2082	845
			2081	845
			2081	844
			2081	843
			2080	842
			2080	841
			2080	840
			2079	839
			2079	838
			2079	837
			2079	836
			2078	835
			2078	834
			2078	833
			2077	832
			2077	831
			2077	830
			2076	829
			2076	828
			2076	827
			2076	826
			2075	825
			2075	824
			2075	823
			2074	822
			2074	821
			2074	820
			2073	819
			2073	818
			2073	817
			2073	816
			2072	815
			2072	814
			2072	813
			2071	812
			2071	811
			2071	810
			2070	809
			2070	808
			2070	807
			2070	806
			2069	805
			2069	804
			2069	803
			2068	802
			2068	801
			2068	800
			2067	799
			2067	798
			2067	797
			2066	796
			2066	795
			2066	794
			2066	793
			2065	792
			2065	791
			2065	790
			2064	789
			2064	788
			2064	787
			2063	786
			2063	785
			2063	784
			2062	783
			2062	782
			2062	781
			2061	780
			2061	779
			2061	778
			2061	777
			2060	776
			2060	775
			2060	774
			2059	773
			2059	772
			2059	771
			2058	770
			2058	769
			2058	768
			2057	767
			2057	766
			2056	765
			2056	764
			2055	763
			2054	763
			2054	762
			2053	761
			2052	760
			2052	759
			2051	758
			2050	757
			2049	756
			2048	755
			2047	754
			2046	753
			2046	752
			2045	751
			2044	750
			2043	749
			2042	748
			2041	747
			2041	746
			2040	745
			2039	744
			2038	743
			2037	742
			2036	741
			2036	740
			2035	739
			2034	738
			2033	737
			2032	736
			2031	735
			2031	734
			2030	733
			2029	732
			2028	731
			2027	730
			2026	729
			2026	728
			2025	727
			2024	726
			2023	725
			2022	724
			2021	723
			2021	722
			2020	721
			2019	720
			2018	719
			2017	719
			2016	718
			2016	717
			2015	716
			2014	715
			2013	714
			2012	713
			2011	712
			2010	711
			2010	710
			2009	709
			2008	709
			2007	708
			2006	707
			2005	706
			2005	705
			2004	704
			2003	703
			2002	702
			2001	702
			2000	701
			2000	700
			1999	699
			1998	698
			1997	697
			1996	696
			1995	696
			1994	695
			1994	694
			1993	693
			1992	692
			1991	691
			1990	691
			1989	690
			1989	689
			1988	688
			1987	687
			1986	686
			1985	686
			1984	685
			1984	684
			1983	683
			1982	682
			1981	682
			1980	681
			1979	680
			1978	679
			1978	678
			1977	678
			1976	677
			1975	676
			1974	675
			1973	675
			1973	674
			1972	673
			1971	672
			1970	672
			1969	671
			1968	670
			1967	669
			1966	668
			1965	667
			1964	666
			1963	665
			1962	664
			1961	663
			1960	663
			1959	662
			1958	661
			1957	660
			1956	659
			1955	658
			1954	657
			1953	657
			1952	656
			1951	656
			1951	655
			1950	655
			1949	654
			1948	653
			1947	652
			1946	651
			1945	650
			1944	650
			1943	649
			1942	649
			1942	648
			1941	647
			1940	647
			1939	646
			1938	645
			1937	644
			1936	644
			1935	643
			1934	642
			1933	642
			1933	641
			1932	641
			1931	640
			1930	639
			1929	639
			1928	638
			1927	637
			1926	637
			1926	636
			1925	636
			1924	635
			1923	634
			1922	634
			1921	633
			1921	632
			1920	632
			1920	631
			1919	630
			1919	629
			1918	629
			1918	628
			1918	627
			1917	626
			1916	625
			1916	624
			1916	623
			1915	622
			1915	621
			1914	621
			1914	620
			1913	619
			1913	618
			1912	617
			1912	616
			1912	615
			1911	614
			1910	613
			1910	612
			1909	611
			1909	610
			1909	609
			1908	608
			1908	607
			1907	606
			1907	605
			1907	604
			1906	603
			1906	602
			1905	601
			1905	600
			1905	599
			1905	598
			1904	597
			1904	596
			1903	595
			1903	594
			1903	593
			1903	592
			1902	591
			1902	590
			1902	589
			1901	588
			1901	587
			1901	586
			1900	585
			1900	584
			1900	583
			1900	582
			1900	581
			1899	580
			1899	579
			1899	578
			1899	577
			1899	576
			1898	575
			1898	574
			1898	573
			1898	572
			1898	571
			1898	570
			1898	569
			1897	568
			1897	567
			1897	566
			1897	565
			1897	564
			1897	563
			1897	562
			1897	561
			1897	560
			1897	559
			1897	558
			1897	557
			1897	556
			1897	555
			1897	554
			1897	553
			1897	552
			1897	551
			1897	550
			1897	549
			1897	548
			1897	547
			1898	546
			1898	545
			1898	544
			1898	543
			1898	542
			1898	541
			1898	540
			1899	539
			1899	538
			1899	537
			1899	536
			1899	535
			1900	534
			1900	533
			1900	532
			1901	531
			1901	530
			1901	529
		</C1>
	</curves.pixel>
	<curves.scaled type=list>
		<C1 type=matrix rownames=FALSE colnames=FALSE nrow=649 ncol=2 as.numeric=TRUE >
			5299.01960784314	-2808.82352941176
			5299.01960784314	-2806.37254901961
			5299.01960784314	-2803.92156862745
			5296.56862745098	-2801.47058823529
			5296.56862745098	-2799.01960784314
			5296.56862745098	-2796.56862745098
			5296.56862745098	-2794.11764705882
			5294.11764705882	-2791.66666666667
			5294.11764705882	-2789.21568627451
			5294.11764705882	-2786.76470588235
			5294.11764705882	-2784.3137254902
			5291.66666666667	-2781.86274509804
			5291.66666666667	-2779.41176470588
			5291.66666666667	-2776.96078431373
			5291.66666666667	-2774.50980392157
			5291.66666666667	-2772.05882352941
			5289.21568627451	-2769.60784313726
			5289.21568627451	-2767.1568627451
			5289.21568627451	-2764.70588235294
			5289.21568627451	-2762.25490196078
			5286.76470588235	-2759.80392156863
			5286.76470588235	-2757.35294117647
			5286.76470588235	-2754.90196078431
			5286.76470588235	-2752.45098039216
			5284.3137254902	-2750
			5284.3137254902	-2747.54901960784
			5284.3137254902	-2745.09803921569
			5284.3137254902	-2742.64705882353
			5281.86274509804	-2740.19607843137
			5281.86274509804	-2737.74509803922
			5281.86274509804	-2735.29411764706
			5281.86274509804	-2732.8431372549
			5279.41176470588	-2730.39215686275
			5279.41176470588	-2727.94117647059
			5279.41176470588	-2725.49019607843
			5279.41176470588	-2723.03921568627
			5276.96078431373	-2720.58823529412
			5276.96078431373	-2718.13725490196
			5276.96078431373	-2715.6862745098
			5276.96078431373	-2713.23529411765
			5274.50980392157	-2710.78431372549
			5274.50980392157	-2708.33333333333
			5274.50980392157	-2705.88235294118
			5274.50980392157	-2703.43137254902
			5272.05882352941	-2700.98039215686
			5272.05882352941	-2698.52941176471
			5272.05882352941	-2696.07843137255
			5272.05882352941	-2693.62745098039
			5269.60784313726	-2691.17647058824
			5269.60784313726	-2688.72549019608
			5269.60784313726	-2686.27450980392
			5269.60784313726	-2683.82352941176
			5267.1568627451	-2681.37254901961
			5267.1568627451	-2678.92156862745
			5267.1568627451	-2676.47058823529
			5267.1568627451	-2674.01960784314
			5267.1568627451	-2671.56862745098
			5264.70588235294	-2671.56862745098
			5264.70588235294	-2669.11764705882
			5264.70588235294	-2666.66666666667
			5264.70588235294	-2664.21568627451
			5264.70588235294	-2661.76470588235
			5262.25490196078	-2659.3137254902
			5262.25490196078	-2656.86274509804
			5262.25490196078	-2654.41176470588
			5262.25490196078	-2651.96078431373
			5259.80392156863	-2651.96078431373
			5259.80392156863	-2649.50980392157
			5259.80392156863	-2647.05882352941
			5259.80392156863	-2644.60784313726
			5259.80392156863	-2642.1568627451
			5257.35294117647	-2639.70588235294
			5257.35294117647	-2637.25490196078
			5257.35294117647	-2634.80392156863
			5254.90196078431	-2632.35294117647
			5254.90196078431	-2629.90196078431
			5254.90196078431	-2627.45098039216
			5254.90196078431	-2625
			5254.90196078431	-2622.54901960784
			5252.45098039216	-2620.09803921569
			5252.45098039216	-2617.64705882353
			5252.45098039216	-2615.19607843137
			5252.45098039216	-2612.74509803922
			5250	-2610.29411764706
			5250	-2607.8431372549
			5250	-2605.39215686275
			5250	-2602.94117647059
			5247.54901960784	-2600.49019607843
			5247.54901960784	-2598.03921568627
			5247.54901960784	-2595.58823529412
			5247.54901960784	-2593.13725490196
			5245.09803921569	-2590.6862745098
			5245.09803921569	-2588.23529411765
			5245.09803921569	-2585.78431372549
			5242.64705882353	-2583.33333333333
			5242.64705882353	-2580.88235294118
			5242.64705882353	-2578.43137254902
			5242.64705882353	-2575.98039215686
			5240.19607843137	-2573.52941176471
			5240.19607843137	-2571.07843137255
			5240.19607843137	-2568.62745098039
			5240.19607843137	-2566.17647058824
			5237.74509803922	-2563.72549019608
			5237.74509803922	-2561.27450980392
			5237.74509803922	-2558.82352941176
			5237.74509803922	-2556.37254901961
			5235.29411764706	-2553.92156862745
			5235.29411764706	-2551.47058823529
			5235.29411764706	-2549.01960784314
			5235.29411764706	-2546.56862745098
			5232.8431372549	-2544.11764705882
			5232.8431372549	-2541.66666666667
			5232.8431372549	-2539.21568627451
			5232.8431372549	-2536.76470588235
			5230.39215686275	-2534.3137254902
			5230.39215686275	-2531.86274509804
			5230.39215686275	-2529.41176470588
			5230.39215686275	-2526.96078431373
			5227.94117647059	-2524.50980392157
			5227.94117647059	-2522.05882352941
			5227.94117647059	-2519.60784313726
			5225.49019607843	-2517.1568627451
			5225.49019607843	-2514.70588235294
			5225.49019607843	-2512.25490196078
			5225.49019607843	-2509.80392156863
			5223.03921568627	-2507.35294117647
			5223.03921568627	-2504.90196078431
			5223.03921568627	-2502.45098039216
			5223.03921568627	-2500
			5220.58823529412	-2497.54901960784
			5220.58823529412	-2495.09803921569
			5220.58823529412	-2492.64705882353
			5220.58823529412	-2490.19607843137
			5218.13725490196	-2487.74509803922
			5218.13725490196	-2485.29411764706
			5218.13725490196	-2482.8431372549
			5218.13725490196	-2480.39215686275
			5215.6862745098	-2477.94117647059
			5215.6862745098	-2475.49019607843
			5215.6862745098	-2473.03921568627
			5215.6862745098	-2470.58823529412
			5213.23529411765	-2468.13725490196
			5213.23529411765	-2465.6862745098
			5213.23529411765	-2463.23529411765
			5213.23529411765	-2460.78431372549
			5210.78431372549	-2458.33333333333
			5210.78431372549	-2455.88235294118
			5210.78431372549	-2453.43137254902
			5210.78431372549	-2450.98039215686
			5208.33333333333	-2448.52941176471
			5208.33333333333	-2446.07843137255
			5208.33333333333	-2443.62745098039
			5205.88235294118	-2441.17647058824
			5205.88235294118	-2438.72549019608
			5205.88235294118	-2436.27450980392
			5205.88235294118	-2433.82352941176
			5203.43137254902	-2431.37254901961
			5203.43137254902	-2428.92156862745
			5203.43137254902	-2426.47058823529
			5200.98039215686	-2424.01960784314
			5200.98039215686	-2421.56862745098
			5200.98039215686	-2419.11764705882
			5200.98039215686	-2416.66666666667
			5198.52941176471	-2414.21568627451
			5198.52941176471	-2411.76470588235
			5198.52941176471	-2409.3137254902
			5198.52941176471	-2406.86274509804
			5196.07843137255	-2404.41176470588
			5196.07843137255	-2401.96078431373
			5196.07843137255	-2399.50980392157
			5193.62745098039	-2397.05882352941
			5193.62745098039	-2394.60784313726
			5193.62745098039	-2392.1568627451
			5193.62745098039	-2389.70588235294
			5191.17647058824	-2387.25490196078
			5191.17647058824	-2384.80392156863
			5191.17647058824	-2382.35294117647
			5191.17647058824	-2379.90196078431
			5188.72549019608	-2377.45098039216
			5188.72549019608	-2375
			5188.72549019608	-2372.54901960784
			5186.27450980392	-2370.09803921569
			5186.27450980392	-2367.64705882353
			5186.27450980392	-2365.19607843137
			5186.27450980392	-2362.74509803922
			5183.82352941176	-2360.29411764706
			5183.82352941176	-2357.8431372549
			5183.82352941176	-2355.39215686275
			5183.82352941176	-2352.94117647059
			5181.37254901961	-2350.49019607843
			5181.37254901961	-2348.03921568627
			5181.37254901961	-2345.58823529412
			5181.37254901961	-2343.13725490196
			5178.92156862745	-2340.6862745098
			5178.92156862745	-2338.23529411765
			5178.92156862745	-2335.78431372549
			5176.47058823529	-2333.33333333333
			5176.47058823529	-2330.88235294118
			5176.47058823529	-2328.43137254902
			5174.01960784314	-2325.98039215686
			5174.01960784314	-2323.52941176471
			5174.01960784314	-2321.07843137255
			5174.01960784314	-2318.62745098039
			5171.56862745098	-2316.17647058824
			5171.56862745098	-2313.72549019608
			5171.56862745098	-2311.27450980392
			5171.56862745098	-2308.82352941176
			5169.11764705882	-2306.37254901961
			5169.11764705882	-2303.92156862745
			5169.11764705882	-2301.47058823529
			5166.66666666667	-2299.01960784314
			5166.66666666667	-2296.56862745098
			5166.66666666667	-2294.11764705882
			5166.66666666667	-2291.66666666667
			5164.21568627451	-2289.21568627451
			5164.21568627451	-2286.76470588235
			5164.21568627451	-2284.3137254902
			5161.76470588235	-2281.86274509804
			5161.76470588235	-2279.41176470588
			5161.76470588235	-2276.96078431373
			5161.76470588235	-2274.50980392157
			5159.3137254902	-2272.05882352941
			5159.3137254902	-2269.60784313726
			5159.3137254902	-2267.1568627451
			5159.3137254902	-2264.70588235294
			5156.86274509804	-2262.25490196078
			5156.86274509804	-2259.80392156863
			5156.86274509804	-2257.35294117647
			5154.41176470588	-2254.90196078431
			5154.41176470588	-2252.45098039216
			5154.41176470588	-2250
			5154.41176470588	-2247.54901960784
			5151.96078431373	-2245.09803921569
			5151.96078431373	-2242.64705882353
			5151.96078431373	-2240.19607843137
			5149.50980392157	-2237.74509803922
			5149.50980392157	-2235.29411764706
			5149.50980392157	-2232.8431372549
			5149.50980392157	-2230.39215686275
			5147.05882352941	-2227.94117647059
			5147.05882352941	-2225.49019607843
			5147.05882352941	-2223.03921568627
			5144.60784313726	-2220.58823529412
			5144.60784313726	-2218.13725490196
			5144.60784313726	-2215.6862745098
			5144.60784313726	-2213.23529411765
			5142.1568627451	-2210.78431372549
			5142.1568627451	-2208.33333333333
			5142.1568627451	-2205.88235294118
			5139.70588235294	-2203.43137254902
			5139.70588235294	-2200.98039215686
			5139.70588235294	-2198.52941176471
			5137.25490196078	-2196.07843137255
			5137.25490196078	-2193.62745098039
			5137.25490196078	-2191.17647058824
			5137.25490196078	-2188.72549019608
			5134.80392156863	-2186.27450980392
			5134.80392156863	-2183.82352941176
			5134.80392156863	-2181.37254901961
			5132.35294117647	-2178.92156862745
			5132.35294117647	-2176.47058823529
			5132.35294117647	-2174.01960784314
			5132.35294117647	-2171.56862745098
			5129.90196078431	-2169.11764705882
			5129.90196078431	-2166.66666666667
			5129.90196078431	-2164.21568627451
			5127.45098039216	-2161.76470588235
			5127.45098039216	-2159.3137254902
			5127.45098039216	-2156.86274509804
			5127.45098039216	-2154.41176470588
			5125	-2151.96078431373
			5125	-2149.50980392157
			5125	-2147.05882352941
			5122.54901960784	-2144.60784313726
			5122.54901960784	-2142.1568627451
			5122.54901960784	-2139.70588235294
			5122.54901960784	-2137.25490196078
			5120.09803921569	-2134.80392156863
			5120.09803921569	-2132.35294117647
			5120.09803921569	-2129.90196078431
			5117.64705882353	-2127.45098039216
			5117.64705882353	-2125
			5117.64705882353	-2122.54901960784
			5115.19607843137	-2120.09803921569
			5115.19607843137	-2117.64705882353
			5115.19607843137	-2115.19607843137
			5115.19607843137	-2112.74509803922
			5112.74509803922	-2110.29411764706
			5112.74509803922	-2107.8431372549
			5112.74509803922	-2105.39215686275
			5110.29411764706	-2102.94117647059
			5110.29411764706	-2100.49019607843
			5110.29411764706	-2098.03921568627
			5110.29411764706	-2095.58823529412
			5107.8431372549	-2093.13725490196
			5107.8431372549	-2090.6862745098
			5107.8431372549	-2088.23529411765
			5105.39215686275	-2085.78431372549
			5105.39215686275	-2083.33333333333
			5105.39215686275	-2080.88235294118
			5102.94117647059	-2078.43137254902
			5102.94117647059	-2075.98039215686
			5102.94117647059	-2073.52941176471
			5102.94117647059	-2071.07843137255
			5100.49019607843	-2071.07843137255
			5100.49019607843	-2068.62745098039
			5100.49019607843	-2066.17647058824
			5098.03921568627	-2063.72549019608
			5098.03921568627	-2061.27450980392
			5098.03921568627	-2058.82352941176
			5095.58823529412	-2056.37254901961
			5095.58823529412	-2053.92156862745
			5095.58823529412	-2051.47058823529
			5095.58823529412	-2049.01960784314
			5093.13725490196	-2046.56862745098
			5093.13725490196	-2044.11764705882
			5093.13725490196	-2041.66666666667
			5090.6862745098	-2039.21568627451
			5090.6862745098	-2036.76470588235
			5090.6862745098	-2034.3137254902
			5088.23529411765	-2031.86274509804
			5088.23529411765	-2029.41176470588
			5088.23529411765	-2026.96078431373
			5088.23529411765	-2024.50980392157
			5085.78431372549	-2022.05882352941
			5085.78431372549	-2019.60784313726
			5085.78431372549	-2017.1568627451
			5083.33333333333	-2014.70588235294
			5083.33333333333	-2012.25490196078
			5083.33333333333	-2009.80392156863
			5080.88235294118	-2007.35294117647
			5080.88235294118	-2004.90196078431
			5080.88235294118	-2002.45098039216
			5080.88235294118	-2000
			5078.43137254902	-1997.54901960784
			5078.43137254902	-1995.09803921569
			5078.43137254902	-1992.64705882353
			5075.98039215686	-1990.19607843137
			5075.98039215686	-1987.74509803922
			5075.98039215686	-1985.29411764706
			5073.52941176471	-1982.8431372549
			5073.52941176471	-1980.39215686275
			5073.52941176471	-1977.94117647059
			5073.52941176471	-1975.49019607843
			5071.07843137255	-1973.03921568627
			5071.07843137255	-1970.58823529412
			5071.07843137255	-1968.13725490196
			5068.62745098039	-1965.6862745098
			5068.62745098039	-1963.23529411765
			5068.62745098039	-1960.78431372549
			5066.17647058824	-1958.33333333333
			5066.17647058824	-1955.88235294118
			5066.17647058824	-1953.43137254902
			5063.72549019608	-1950.98039215686
			5063.72549019608	-1948.52941176471
			5063.72549019608	-1946.07843137255
			5063.72549019608	-1943.62745098039
			5061.27450980392	-1941.17647058824
			5061.27450980392	-1938.72549019608
			5061.27450980392	-1936.27450980392
			5058.82352941176	-1933.82352941176
			5058.82352941176	-1931.37254901961
			5058.82352941176	-1928.92156862745
			5056.37254901961	-1926.47058823529
			5056.37254901961	-1924.01960784314
			5056.37254901961	-1921.56862745098
			5053.92156862745	-1919.11764705882
			5053.92156862745	-1916.66666666667
			5053.92156862745	-1914.21568627451
			5051.47058823529	-1911.76470588235
			5051.47058823529	-1909.3137254902
			5051.47058823529	-1906.86274509804
			5051.47058823529	-1904.41176470588
			5049.01960784314	-1901.96078431373
			5049.01960784314	-1899.50980392157
			5049.01960784314	-1897.05882352941
			5046.56862745098	-1894.60784313726
			5046.56862745098	-1892.1568627451
			5046.56862745098	-1889.70588235294
			5044.11764705882	-1887.25490196078
			5044.11764705882	-1884.80392156863
			5044.11764705882	-1882.35294117647
			5041.66666666667	-1879.90196078431
			5041.66666666667	-1877.45098039216
			5039.21568627451	-1875
			5039.21568627451	-1872.54901960784
			5036.76470588235	-1870.09803921569
			5034.3137254902	-1870.09803921569
			5034.3137254902	-1867.64705882353
			5031.86274509804	-1865.19607843137
			5029.41176470588	-1862.74509803922
			5029.41176470588	-1860.29411764706
			5026.96078431373	-1857.8431372549
			5024.50980392157	-1855.39215686275
			5022.05882352941	-1852.94117647059
			5019.60784313726	-1850.49019607843
			5017.1568627451	-1848.03921568627
			5014.70588235294	-1845.58823529412
			5014.70588235294	-1843.13725490196
			5012.25490196078	-1840.6862745098
			5009.80392156863	-1838.23529411765
			5007.35294117647	-1835.78431372549
			5004.90196078431	-1833.33333333333
			5002.45098039216	-1830.88235294118
			5002.45098039216	-1828.43137254902
			5000	-1825.98039215686
			4997.54901960784	-1823.52941176471
			4995.09803921569	-1821.07843137255
			4992.64705882353	-1818.62745098039
			4990.19607843137	-1816.17647058824
			4990.19607843137	-1813.72549019608
			4987.74509803922	-1811.27450980392
			4985.29411764706	-1808.82352941176
			4982.8431372549	-1806.37254901961
			4980.39215686275	-1803.92156862745
			4977.94117647059	-1801.47058823529
			4977.94117647059	-1799.01960784314
			4975.49019607843	-1796.56862745098
			4973.03921568627	-1794.11764705882
			4970.58823529412	-1791.66666666667
			4968.13725490196	-1789.21568627451
			4965.6862745098	-1786.76470588235
			4965.6862745098	-1784.3137254902
			4963.23529411765	-1781.86274509804
			4960.78431372549	-1779.41176470588
			4958.33333333333	-1776.96078431373
			4955.88235294118	-1774.50980392157
			4953.43137254902	-1772.05882352941
			4953.43137254902	-1769.60784313726
			4950.98039215686	-1767.1568627451
			4948.52941176471	-1764.70588235294
			4946.07843137255	-1762.25490196078
			4943.62745098039	-1762.25490196078
			4941.17647058824	-1759.80392156863
			4941.17647058824	-1757.35294117647
			4938.72549019608	-1754.90196078431
			4936.27450980392	-1752.45098039216
			4933.82352941176	-1750
			4931.37254901961	-1747.54901960784
			4928.92156862745	-1745.09803921569
			4926.47058823529	-1742.64705882353
			4926.47058823529	-1740.19607843137
			4924.01960784314	-1737.74509803922
			4921.56862745098	-1737.74509803922
			4919.11764705882	-1735.29411764706
			4916.66666666667	-1732.8431372549
			4914.21568627451	-1730.39215686275
			4914.21568627451	-1727.94117647059
			4911.76470588235	-1725.49019607843
			4909.3137254902	-1723.03921568627
			4906.86274509804	-1720.58823529412
			4904.41176470588	-1720.58823529412
			4901.96078431373	-1718.13725490196
			4901.96078431373	-1715.6862745098
			4899.50980392157	-1713.23529411765
			4897.05882352941	-1710.78431372549
			4894.60784313726	-1708.33333333333
			4892.1568627451	-1705.88235294118
			4889.70588235294	-1705.88235294118
			4887.25490196078	-1703.43137254902
			4887.25490196078	-1700.98039215686
			4884.80392156863	-1698.52941176471
			4882.35294117647	-1696.07843137255
			4879.90196078431	-1693.62745098039
			4877.45098039216	-1693.62745098039
			4875	-1691.17647058824
			4875	-1688.72549019608
			4872.54901960784	-1686.27450980392
			4870.09803921569	-1683.82352941176
			4867.64705882353	-1681.37254901961
			4865.19607843137	-1681.37254901961
			4862.74509803922	-1678.92156862745
			4862.74509803922	-1676.47058823529
			4860.29411764706	-1674.01960784314
			4857.8431372549	-1671.56862745098
			4855.39215686275	-1671.56862745098
			4852.94117647059	-1669.11764705882
			4850.49019607843	-1666.66666666667
			4848.03921568627	-1664.21568627451
			4848.03921568627	-1661.76470588235
			4845.58823529412	-1661.76470588235
			4843.13725490196	-1659.3137254902
			4840.6862745098	-1656.86274509804
			4838.23529411765	-1654.41176470588
			4835.78431372549	-1654.41176470588
			4835.78431372549	-1651.96078431373
			4833.33333333333	-1649.50980392157
			4830.88235294118	-1647.05882352941
			4828.43137254902	-1647.05882352941
			4825.98039215686	-1644.60784313726
			4823.52941176471	-1642.1568627451
			4821.07843137255	-1639.70588235294
			4818.62745098039	-1637.25490196078
			4816.17647058824	-1634.80392156863
			4813.72549019608	-1632.35294117647
			4811.27450980392	-1629.90196078431
			4808.82352941176	-1627.45098039216
			4806.37254901961	-1625
			4803.92156862745	-1625
			4801.47058823529	-1622.54901960784
			4799.01960784314	-1620.09803921569
			4796.56862745098	-1617.64705882353
			4794.11764705882	-1615.19607843137
			4791.66666666667	-1612.74509803922
			4789.21568627451	-1610.29411764706
			4786.76470588235	-1610.29411764706
			4784.3137254902	-1607.8431372549
			4781.86274509804	-1607.8431372549
			4781.86274509804	-1605.39215686275
			4779.41176470588	-1605.39215686275
			4776.96078431373	-1602.94117647059
			4774.50980392157	-1600.49019607843
			4772.05882352941	-1598.03921568627
			4769.60784313726	-1595.58823529412
			4767.1568627451	-1593.13725490196
			4764.70588235294	-1593.13725490196
			4762.25490196078	-1590.6862745098
			4759.80392156863	-1590.6862745098
			4759.80392156863	-1588.23529411765
			4757.35294117647	-1585.78431372549
			4754.90196078431	-1585.78431372549
			4752.45098039216	-1583.33333333333
			4750	-1580.88235294118
			4747.54901960784	-1578.43137254902
			4745.09803921569	-1578.43137254902
			4742.64705882353	-1575.98039215686
			4740.19607843137	-1573.52941176471
			4737.74509803922	-1573.52941176471
			4737.74509803922	-1571.07843137255
			4735.29411764706	-1571.07843137255
			4732.8431372549	-1568.62745098039
			4730.39215686275	-1566.17647058824
			4727.94117647059	-1566.17647058824
			4725.49019607843	-1563.72549019608
			4723.03921568627	-1561.27450980392
			4720.58823529412	-1561.27450980392
			4720.58823529412	-1558.82352941176
			4718.13725490196	-1558.82352941176
			4715.6862745098	-1556.37254901961
			4713.23529411765	-1553.92156862745
			4710.78431372549	-1553.92156862745
			4708.33333333333	-1551.47058823529
			4708.33333333333	-1549.01960784314
			4705.88235294118	-1549.01960784314
			4705.88235294118	-1546.56862745098
			4703.43137254902	-1544.11764705882
			4703.43137254902	-1541.66666666667
			4700.98039215686	-1541.66666666667
			4700.98039215686	-1539.21568627451
			4700.98039215686	-1536.76470588235
			4698.52941176471	-1534.3137254902
			4696.07843137255	-1531.86274509804
			4696.07843137255	-1529.41176470588
			4696.07843137255	-1526.96078431373
			4693.62745098039	-1524.50980392157
			4693.62745098039	-1522.05882352941
			4691.17647058824	-1522.05882352941
			4691.17647058824	-1519.60784313726
			4688.72549019608	-1517.1568627451
			4688.72549019608	-1514.70588235294
			4686.27450980392	-1512.25490196078
			4686.27450980392	-1509.80392156863
			4686.27450980392	-1507.35294117647
			4683.82352941176	-1504.90196078431
			4681.37254901961	-1502.45098039216
			4681.37254901961	-1500
			4678.92156862745	-1497.54901960784
			4678.92156862745	-1495.09803921569
			4678.92156862745	-1492.64705882353
			4676.47058823529	-1490.19607843137
			4676.47058823529	-1487.74509803922
			4674.01960784314	-1485.29411764706
			4674.01960784314	-1482.8431372549
			4674.01960784314	-1480.39215686275
			4671.56862745098	-1477.94117647059
			4671.56862745098	-1475.49019607843
			4669.11764705882	-1473.03921568627
			4669.11764705882	-1470.58823529412
			4669.11764705882	-1468.13725490196
			4669.11764705882	-1465.6862745098
			4666.66666666667	-1463.23529411765
			4666.66666666667	-1460.78431372549
			4664.21568627451	-1458.33333333333
			4664.21568627451	-1455.88235294118
			4664.21568627451	-1453.43137254902
			4664.21568627451	-1450.98039215686
			4661.76470588235	-1448.52941176471
			4661.76470588235	-1446.07843137255
			4661.76470588235	-1443.62745098039
			4659.3137254902	-1441.17647058824
			4659.3137254902	-1438.72549019608
			4659.3137254902	-1436.27450980392
			4656.86274509804	-1433.82352941176
			4656.86274509804	-1431.37254901961
			4656.86274509804	-1428.92156862745
			4656.86274509804	-1426.47058823529
			4656.86274509804	-1424.01960784314
			4654.41176470588	-1421.56862745098
			4654.41176470588	-1419.11764705882
			4654.41176470588	-1416.66666666667
			4654.41176470588	-1414.21568627451
			4654.41176470588	-1411.76470588235
			4651.96078431373	-1409.3137254902
			4651.96078431373	-1406.86274509804
			4651.96078431373	-1404.41176470588
			4651.96078431373	-1401.96078431373
			4651.96078431373	-1399.50980392157
			4651.96078431373	-1397.05882352941
			4651.96078431373	-1394.60784313726
			4649.50980392157	-1392.1568627451
			4649.50980392157	-1389.70588235294
			4649.50980392157	-1387.25490196078
			4649.50980392157	-1384.80392156863
			4649.50980392157	-1382.35294117647
			4649.50980392157	-1379.90196078431
			4649.50980392157	-1377.45098039216
			4649.50980392157	-1375
			4649.50980392157	-1372.54901960784
			4649.50980392157	-1370.09803921569
			4649.50980392157	-1367.64705882353
			4649.50980392157	-1365.19607843137
			4649.50980392157	-1362.74509803922
			4649.50980392157	-1360.29411764706
			4649.50980392157	-1357.8431372549
			4649.50980392157	-1355.39215686275
			4649.50980392157	-1352.94117647059
			4649.50980392157	-1350.49019607843
			4649.50980392157	-1348.03921568627
			4649.50980392157	-1345.58823529412
			4649.50980392157	-1343.13725490196
			4649.50980392157	-1340.6862745098
			4651.96078431373	-1338.23529411765
			4651.96078431373	-1335.78431372549
			4651.96078431373	-1333.33333333333
			4651.96078431373	-1330.88235294118
			4651.96078431373	-1328.43137254902
			4651.96078431373	-1325.98039215686
			4651.96078431373	-1323.52941176471
			4654.41176470588	-1321.07843137255
			4654.41176470588	-1318.62745098039
			4654.41176470588	-1316.17647058824
			4654.41176470588	-1313.72549019608
			4654.41176470588	-1311.27450980392
			4656.86274509804	-1308.82352941176
			4656.86274509804	-1306.37254901961
			4656.86274509804	-1303.92156862745
			4659.3137254902	-1301.47058823529
			4659.3137254902	-1299.01960784314
			4659.3137254902	-1296.56862745098
		</C1>
	</curves.scaled>
	<ruler.points type=matrix rownames=TRUE colnames=FALSE nrow=2 ncol=2 as.numeric=TRUE >
		Ruler point 1	3	1877
		Ruler point 2	105	1877
	</ruler.points>
</shapes>

