<shapes type=list>
	<ruler.pixel type=vector names=FALSE length=1 as.numeric=TRUE >102</ruler.pixel>
	<ruler.interval type=vector names=FALSE length=1 as.numeric=TRUE >250</ruler.interval>
	<scaling.units type=vector names=FALSE length=1 as.numeric=FALSE >nm</scaling.units>
	<scaling type=vector names=FALSE length=1 as.numeric=TRUE >2.45098039215686</scaling>
	<landmarks.pixel type=matrix rownames=TRUE colnames=FALSE nrow=4 ncol=2 as.numeric=TRUE >
		1-TopL	1296	667
		2-TopR	1978	846
		3-BotR	1591	1206
		4-BotL	1524	1168
	</landmarks.pixel>
	<landmarks.scaled type=matrix rownames=TRUE colnames=FALSE nrow=4 ncol=2 as.numeric=TRUE >
		1-TopL	3176.47058823529	-1634.80392156863
		2-TopR	4848.03921568627	-2073.52941176471
		3-BotR	3899.50980392157	-2955.88235294118
		4-BotL	3735.29411764706	-2862.74509803922
	</landmarks.scaled>
	<curves.control type=list>
		<C1 type=matrix rownames=FALSE colnames=FALSE nrow=9 ncol=2 as.numeric=TRUE >
			1296	667
			1347	631
			1441	612
			1556	605
			1664	623
			1776	681
			1867	744
			1936	781
			1978	846
		</C1>
		<C2 type=matrix rownames=FALSE colnames=FALSE nrow=5 ncol=2 as.numeric=TRUE >
			1591	1206
			1605	1284
			1536	1273
			1469	1247
			1524	1168
		</C2>
	</curves.control>
	<curves.pixel type=list>
		<C1 type=matrix rownames=FALSE colnames=FALSE nrow=727 ncol=2 as.numeric=TRUE >
			1296	667
			1297	667
			1297	666
			1298	666
			1299	665
			1300	664
			1301	664
			1302	663
			1303	662
			1304	661
			1305	661
			1306	660
			1307	660
			1307	659
			1308	659
			1309	659
			1310	658
			1311	657
			1312	657
			1313	656
			1314	656
			1315	655
			1316	655
			1317	654
			1318	654
			1319	653
			1320	652
			1321	652
			1322	651
			1323	651
			1323	650
			1324	650
			1325	650
			1325	649
			1326	649
			1327	649
			1327	648
			1328	648
			1329	648
			1329	647
			1330	647
			1331	647
			1332	646
			1333	646
			1334	645
			1335	645
			1336	644
			1337	644
			1338	644
			1339	643
			1340	642
			1341	642
			1342	641
			1343	641
			1344	641
			1345	640
			1346	640
			1347	639
			1348	639
			1349	639
			1350	638
			1351	638
			1352	637
			1353	637
			1354	637
			1355	636
			1356	636
			1357	636
			1358	635
			1359	635
			1360	634
			1361	634
			1362	634
			1363	633
			1364	633
			1365	633
			1366	632
			1367	632
			1368	632
			1369	631
			1370	631
			1371	631
			1372	630
			1373	630
			1374	629
			1375	629
			1376	629
			1377	628
			1378	628
			1379	628
			1380	627
			1381	627
			1382	627
			1383	627
			1384	626
			1385	626
			1386	626
			1387	625
			1388	625
			1389	625
			1390	624
			1391	624
			1392	624
			1393	624
			1394	623
			1395	623
			1396	623
			1397	623
			1398	622
			1399	622
			1400	622
			1401	621
			1402	621
			1403	621
			1404	621
			1405	620
			1406	620
			1407	620
			1408	620
			1409	619
			1410	619
			1411	619
			1412	619
			1413	618
			1414	618
			1415	618
			1416	618
			1417	617
			1418	617
			1419	617
			1420	617
			1421	616
			1422	616
			1423	616
			1424	616
			1425	615
			1426	615
			1427	615
			1428	615
			1429	614
			1430	614
			1431	614
			1432	614
			1433	614
			1434	613
			1435	613
			1436	613
			1437	613
			1438	613
			1439	612
			1440	612
			1441	612
			1442	612
			1443	612
			1444	612
			1445	612
			1446	612
			1447	612
			1448	612
			1449	612
			1450	611
			1451	611
			1452	611
			1453	611
			1454	611
			1455	611
			1456	611
			1457	611
			1458	611
			1459	611
			1460	611
			1461	611
			1462	611
			1463	611
			1464	611
			1465	611
			1466	611
			1467	611
			1468	611
			1469	611
			1470	611
			1471	611
			1472	611
			1473	611
			1474	610
			1475	610
			1476	610
			1477	610
			1478	610
			1479	610
			1480	610
			1481	610
			1482	610
			1483	610
			1484	610
			1485	610
			1486	610
			1487	610
			1488	610
			1489	610
			1490	610
			1491	610
			1492	610
			1493	610
			1494	610
			1495	610
			1496	610
			1497	610
			1498	610
			1499	610
			1500	610
			1501	610
			1502	610
			1503	610
			1504	610
			1505	610
			1506	610
			1507	610
			1508	610
			1509	610
			1510	610
			1511	610
			1512	610
			1513	610
			1514	610
			1515	610
			1516	610
			1517	610
			1518	610
			1519	610
			1520	610
			1521	610
			1522	610
			1523	610
			1524	610
			1525	610
			1526	610
			1527	610
			1528	610
			1529	610
			1530	610
			1531	610
			1532	610
			1533	610
			1534	610
			1535	611
			1536	611
			1537	611
			1538	611
			1539	611
			1540	611
			1541	611
			1542	611
			1543	611
			1544	611
			1545	611
			1546	611
			1547	611
			1548	611
			1549	611
			1550	611
			1551	611
			1552	611
			1553	611
			1554	611
			1555	611
			1556	611
			1557	611
			1558	611
			1559	612
			1560	612
			1561	612
			1562	612
			1563	612
			1564	612
			1565	612
			1566	612
			1567	612
			1568	612
			1569	612
			1570	612
			1571	612
			1572	612
			1573	612
			1574	612
			1575	613
			1576	613
			1577	613
			1578	613
			1579	613
			1580	613
			1581	613
			1582	613
			1583	613
			1584	613
			1585	613
			1586	613
			1587	613
			1588	613
			1589	614
			1590	614
			1591	614
			1592	614
			1593	614
			1594	614
			1595	614
			1596	614
			1597	614
			1598	614
			1599	614
			1600	615
			1601	615
			1602	615
			1603	615
			1604	615
			1605	615
			1606	615
			1607	615
			1608	615
			1609	616
			1610	616
			1611	616
			1612	616
			1613	616
			1614	616
			1615	616
			1616	616
			1617	616
			1618	616
			1618	617
			1619	617
			1620	617
			1621	617
			1622	617
			1623	617
			1624	617
			1625	617
			1626	617
			1627	618
			1628	618
			1629	618
			1630	618
			1631	618
			1632	618
			1633	618
			1634	619
			1635	619
			1636	619
			1637	619
			1638	619
			1639	619
			1640	619
			1641	619
			1642	620
			1643	620
			1644	620
			1645	620
			1646	620
			1647	620
			1648	620
			1649	621
			1650	621
			1651	621
			1652	621
			1653	621
			1654	621
			1655	622
			1656	622
			1657	622
			1658	622
			1659	622
			1660	622
			1661	622
			1662	623
			1663	623
			1664	623
			1665	623
			1666	624
			1667	624
			1668	625
			1669	625
			1670	626
			1671	626
			1672	627
			1673	627
			1674	628
			1675	629
			1676	629
			1677	630
			1678	630
			1679	631
			1680	631
			1681	632
			1682	632
			1682	633
			1683	633
			1684	634
			1685	634
			1686	635
			1687	635
			1688	636
			1689	636
			1690	637
			1691	637
			1692	638
			1693	638
			1694	639
			1695	640
			1696	640
			1697	641
			1698	641
			1699	642
			1700	642
			1701	643
			1702	643
			1703	644
			1704	644
			1705	645
			1706	645
			1707	646
			1708	646
			1709	647
			1710	647
			1711	648
			1712	648
			1713	649
			1714	650
			1715	650
			1716	651
			1717	651
			1718	652
			1719	653
			1720	653
			1721	653
			1721	654
			1722	654
			1723	655
			1724	655
			1725	656
			1726	657
			1727	657
			1728	657
			1729	658
			1730	658
			1730	659
			1731	659
			1732	660
			1733	660
			1734	661
			1735	662
			1736	662
			1737	663
			1738	663
			1739	664
			1740	664
			1741	665
			1742	666
			1743	666
			1744	667
			1745	667
			1746	668
			1747	668
			1748	669
			1749	669
			1750	670
			1751	671
			1752	671
			1753	672
			1754	672
			1755	673
			1756	673
			1757	674
			1758	674
			1758	675
			1759	676
			1760	676
			1761	677
			1762	677
			1763	678
			1764	678
			1765	679
			1766	679
			1767	680
			1768	681
			1769	681
			1770	682
			1771	682
			1772	683
			1773	683
			1774	684
			1775	685
			1776	685
			1776	686
			1777	686
			1778	687
			1779	687
			1780	688
			1781	688
			1782	689
			1783	690
			1784	690
			1785	691
			1786	691
			1787	692
			1788	692
			1789	693
			1789	694
			1790	694
			1791	695
			1792	695
			1793	696
			1794	696
			1795	697
			1796	698
			1797	698
			1798	699
			1799	699
			1800	700
			1801	700
			1801	701
			1802	702
			1803	702
			1804	703
			1805	703
			1806	704
			1807	704
			1808	705
			1809	706
			1810	706
			1811	707
			1812	708
			1813	708
			1814	709
			1815	710
			1816	710
			1817	711
			1818	712
			1819	712
			1820	713
			1821	713
			1821	714
			1822	714
			1823	715
			1824	715
			1825	716
			1826	717
			1827	717
			1828	718
			1829	718
			1830	719
			1831	720
			1832	720
			1832	721
			1833	721
			1834	722
			1835	723
			1836	723
			1837	724
			1838	724
			1839	725
			1840	726
			1841	726
			1842	727
			1843	728
			1844	729
			1845	729
			1846	730
			1847	730
			1848	731
			1849	732
			1850	732
			1851	733
			1852	734
			1853	735
			1854	735
			1855	736
			1856	736
			1857	737
			1858	738
			1859	738
			1860	739
			1861	740
			1862	741
			1863	742
			1864	742
			1865	742
			1865	743
			1866	743
			1867	744
			1868	744
			1869	745
			1870	745
			1871	746
			1872	747
			1873	747
			1874	748
			1875	748
			1876	749
			1877	749
			1878	750
			1879	750
			1879	751
			1880	752
			1881	752
			1882	753
			1883	753
			1884	754
			1885	755
			1886	755
			1887	756
			1888	756
			1889	757
			1890	757
			1891	758
			1892	759
			1893	759
			1894	760
			1894	761
			1895	761
			1896	762
			1897	762
			1898	763
			1899	764
			1900	764
			1901	765
			1902	766
			1903	766
			1903	767
			1904	767
			1905	768
			1906	769
			1907	769
			1908	770
			1909	771
			1910	771
			1910	772
			1911	773
			1912	773
			1913	774
			1914	775
			1915	775
			1915	776
			1916	777
			1917	778
			1918	778
			1919	779
			1920	780
			1921	780
			1921	781
			1922	782
			1923	782
			1924	783
			1925	784
			1925	785
			1926	785
			1927	786
			1928	787
			1929	787
			1929	788
			1930	789
			1931	790
			1932	790
			1933	791
			1933	792
			1934	793
			1935	793
			1936	794
			1937	795
			1937	796
			1938	796
			1939	797
			1940	798
			1940	799
			1941	800
			1942	800
			1943	801
			1943	802
			1944	803
			1945	803
			1946	804
			1946	805
			1947	806
			1948	807
			1949	807
			1949	808
			1950	809
			1951	810
			1951	811
			1952	812
			1953	812
			1954	813
			1954	814
			1955	815
			1956	816
			1956	817
			1957	817
			1958	818
			1958	819
			1959	820
			1960	821
			1960	822
			1961	822
			1962	823
			1963	824
			1963	825
			1964	826
			1965	827
			1965	828
			1966	829
			1967	829
			1967	830
			1968	831
			1968	832
			1969	833
			1970	834
			1970	835
			1971	836
			1972	837
			1973	838
			1974	839
			1974	840
			1975	841
			1975	842
			1976	843
			1977	844
			1977	845
			1978	846
		</C1>
		<C2 type=matrix rownames=FALSE colnames=FALSE nrow=228 ncol=2 as.numeric=TRUE >
			1591	1206
			1591	1207
			1591	1208
			1591	1209
			1592	1210
			1592	1211
			1592	1212
			1592	1213
			1592	1214
			1592	1215
			1592	1216
			1593	1216
			1593	1217
			1593	1218
			1593	1219
			1593	1220
			1593	1221
			1593	1222
			1593	1223
			1593	1224
			1593	1225
			1593	1226
			1593	1227
			1593	1228
			1593	1229
			1593	1230
			1593	1231
			1593	1232
			1593	1233
			1593	1234
			1593	1235
			1593	1236
			1593	1237
			1593	1238
			1593	1239
			1593	1240
			1593	1241
			1592	1242
			1592	1243
			1592	1244
			1592	1245
			1592	1246
			1591	1247
			1591	1248
			1591	1249
			1590	1250
			1590	1251
			1590	1252
			1589	1253
			1589	1254
			1589	1255
			1588	1256
			1588	1257
			1587	1257
			1587	1258
			1586	1259
			1586	1260
			1585	1260
			1585	1261
			1584	1262
			1584	1263
			1583	1263
			1582	1264
			1582	1265
			1581	1265
			1580	1266
			1579	1267
			1578	1267
			1577	1268
			1576	1269
			1575	1269
			1574	1270
			1573	1270
			1572	1271
			1571	1271
			1570	1272
			1569	1272
			1568	1272
			1567	1273
			1566	1273
			1565	1273
			1564	1273
			1563	1273
			1562	1274
			1561	1274
			1560	1274
			1559	1274
			1558	1274
			1557	1274
			1556	1274
			1555	1274
			1554	1274
			1553	1274
			1552	1274
			1551	1274
			1550	1274
			1549	1274
			1548	1274
			1547	1274
			1546	1274
			1545	1274
			1544	1274
			1543	1274
			1542	1274
			1541	1274
			1540	1274
			1539	1273
			1538	1273
			1537	1273
			1536	1273
			1535	1272
			1534	1272
			1533	1272
			1532	1271
			1531	1271
			1530	1270
			1529	1270
			1528	1269
			1527	1269
			1526	1268
			1525	1268
			1524	1268
			1524	1267
			1523	1267
			1522	1266
			1521	1266
			1520	1265
			1519	1264
			1518	1263
			1517	1263
			1516	1262
			1515	1261
			1514	1260
			1513	1259
			1512	1259
			1511	1258
			1510	1257
			1509	1256
			1509	1255
			1508	1254
			1507	1253
			1507	1252
			1506	1251
			1505	1250
			1505	1249
			1504	1248
			1504	1247
			1503	1246
			1503	1245
			1502	1244
			1502	1243
			1501	1242
			1501	1241
			1501	1240
			1500	1239
			1500	1238
			1500	1237
			1500	1236
			1500	1235
			1500	1234
			1499	1233
			1499	1232
			1499	1231
			1499	1230
			1499	1229
			1499	1228
			1499	1227
			1499	1226
			1499	1225
			1499	1224
			1500	1223
			1500	1222
			1500	1221
			1500	1220
			1500	1219
			1500	1218
			1500	1217
			1501	1217
			1501	1216
			1501	1215
			1501	1214
			1501	1213
			1502	1212
			1502	1211
			1502	1210
			1503	1209
			1503	1208
			1503	1207
			1504	1206
			1504	1205
			1504	1204
			1505	1203
			1505	1202
			1505	1201
			1506	1200
			1506	1199
			1506	1198
			1507	1198
			1507	1197
			1508	1196
			1508	1195
			1508	1194
			1509	1193
			1510	1192
			1510	1191
			1511	1190
			1511	1189
			1512	1188
			1512	1187
			1513	1186
			1513	1185
			1514	1184
			1514	1183
			1515	1182
			1516	1181
			1516	1180
			1517	1179
			1518	1178
			1518	1177
			1519	1176
			1519	1175
			1520	1174
			1521	1173
			1521	1172
			1522	1171
			1523	1170
			1523	1169
			1524	1168
		</C2>
	</curves.pixel>
	<curves.scaled type=list>
		<C1 type=matrix rownames=FALSE colnames=FALSE nrow=727 ncol=2 as.numeric=TRUE >
			3176.47058823529	-1634.80392156863
			3178.92156862745	-1634.80392156863
			3178.92156862745	-1632.35294117647
			3181.37254901961	-1632.35294117647
			3183.82352941176	-1629.90196078431
			3186.27450980392	-1627.45098039216
			3188.72549019608	-1627.45098039216
			3191.17647058824	-1625
			3193.62745098039	-1622.54901960784
			3196.07843137255	-1620.09803921569
			3198.52941176471	-1620.09803921569
			3200.98039215686	-1617.64705882353
			3203.43137254902	-1617.64705882353
			3203.43137254902	-1615.19607843137
			3205.88235294118	-1615.19607843137
			3208.33333333333	-1615.19607843137
			3210.78431372549	-1612.74509803922
			3213.23529411765	-1610.29411764706
			3215.6862745098	-1610.29411764706
			3218.13725490196	-1607.8431372549
			3220.58823529412	-1607.8431372549
			3223.03921568627	-1605.39215686275
			3225.49019607843	-1605.39215686275
			3227.94117647059	-1602.94117647059
			3230.39215686275	-1602.94117647059
			3232.8431372549	-1600.49019607843
			3235.29411764706	-1598.03921568627
			3237.74509803922	-1598.03921568627
			3240.19607843137	-1595.58823529412
			3242.64705882353	-1595.58823529412
			3242.64705882353	-1593.13725490196
			3245.09803921569	-1593.13725490196
			3247.54901960784	-1593.13725490196
			3247.54901960784	-1590.6862745098
			3250	-1590.6862745098
			3252.45098039216	-1590.6862745098
			3252.45098039216	-1588.23529411765
			3254.90196078431	-1588.23529411765
			3257.35294117647	-1588.23529411765
			3257.35294117647	-1585.78431372549
			3259.80392156863	-1585.78431372549
			3262.25490196078	-1585.78431372549
			3264.70588235294	-1583.33333333333
			3267.1568627451	-1583.33333333333
			3269.60784313726	-1580.88235294118
			3272.05882352941	-1580.88235294118
			3274.50980392157	-1578.43137254902
			3276.96078431373	-1578.43137254902
			3279.41176470588	-1578.43137254902
			3281.86274509804	-1575.98039215686
			3284.3137254902	-1573.52941176471
			3286.76470588235	-1573.52941176471
			3289.21568627451	-1571.07843137255
			3291.66666666667	-1571.07843137255
			3294.11764705882	-1571.07843137255
			3296.56862745098	-1568.62745098039
			3299.01960784314	-1568.62745098039
			3301.47058823529	-1566.17647058824
			3303.92156862745	-1566.17647058824
			3306.37254901961	-1566.17647058824
			3308.82352941176	-1563.72549019608
			3311.27450980392	-1563.72549019608
			3313.72549019608	-1561.27450980392
			3316.17647058824	-1561.27450980392
			3318.62745098039	-1561.27450980392
			3321.07843137255	-1558.82352941176
			3323.52941176471	-1558.82352941176
			3325.98039215686	-1558.82352941176
			3328.43137254902	-1556.37254901961
			3330.88235294118	-1556.37254901961
			3333.33333333333	-1553.92156862745
			3335.78431372549	-1553.92156862745
			3338.23529411765	-1553.92156862745
			3340.6862745098	-1551.47058823529
			3343.13725490196	-1551.47058823529
			3345.58823529412	-1551.47058823529
			3348.03921568627	-1549.01960784314
			3350.49019607843	-1549.01960784314
			3352.94117647059	-1549.01960784314
			3355.39215686275	-1546.56862745098
			3357.8431372549	-1546.56862745098
			3360.29411764706	-1546.56862745098
			3362.74509803922	-1544.11764705882
			3365.19607843137	-1544.11764705882
			3367.64705882353	-1541.66666666667
			3370.09803921569	-1541.66666666667
			3372.54901960784	-1541.66666666667
			3375	-1539.21568627451
			3377.45098039216	-1539.21568627451
			3379.90196078431	-1539.21568627451
			3382.35294117647	-1536.76470588235
			3384.80392156863	-1536.76470588235
			3387.25490196078	-1536.76470588235
			3389.70588235294	-1536.76470588235
			3392.1568627451	-1534.3137254902
			3394.60784313726	-1534.3137254902
			3397.05882352941	-1534.3137254902
			3399.50980392157	-1531.86274509804
			3401.96078431373	-1531.86274509804
			3404.41176470588	-1531.86274509804
			3406.86274509804	-1529.41176470588
			3409.3137254902	-1529.41176470588
			3411.76470588235	-1529.41176470588
			3414.21568627451	-1529.41176470588
			3416.66666666667	-1526.96078431373
			3419.11764705882	-1526.96078431373
			3421.56862745098	-1526.96078431373
			3424.01960784314	-1526.96078431373
			3426.47058823529	-1524.50980392157
			3428.92156862745	-1524.50980392157
			3431.37254901961	-1524.50980392157
			3433.82352941176	-1522.05882352941
			3436.27450980392	-1522.05882352941
			3438.72549019608	-1522.05882352941
			3441.17647058824	-1522.05882352941
			3443.62745098039	-1519.60784313726
			3446.07843137255	-1519.60784313726
			3448.52941176471	-1519.60784313726
			3450.98039215686	-1519.60784313726
			3453.43137254902	-1517.1568627451
			3455.88235294118	-1517.1568627451
			3458.33333333333	-1517.1568627451
			3460.78431372549	-1517.1568627451
			3463.23529411765	-1514.70588235294
			3465.6862745098	-1514.70588235294
			3468.13725490196	-1514.70588235294
			3470.58823529412	-1514.70588235294
			3473.03921568627	-1512.25490196078
			3475.49019607843	-1512.25490196078
			3477.94117647059	-1512.25490196078
			3480.39215686275	-1512.25490196078
			3482.8431372549	-1509.80392156863
			3485.29411764706	-1509.80392156863
			3487.74509803922	-1509.80392156863
			3490.19607843137	-1509.80392156863
			3492.64705882353	-1507.35294117647
			3495.09803921569	-1507.35294117647
			3497.54901960784	-1507.35294117647
			3500	-1507.35294117647
			3502.45098039216	-1504.90196078431
			3504.90196078431	-1504.90196078431
			3507.35294117647	-1504.90196078431
			3509.80392156863	-1504.90196078431
			3512.25490196078	-1504.90196078431
			3514.70588235294	-1502.45098039216
			3517.1568627451	-1502.45098039216
			3519.60784313726	-1502.45098039216
			3522.05882352941	-1502.45098039216
			3524.50980392157	-1502.45098039216
			3526.96078431373	-1500
			3529.41176470588	-1500
			3531.86274509804	-1500
			3534.3137254902	-1500
			3536.76470588235	-1500
			3539.21568627451	-1500
			3541.66666666667	-1500
			3544.11764705882	-1500
			3546.56862745098	-1500
			3549.01960784314	-1500
			3551.47058823529	-1500
			3553.92156862745	-1497.54901960784
			3556.37254901961	-1497.54901960784
			3558.82352941176	-1497.54901960784
			3561.27450980392	-1497.54901960784
			3563.72549019608	-1497.54901960784
			3566.17647058824	-1497.54901960784
			3568.62745098039	-1497.54901960784
			3571.07843137255	-1497.54901960784
			3573.52941176471	-1497.54901960784
			3575.98039215686	-1497.54901960784
			3578.43137254902	-1497.54901960784
			3580.88235294118	-1497.54901960784
			3583.33333333333	-1497.54901960784
			3585.78431372549	-1497.54901960784
			3588.23529411765	-1497.54901960784
			3590.6862745098	-1497.54901960784
			3593.13725490196	-1497.54901960784
			3595.58823529412	-1497.54901960784
			3598.03921568627	-1497.54901960784
			3600.49019607843	-1497.54901960784
			3602.94117647059	-1497.54901960784
			3605.39215686275	-1497.54901960784
			3607.8431372549	-1497.54901960784
			3610.29411764706	-1497.54901960784
			3612.74509803922	-1495.09803921569
			3615.19607843137	-1495.09803921569
			3617.64705882353	-1495.09803921569
			3620.09803921569	-1495.09803921569
			3622.54901960784	-1495.09803921569
			3625	-1495.09803921569
			3627.45098039216	-1495.09803921569
			3629.90196078431	-1495.09803921569
			3632.35294117647	-1495.09803921569
			3634.80392156863	-1495.09803921569
			3637.25490196078	-1495.09803921569
			3639.70588235294	-1495.09803921569
			3642.1568627451	-1495.09803921569
			3644.60784313726	-1495.09803921569
			3647.05882352941	-1495.09803921569
			3649.50980392157	-1495.09803921569
			3651.96078431373	-1495.09803921569
			3654.41176470588	-1495.09803921569
			3656.86274509804	-1495.09803921569
			3659.3137254902	-1495.09803921569
			3661.76470588235	-1495.09803921569
			3664.21568627451	-1495.09803921569
			3666.66666666667	-1495.09803921569
			3669.11764705882	-1495.09803921569
			3671.56862745098	-1495.09803921569
			3674.01960784314	-1495.09803921569
			3676.47058823529	-1495.09803921569
			3678.92156862745	-1495.09803921569
			3681.37254901961	-1495.09803921569
			3683.82352941176	-1495.09803921569
			3686.27450980392	-1495.09803921569
			3688.72549019608	-1495.09803921569
			3691.17647058824	-1495.09803921569
			3693.62745098039	-1495.09803921569
			3696.07843137255	-1495.09803921569
			3698.52941176471	-1495.09803921569
			3700.98039215686	-1495.09803921569
			3703.43137254902	-1495.09803921569
			3705.88235294118	-1495.09803921569
			3708.33333333333	-1495.09803921569
			3710.78431372549	-1495.09803921569
			3713.23529411765	-1495.09803921569
			3715.6862745098	-1495.09803921569
			3718.13725490196	-1495.09803921569
			3720.58823529412	-1495.09803921569
			3723.03921568627	-1495.09803921569
			3725.49019607843	-1495.09803921569
			3727.94117647059	-1495.09803921569
			3730.39215686275	-1495.09803921569
			3732.8431372549	-1495.09803921569
			3735.29411764706	-1495.09803921569
			3737.74509803922	-1495.09803921569
			3740.19607843137	-1495.09803921569
			3742.64705882353	-1495.09803921569
			3745.09803921569	-1495.09803921569
			3747.54901960784	-1495.09803921569
			3750	-1495.09803921569
			3752.45098039216	-1495.09803921569
			3754.90196078431	-1495.09803921569
			3757.35294117647	-1495.09803921569
			3759.80392156863	-1495.09803921569
			3762.25490196078	-1497.54901960784
			3764.70588235294	-1497.54901960784
			3767.1568627451	-1497.54901960784
			3769.60784313726	-1497.54901960784
			3772.05882352941	-1497.54901960784
			3774.50980392157	-1497.54901960784
			3776.96078431373	-1497.54901960784
			3779.41176470588	-1497.54901960784
			3781.86274509804	-1497.54901960784
			3784.3137254902	-1497.54901960784
			3786.76470588235	-1497.54901960784
			3789.21568627451	-1497.54901960784
			3791.66666666667	-1497.54901960784
			3794.11764705882	-1497.54901960784
			3796.56862745098	-1497.54901960784
			3799.01960784314	-1497.54901960784
			3801.47058823529	-1497.54901960784
			3803.92156862745	-1497.54901960784
			3806.37254901961	-1497.54901960784
			3808.82352941176	-1497.54901960784
			3811.27450980392	-1497.54901960784
			3813.72549019608	-1497.54901960784
			3816.17647058824	-1497.54901960784
			3818.62745098039	-1497.54901960784
			3821.07843137255	-1500
			3823.52941176471	-1500
			3825.98039215686	-1500
			3828.43137254902	-1500
			3830.88235294118	-1500
			3833.33333333333	-1500
			3835.78431372549	-1500
			3838.23529411765	-1500
			3840.6862745098	-1500
			3843.13725490196	-1500
			3845.58823529412	-1500
			3848.03921568627	-1500
			3850.49019607843	-1500
			3852.94117647059	-1500
			3855.39215686275	-1500
			3857.8431372549	-1500
			3860.29411764706	-1502.45098039216
			3862.74509803922	-1502.45098039216
			3865.19607843137	-1502.45098039216
			3867.64705882353	-1502.45098039216
			3870.09803921569	-1502.45098039216
			3872.54901960784	-1502.45098039216
			3875	-1502.45098039216
			3877.45098039216	-1502.45098039216
			3879.90196078431	-1502.45098039216
			3882.35294117647	-1502.45098039216
			3884.80392156863	-1502.45098039216
			3887.25490196078	-1502.45098039216
			3889.70588235294	-1502.45098039216
			3892.1568627451	-1502.45098039216
			3894.60784313726	-1504.90196078431
			3897.05882352941	-1504.90196078431
			3899.50980392157	-1504.90196078431
			3901.96078431373	-1504.90196078431
			3904.41176470588	-1504.90196078431
			3906.86274509804	-1504.90196078431
			3909.3137254902	-1504.90196078431
			3911.76470588235	-1504.90196078431
			3914.21568627451	-1504.90196078431
			3916.66666666667	-1504.90196078431
			3919.11764705882	-1504.90196078431
			3921.56862745098	-1507.35294117647
			3924.01960784314	-1507.35294117647
			3926.47058823529	-1507.35294117647
			3928.92156862745	-1507.35294117647
			3931.37254901961	-1507.35294117647
			3933.82352941176	-1507.35294117647
			3936.27450980392	-1507.35294117647
			3938.72549019608	-1507.35294117647
			3941.17647058824	-1507.35294117647
			3943.62745098039	-1509.80392156863
			3946.07843137255	-1509.80392156863
			3948.52941176471	-1509.80392156863
			3950.98039215686	-1509.80392156863
			3953.43137254902	-1509.80392156863
			3955.88235294118	-1509.80392156863
			3958.33333333333	-1509.80392156863
			3960.78431372549	-1509.80392156863
			3963.23529411765	-1509.80392156863
			3965.6862745098	-1509.80392156863
			3965.6862745098	-1512.25490196078
			3968.13725490196	-1512.25490196078
			3970.58823529412	-1512.25490196078
			3973.03921568627	-1512.25490196078
			3975.49019607843	-1512.25490196078
			3977.94117647059	-1512.25490196078
			3980.39215686275	-1512.25490196078
			3982.8431372549	-1512.25490196078
			3985.29411764706	-1512.25490196078
			3987.74509803922	-1514.70588235294
			3990.19607843137	-1514.70588235294
			3992.64705882353	-1514.70588235294
			3995.09803921569	-1514.70588235294
			3997.54901960784	-1514.70588235294
			4000	-1514.70588235294
			4002.45098039216	-1514.70588235294
			4004.90196078431	-1517.1568627451
			4007.35294117647	-1517.1568627451
			4009.80392156863	-1517.1568627451
			4012.25490196078	-1517.1568627451
			4014.70588235294	-1517.1568627451
			4017.1568627451	-1517.1568627451
			4019.60784313726	-1517.1568627451
			4022.05882352941	-1517.1568627451
			4024.50980392157	-1519.60784313726
			4026.96078431373	-1519.60784313726
			4029.41176470588	-1519.60784313726
			4031.86274509804	-1519.60784313726
			4034.3137254902	-1519.60784313726
			4036.76470588235	-1519.60784313726
			4039.21568627451	-1519.60784313726
			4041.66666666667	-1522.05882352941
			4044.11764705882	-1522.05882352941
			4046.56862745098	-1522.05882352941
			4049.01960784314	-1522.05882352941
			4051.47058823529	-1522.05882352941
			4053.92156862745	-1522.05882352941
			4056.37254901961	-1524.50980392157
			4058.82352941176	-1524.50980392157
			4061.27450980392	-1524.50980392157
			4063.72549019608	-1524.50980392157
			4066.17647058824	-1524.50980392157
			4068.62745098039	-1524.50980392157
			4071.07843137255	-1524.50980392157
			4073.52941176471	-1526.96078431373
			4075.98039215686	-1526.96078431373
			4078.43137254902	-1526.96078431373
			4080.88235294118	-1526.96078431373
			4083.33333333333	-1529.41176470588
			4085.78431372549	-1529.41176470588
			4088.23529411765	-1531.86274509804
			4090.6862745098	-1531.86274509804
			4093.13725490196	-1534.3137254902
			4095.58823529412	-1534.3137254902
			4098.03921568627	-1536.76470588235
			4100.49019607843	-1536.76470588235
			4102.94117647059	-1539.21568627451
			4105.39215686275	-1541.66666666667
			4107.8431372549	-1541.66666666667
			4110.29411764706	-1544.11764705882
			4112.74509803922	-1544.11764705882
			4115.19607843137	-1546.56862745098
			4117.64705882353	-1546.56862745098
			4120.09803921569	-1549.01960784314
			4122.54901960784	-1549.01960784314
			4122.54901960784	-1551.47058823529
			4125	-1551.47058823529
			4127.45098039216	-1553.92156862745
			4129.90196078431	-1553.92156862745
			4132.35294117647	-1556.37254901961
			4134.80392156863	-1556.37254901961
			4137.25490196078	-1558.82352941176
			4139.70588235294	-1558.82352941176
			4142.1568627451	-1561.27450980392
			4144.60784313726	-1561.27450980392
			4147.05882352941	-1563.72549019608
			4149.50980392157	-1563.72549019608
			4151.96078431373	-1566.17647058824
			4154.41176470588	-1568.62745098039
			4156.86274509804	-1568.62745098039
			4159.3137254902	-1571.07843137255
			4161.76470588235	-1571.07843137255
			4164.21568627451	-1573.52941176471
			4166.66666666667	-1573.52941176471
			4169.11764705882	-1575.98039215686
			4171.56862745098	-1575.98039215686
			4174.01960784314	-1578.43137254902
			4176.47058823529	-1578.43137254902
			4178.92156862745	-1580.88235294118
			4181.37254901961	-1580.88235294118
			4183.82352941176	-1583.33333333333
			4186.27450980392	-1583.33333333333
			4188.72549019608	-1585.78431372549
			4191.17647058824	-1585.78431372549
			4193.62745098039	-1588.23529411765
			4196.07843137255	-1588.23529411765
			4198.52941176471	-1590.6862745098
			4200.98039215686	-1593.13725490196
			4203.43137254902	-1593.13725490196
			4205.88235294118	-1595.58823529412
			4208.33333333333	-1595.58823529412
			4210.78431372549	-1598.03921568627
			4213.23529411765	-1600.49019607843
			4215.6862745098	-1600.49019607843
			4218.13725490196	-1600.49019607843
			4218.13725490196	-1602.94117647059
			4220.58823529412	-1602.94117647059
			4223.03921568627	-1605.39215686275
			4225.49019607843	-1605.39215686275
			4227.94117647059	-1607.8431372549
			4230.39215686275	-1610.29411764706
			4232.8431372549	-1610.29411764706
			4235.29411764706	-1610.29411764706
			4237.74509803922	-1612.74509803922
			4240.19607843137	-1612.74509803922
			4240.19607843137	-1615.19607843137
			4242.64705882353	-1615.19607843137
			4245.09803921569	-1617.64705882353
			4247.54901960784	-1617.64705882353
			4250	-1620.09803921569
			4252.45098039216	-1622.54901960784
			4254.90196078431	-1622.54901960784
			4257.35294117647	-1625
			4259.80392156863	-1625
			4262.25490196078	-1627.45098039216
			4264.70588235294	-1627.45098039216
			4267.1568627451	-1629.90196078431
			4269.60784313726	-1632.35294117647
			4272.05882352941	-1632.35294117647
			4274.50980392157	-1634.80392156863
			4276.96078431373	-1634.80392156863
			4279.41176470588	-1637.25490196078
			4281.86274509804	-1637.25490196078
			4284.3137254902	-1639.70588235294
			4286.76470588235	-1639.70588235294
			4289.21568627451	-1642.1568627451
			4291.66666666667	-1644.60784313726
			4294.11764705882	-1644.60784313726
			4296.56862745098	-1647.05882352941
			4299.01960784314	-1647.05882352941
			4301.47058823529	-1649.50980392157
			4303.92156862745	-1649.50980392157
			4306.37254901961	-1651.96078431373
			4308.82352941176	-1651.96078431373
			4308.82352941176	-1654.41176470588
			4311.27450980392	-1656.86274509804
			4313.72549019608	-1656.86274509804
			4316.17647058824	-1659.3137254902
			4318.62745098039	-1659.3137254902
			4321.07843137255	-1661.76470588235
			4323.52941176471	-1661.76470588235
			4325.98039215686	-1664.21568627451
			4328.43137254902	-1664.21568627451
			4330.88235294118	-1666.66666666667
			4333.33333333333	-1669.11764705882
			4335.78431372549	-1669.11764705882
			4338.23529411765	-1671.56862745098
			4340.6862745098	-1671.56862745098
			4343.13725490196	-1674.01960784314
			4345.58823529412	-1674.01960784314
			4348.03921568627	-1676.47058823529
			4350.49019607843	-1678.92156862745
			4352.94117647059	-1678.92156862745
			4352.94117647059	-1681.37254901961
			4355.39215686275	-1681.37254901961
			4357.8431372549	-1683.82352941176
			4360.29411764706	-1683.82352941176
			4362.74509803922	-1686.27450980392
			4365.19607843137	-1686.27450980392
			4367.64705882353	-1688.72549019608
			4370.09803921569	-1691.17647058824
			4372.54901960784	-1691.17647058824
			4375	-1693.62745098039
			4377.45098039216	-1693.62745098039
			4379.90196078431	-1696.07843137255
			4382.35294117647	-1696.07843137255
			4384.80392156863	-1698.52941176471
			4384.80392156863	-1700.98039215686
			4387.25490196078	-1700.98039215686
			4389.70588235294	-1703.43137254902
			4392.1568627451	-1703.43137254902
			4394.60784313726	-1705.88235294118
			4397.05882352941	-1705.88235294118
			4399.50980392157	-1708.33333333333
			4401.96078431373	-1710.78431372549
			4404.41176470588	-1710.78431372549
			4406.86274509804	-1713.23529411765
			4409.3137254902	-1713.23529411765
			4411.76470588235	-1715.6862745098
			4414.21568627451	-1715.6862745098
			4414.21568627451	-1718.13725490196
			4416.66666666667	-1720.58823529412
			4419.11764705882	-1720.58823529412
			4421.56862745098	-1723.03921568627
			4424.01960784314	-1723.03921568627
			4426.47058823529	-1725.49019607843
			4428.92156862745	-1725.49019607843
			4431.37254901961	-1727.94117647059
			4433.82352941176	-1730.39215686275
			4436.27450980392	-1730.39215686275
			4438.72549019608	-1732.8431372549
			4441.17647058824	-1735.29411764706
			4443.62745098039	-1735.29411764706
			4446.07843137255	-1737.74509803922
			4448.52941176471	-1740.19607843137
			4450.98039215686	-1740.19607843137
			4453.43137254902	-1742.64705882353
			4455.88235294118	-1745.09803921569
			4458.33333333333	-1745.09803921569
			4460.78431372549	-1747.54901960784
			4463.23529411765	-1747.54901960784
			4463.23529411765	-1750
			4465.6862745098	-1750
			4468.13725490196	-1752.45098039216
			4470.58823529412	-1752.45098039216
			4473.03921568627	-1754.90196078431
			4475.49019607843	-1757.35294117647
			4477.94117647059	-1757.35294117647
			4480.39215686275	-1759.80392156863
			4482.8431372549	-1759.80392156863
			4485.29411764706	-1762.25490196078
			4487.74509803922	-1764.70588235294
			4490.19607843137	-1764.70588235294
			4490.19607843137	-1767.1568627451
			4492.64705882353	-1767.1568627451
			4495.09803921569	-1769.60784313726
			4497.54901960784	-1772.05882352941
			4500	-1772.05882352941
			4502.45098039216	-1774.50980392157
			4504.90196078431	-1774.50980392157
			4507.35294117647	-1776.96078431373
			4509.80392156863	-1779.41176470588
			4512.25490196078	-1779.41176470588
			4514.70588235294	-1781.86274509804
			4517.1568627451	-1784.3137254902
			4519.60784313726	-1786.76470588235
			4522.05882352941	-1786.76470588235
			4524.50980392157	-1789.21568627451
			4526.96078431373	-1789.21568627451
			4529.41176470588	-1791.66666666667
			4531.86274509804	-1794.11764705882
			4534.3137254902	-1794.11764705882
			4536.76470588235	-1796.56862745098
			4539.21568627451	-1799.01960784314
			4541.66666666667	-1801.47058823529
			4544.11764705882	-1801.47058823529
			4546.56862745098	-1803.92156862745
			4549.01960784314	-1803.92156862745
			4551.47058823529	-1806.37254901961
			4553.92156862745	-1808.82352941176
			4556.37254901961	-1808.82352941176
			4558.82352941176	-1811.27450980392
			4561.27450980392	-1813.72549019608
			4563.72549019608	-1816.17647058824
			4566.17647058824	-1818.62745098039
			4568.62745098039	-1818.62745098039
			4571.07843137255	-1818.62745098039
			4571.07843137255	-1821.07843137255
			4573.52941176471	-1821.07843137255
			4575.98039215686	-1823.52941176471
			4578.43137254902	-1823.52941176471
			4580.88235294118	-1825.98039215686
			4583.33333333333	-1825.98039215686
			4585.78431372549	-1828.43137254902
			4588.23529411765	-1830.88235294118
			4590.6862745098	-1830.88235294118
			4593.13725490196	-1833.33333333333
			4595.58823529412	-1833.33333333333
			4598.03921568627	-1835.78431372549
			4600.49019607843	-1835.78431372549
			4602.94117647059	-1838.23529411765
			4605.39215686275	-1838.23529411765
			4605.39215686275	-1840.6862745098
			4607.8431372549	-1843.13725490196
			4610.29411764706	-1843.13725490196
			4612.74509803922	-1845.58823529412
			4615.19607843137	-1845.58823529412
			4617.64705882353	-1848.03921568627
			4620.09803921569	-1850.49019607843
			4622.54901960784	-1850.49019607843
			4625	-1852.94117647059
			4627.45098039216	-1852.94117647059
			4629.90196078431	-1855.39215686275
			4632.35294117647	-1855.39215686275
			4634.80392156863	-1857.8431372549
			4637.25490196078	-1860.29411764706
			4639.70588235294	-1860.29411764706
			4642.1568627451	-1862.74509803922
			4642.1568627451	-1865.19607843137
			4644.60784313726	-1865.19607843137
			4647.05882352941	-1867.64705882353
			4649.50980392157	-1867.64705882353
			4651.96078431373	-1870.09803921569
			4654.41176470588	-1872.54901960784
			4656.86274509804	-1872.54901960784
			4659.3137254902	-1875
			4661.76470588235	-1877.45098039216
			4664.21568627451	-1877.45098039216
			4664.21568627451	-1879.90196078431
			4666.66666666667	-1879.90196078431
			4669.11764705882	-1882.35294117647
			4671.56862745098	-1884.80392156863
			4674.01960784314	-1884.80392156863
			4676.47058823529	-1887.25490196078
			4678.92156862745	-1889.70588235294
			4681.37254901961	-1889.70588235294
			4681.37254901961	-1892.1568627451
			4683.82352941176	-1894.60784313726
			4686.27450980392	-1894.60784313726
			4688.72549019608	-1897.05882352941
			4691.17647058824	-1899.50980392157
			4693.62745098039	-1899.50980392157
			4693.62745098039	-1901.96078431373
			4696.07843137255	-1904.41176470588
			4698.52941176471	-1906.86274509804
			4700.98039215686	-1906.86274509804
			4703.43137254902	-1909.3137254902
			4705.88235294118	-1911.76470588235
			4708.33333333333	-1911.76470588235
			4708.33333333333	-1914.21568627451
			4710.78431372549	-1916.66666666667
			4713.23529411765	-1916.66666666667
			4715.6862745098	-1919.11764705882
			4718.13725490196	-1921.56862745098
			4718.13725490196	-1924.01960784314
			4720.58823529412	-1924.01960784314
			4723.03921568627	-1926.47058823529
			4725.49019607843	-1928.92156862745
			4727.94117647059	-1928.92156862745
			4727.94117647059	-1931.37254901961
			4730.39215686275	-1933.82352941176
			4732.8431372549	-1936.27450980392
			4735.29411764706	-1936.27450980392
			4737.74509803922	-1938.72549019608
			4737.74509803922	-1941.17647058824
			4740.19607843137	-1943.62745098039
			4742.64705882353	-1943.62745098039
			4745.09803921569	-1946.07843137255
			4747.54901960784	-1948.52941176471
			4747.54901960784	-1950.98039215686
			4750	-1950.98039215686
			4752.45098039216	-1953.43137254902
			4754.90196078431	-1955.88235294118
			4754.90196078431	-1958.33333333333
			4757.35294117647	-1960.78431372549
			4759.80392156863	-1960.78431372549
			4762.25490196078	-1963.23529411765
			4762.25490196078	-1965.6862745098
			4764.70588235294	-1968.13725490196
			4767.1568627451	-1968.13725490196
			4769.60784313726	-1970.58823529412
			4769.60784313726	-1973.03921568627
			4772.05882352941	-1975.49019607843
			4774.50980392157	-1977.94117647059
			4776.96078431373	-1977.94117647059
			4776.96078431373	-1980.39215686275
			4779.41176470588	-1982.8431372549
			4781.86274509804	-1985.29411764706
			4781.86274509804	-1987.74509803922
			4784.3137254902	-1990.19607843137
			4786.76470588235	-1990.19607843137
			4789.21568627451	-1992.64705882353
			4789.21568627451	-1995.09803921569
			4791.66666666667	-1997.54901960784
			4794.11764705882	-2000
			4794.11764705882	-2002.45098039216
			4796.56862745098	-2002.45098039216
			4799.01960784314	-2004.90196078431
			4799.01960784314	-2007.35294117647
			4801.47058823529	-2009.80392156863
			4803.92156862745	-2012.25490196078
			4803.92156862745	-2014.70588235294
			4806.37254901961	-2014.70588235294
			4808.82352941176	-2017.1568627451
			4811.27450980392	-2019.60784313726
			4811.27450980392	-2022.05882352941
			4813.72549019608	-2024.50980392157
			4816.17647058824	-2026.96078431373
			4816.17647058824	-2029.41176470588
			4818.62745098039	-2031.86274509804
			4821.07843137255	-2031.86274509804
			4821.07843137255	-2034.3137254902
			4823.52941176471	-2036.76470588235
			4823.52941176471	-2039.21568627451
			4825.98039215686	-2041.66666666667
			4828.43137254902	-2044.11764705882
			4828.43137254902	-2046.56862745098
			4830.88235294118	-2049.01960784314
			4833.33333333333	-2051.47058823529
			4835.78431372549	-2053.92156862745
			4838.23529411765	-2056.37254901961
			4838.23529411765	-2058.82352941176
			4840.6862745098	-2061.27450980392
			4840.6862745098	-2063.72549019608
			4843.13725490196	-2066.17647058824
			4845.58823529412	-2068.62745098039
			4845.58823529412	-2071.07843137255
			4848.03921568627	-2073.52941176471
		</C1>
		<C2 type=matrix rownames=FALSE colnames=FALSE nrow=228 ncol=2 as.numeric=TRUE >
			3899.50980392157	-2955.88235294118
			3899.50980392157	-2958.33333333333
			3899.50980392157	-2960.78431372549
			3899.50980392157	-2963.23529411765
			3901.96078431373	-2965.6862745098
			3901.96078431373	-2968.13725490196
			3901.96078431373	-2970.58823529412
			3901.96078431373	-2973.03921568627
			3901.96078431373	-2975.49019607843
			3901.96078431373	-2977.94117647059
			3901.96078431373	-2980.39215686275
			3904.41176470588	-2980.39215686275
			3904.41176470588	-2982.8431372549
			3904.41176470588	-2985.29411764706
			3904.41176470588	-2987.74509803922
			3904.41176470588	-2990.19607843137
			3904.41176470588	-2992.64705882353
			3904.41176470588	-2995.09803921569
			3904.41176470588	-2997.54901960784
			3904.41176470588	-3000
			3904.41176470588	-3002.45098039216
			3904.41176470588	-3004.90196078431
			3904.41176470588	-3007.35294117647
			3904.41176470588	-3009.80392156863
			3904.41176470588	-3012.25490196078
			3904.41176470588	-3014.70588235294
			3904.41176470588	-3017.1568627451
			3904.41176470588	-3019.60784313726
			3904.41176470588	-3022.05882352941
			3904.41176470588	-3024.50980392157
			3904.41176470588	-3026.96078431373
			3904.41176470588	-3029.41176470588
			3904.41176470588	-3031.86274509804
			3904.41176470588	-3034.3137254902
			3904.41176470588	-3036.76470588235
			3904.41176470588	-3039.21568627451
			3904.41176470588	-3041.66666666667
			3901.96078431373	-3044.11764705882
			3901.96078431373	-3046.56862745098
			3901.96078431373	-3049.01960784314
			3901.96078431373	-3051.47058823529
			3901.96078431373	-3053.92156862745
			3899.50980392157	-3056.37254901961
			3899.50980392157	-3058.82352941176
			3899.50980392157	-3061.27450980392
			3897.05882352941	-3063.72549019608
			3897.05882352941	-3066.17647058824
			3897.05882352941	-3068.62745098039
			3894.60784313726	-3071.07843137255
			3894.60784313726	-3073.52941176471
			3894.60784313726	-3075.98039215686
			3892.1568627451	-3078.43137254902
			3892.1568627451	-3080.88235294118
			3889.70588235294	-3080.88235294118
			3889.70588235294	-3083.33333333333
			3887.25490196078	-3085.78431372549
			3887.25490196078	-3088.23529411765
			3884.80392156863	-3088.23529411765
			3884.80392156863	-3090.6862745098
			3882.35294117647	-3093.13725490196
			3882.35294117647	-3095.58823529412
			3879.90196078431	-3095.58823529412
			3877.45098039216	-3098.03921568627
			3877.45098039216	-3100.49019607843
			3875	-3100.49019607843
			3872.54901960784	-3102.94117647059
			3870.09803921569	-3105.39215686275
			3867.64705882353	-3105.39215686275
			3865.19607843137	-3107.8431372549
			3862.74509803922	-3110.29411764706
			3860.29411764706	-3110.29411764706
			3857.8431372549	-3112.74509803922
			3855.39215686275	-3112.74509803922
			3852.94117647059	-3115.19607843137
			3850.49019607843	-3115.19607843137
			3848.03921568627	-3117.64705882353
			3845.58823529412	-3117.64705882353
			3843.13725490196	-3117.64705882353
			3840.6862745098	-3120.09803921569
			3838.23529411765	-3120.09803921569
			3835.78431372549	-3120.09803921569
			3833.33333333333	-3120.09803921569
			3830.88235294118	-3120.09803921569
			3828.43137254902	-3122.54901960784
			3825.98039215686	-3122.54901960784
			3823.52941176471	-3122.54901960784
			3821.07843137255	-3122.54901960784
			3818.62745098039	-3122.54901960784
			3816.17647058824	-3122.54901960784
			3813.72549019608	-3122.54901960784
			3811.27450980392	-3122.54901960784
			3808.82352941176	-3122.54901960784
			3806.37254901961	-3122.54901960784
			3803.92156862745	-3122.54901960784
			3801.47058823529	-3122.54901960784
			3799.01960784314	-3122.54901960784
			3796.56862745098	-3122.54901960784
			3794.11764705882	-3122.54901960784
			3791.66666666667	-3122.54901960784
			3789.21568627451	-3122.54901960784
			3786.76470588235	-3122.54901960784
			3784.3137254902	-3122.54901960784
			3781.86274509804	-3122.54901960784
			3779.41176470588	-3122.54901960784
			3776.96078431373	-3122.54901960784
			3774.50980392157	-3122.54901960784
			3772.05882352941	-3120.09803921569
			3769.60784313726	-3120.09803921569
			3767.1568627451	-3120.09803921569
			3764.70588235294	-3120.09803921569
			3762.25490196078	-3117.64705882353
			3759.80392156863	-3117.64705882353
			3757.35294117647	-3117.64705882353
			3754.90196078431	-3115.19607843137
			3752.45098039216	-3115.19607843137
			3750	-3112.74509803922
			3747.54901960784	-3112.74509803922
			3745.09803921569	-3110.29411764706
			3742.64705882353	-3110.29411764706
			3740.19607843137	-3107.8431372549
			3737.74509803922	-3107.8431372549
			3735.29411764706	-3107.8431372549
			3735.29411764706	-3105.39215686275
			3732.8431372549	-3105.39215686275
			3730.39215686275	-3102.94117647059
			3727.94117647059	-3102.94117647059
			3725.49019607843	-3100.49019607843
			3723.03921568627	-3098.03921568627
			3720.58823529412	-3095.58823529412
			3718.13725490196	-3095.58823529412
			3715.6862745098	-3093.13725490196
			3713.23529411765	-3090.6862745098
			3710.78431372549	-3088.23529411765
			3708.33333333333	-3085.78431372549
			3705.88235294118	-3085.78431372549
			3703.43137254902	-3083.33333333333
			3700.98039215686	-3080.88235294118
			3698.52941176471	-3078.43137254902
			3698.52941176471	-3075.98039215686
			3696.07843137255	-3073.52941176471
			3693.62745098039	-3071.07843137255
			3693.62745098039	-3068.62745098039
			3691.17647058824	-3066.17647058824
			3688.72549019608	-3063.72549019608
			3688.72549019608	-3061.27450980392
			3686.27450980392	-3058.82352941176
			3686.27450980392	-3056.37254901961
			3683.82352941176	-3053.92156862745
			3683.82352941176	-3051.47058823529
			3681.37254901961	-3049.01960784314
			3681.37254901961	-3046.56862745098
			3678.92156862745	-3044.11764705882
			3678.92156862745	-3041.66666666667
			3678.92156862745	-3039.21568627451
			3676.47058823529	-3036.76470588235
			3676.47058823529	-3034.3137254902
			3676.47058823529	-3031.86274509804
			3676.47058823529	-3029.41176470588
			3676.47058823529	-3026.96078431373
			3676.47058823529	-3024.50980392157
			3674.01960784314	-3022.05882352941
			3674.01960784314	-3019.60784313726
			3674.01960784314	-3017.1568627451
			3674.01960784314	-3014.70588235294
			3674.01960784314	-3012.25490196078
			3674.01960784314	-3009.80392156863
			3674.01960784314	-3007.35294117647
			3674.01960784314	-3004.90196078431
			3674.01960784314	-3002.45098039216
			3674.01960784314	-3000
			3676.47058823529	-2997.54901960784
			3676.47058823529	-2995.09803921569
			3676.47058823529	-2992.64705882353
			3676.47058823529	-2990.19607843137
			3676.47058823529	-2987.74509803922
			3676.47058823529	-2985.29411764706
			3676.47058823529	-2982.8431372549
			3678.92156862745	-2982.8431372549
			3678.92156862745	-2980.39215686275
			3678.92156862745	-2977.94117647059
			3678.92156862745	-2975.49019607843
			3678.92156862745	-2973.03921568627
			3681.37254901961	-2970.58823529412
			3681.37254901961	-2968.13725490196
			3681.37254901961	-2965.6862745098
			3683.82352941176	-2963.23529411765
			3683.82352941176	-2960.78431372549
			3683.82352941176	-2958.33333333333
			3686.27450980392	-2955.88235294118
			3686.27450980392	-2953.43137254902
			3686.27450980392	-2950.98039215686
			3688.72549019608	-2948.52941176471
			3688.72549019608	-2946.07843137255
			3688.72549019608	-2943.62745098039
			3691.17647058824	-2941.17647058824
			3691.17647058824	-2938.72549019608
			3691.17647058824	-2936.27450980392
			3693.62745098039	-2936.27450980392
			3693.62745098039	-2933.82352941176
			3696.07843137255	-2931.37254901961
			3696.07843137255	-2928.92156862745
			3696.07843137255	-2926.47058823529
			3698.52941176471	-2924.01960784314
			3700.98039215686	-2921.56862745098
			3700.98039215686	-2919.11764705882
			3703.43137254902	-2916.66666666667
			3703.43137254902	-2914.21568627451
			3705.88235294118	-2911.76470588235
			3705.88235294118	-2909.3137254902
			3708.33333333333	-2906.86274509804
			3708.33333333333	-2904.41176470588
			3710.78431372549	-2901.96078431373
			3710.78431372549	-2899.50980392157
			3713.23529411765	-2897.05882352941
			3715.6862745098	-2894.60784313726
			3715.6862745098	-2892.1568627451
			3718.13725490196	-2889.70588235294
			3720.58823529412	-2887.25490196078
			3720.58823529412	-2884.80392156863
			3723.03921568627	-2882.35294117647
			3723.03921568627	-2879.90196078431
			3725.49019607843	-2877.45098039216
			3727.94117647059	-2875
			3727.94117647059	-2872.54901960784
			3730.39215686275	-2870.09803921569
			3732.8431372549	-2867.64705882353
			3732.8431372549	-2865.19607843137
			3735.29411764706	-2862.74509803922
		</C2>
	</curves.scaled>
	<ruler.points type=matrix rownames=TRUE colnames=FALSE nrow=2 ncol=2 as.numeric=TRUE >
		Ruler point 1	3	1877
		Ruler point 2	105	1877
	</ruler.points>
</shapes>

