<shapes type=list>
	<ruler.pixel type=vector names=FALSE length=1 as.numeric=TRUE >102</ruler.pixel>
	<ruler.interval type=vector names=FALSE length=1 as.numeric=TRUE >250</ruler.interval>
	<scaling.units type=vector names=FALSE length=1 as.numeric=FALSE >nm</scaling.units>
	<scaling type=vector names=FALSE length=1 as.numeric=TRUE >2.45098039215686</scaling>
	<landmarks.pixel type=matrix rownames=TRUE colnames=FALSE nrow=4 ncol=2 as.numeric=TRUE >
		1-TopL	1458	547
		2-TopR	2390	597
		3-BotR	1982	1176
		4-BotL	1874	1155
	</landmarks.pixel>
	<landmarks.scaled type=matrix rownames=TRUE colnames=FALSE nrow=4 ncol=2 as.numeric=TRUE >
		1-TopL	3573.52941176471	-1340.6862745098
		2-TopR	5857.8431372549	-1463.23529411765
		3-BotR	4857.8431372549	-2882.35294117647
		4-BotL	4593.13725490196	-2830.88235294118
	</landmarks.scaled>
	<curves.control type=list>
		<C1 type=matrix rownames=FALSE colnames=FALSE nrow=7 ncol=2 as.numeric=TRUE >
			1458	547
			1582	423
			1832	392
			1926	391
			2065	459
			2329	558
			2390	597
		</C1>
		<C2 type=matrix rownames=FALSE colnames=FALSE nrow=7 ncol=2 as.numeric=TRUE >
			1982	1176
			2020	1206
			1975	1208
			1967	1266
			1914	1260
			1844	1243
			1874	1155
		</C2>
	</curves.control>
	<curves.pixel type=list>
		<C1 type=matrix rownames=FALSE colnames=FALSE nrow=963 ncol=2 as.numeric=TRUE >
			1458	547
			1459	546
			1460	545
			1461	544
			1462	543
			1463	542
			1464	541
			1465	540
			1466	540
			1467	539
			1467	538
			1468	537
			1469	536
			1470	535
			1471	534
			1472	534
			1473	533
			1474	532
			1475	531
			1476	530
			1477	529
			1478	529
			1479	528
			1480	527
			1481	526
			1482	525
			1483	524
			1484	524
			1484	523
			1485	522
			1486	521
			1487	520
			1488	520
			1489	519
			1490	518
			1491	517
			1492	516
			1493	516
			1494	515
			1495	514
			1496	513
			1497	512
			1498	512
			1499	511
			1500	510
			1501	510
			1502	509
			1503	508
			1504	507
			1505	506
			1506	506
			1507	505
			1508	505
			1508	504
			1509	504
			1510	503
			1511	502
			1512	502
			1512	501
			1513	501
			1514	500
			1515	500
			1515	499
			1516	499
			1517	498
			1518	498
			1518	497
			1519	497
			1520	496
			1521	495
			1522	495
			1522	494
			1523	494
			1524	493
			1525	493
			1526	492
			1527	491
			1528	491
			1529	490
			1530	489
			1531	489
			1532	488
			1533	488
			1534	487
			1535	486
			1536	486
			1537	485
			1538	485
			1539	484
			1540	483
			1541	483
			1542	482
			1543	482
			1544	481
			1545	480
			1546	480
			1547	479
			1548	479
			1549	478
			1550	477
			1551	477
			1552	476
			1553	476
			1554	475
			1555	475
			1556	474
			1557	473
			1558	473
			1559	472
			1560	472
			1561	471
			1562	471
			1563	470
			1564	470
			1565	469
			1566	468
			1567	468
			1568	467
			1569	467
			1570	466
			1571	466
			1572	465
			1573	465
			1574	464
			1575	464
			1576	463
			1577	463
			1578	463
			1578	462
			1579	462
			1580	461
			1581	461
			1582	461
			1582	460
			1583	460
			1584	460
			1585	459
			1586	458
			1587	458
			1588	457
			1589	457
			1590	457
			1591	456
			1592	456
			1593	455
			1594	455
			1595	454
			1596	454
			1597	454
			1598	453
			1599	453
			1600	452
			1601	452
			1602	451
			1603	451
			1604	450
			1605	450
			1606	449
			1607	449
			1608	449
			1608	448
			1609	448
			1610	448
			1611	447
			1612	447
			1613	447
			1614	446
			1615	446
			1615	445
			1616	445
			1617	445
			1618	444
			1619	444
			1620	444
			1621	443
			1622	443
			1623	442
			1624	442
			1625	441
			1626	441
			1627	441
			1628	440
			1629	440
			1630	440
			1631	439
			1632	439
			1633	439
			1634	438
			1635	438
			1636	437
			1637	437
			1638	437
			1639	436
			1640	436
			1641	436
			1642	435
			1643	435
			1644	435
			1644	434
			1645	434
			1646	434
			1647	433
			1648	433
			1649	433
			1650	432
			1651	432
			1652	432
			1653	431
			1654	431
			1655	431
			1656	430
			1657	430
			1658	430
			1659	429
			1660	429
			1661	429
			1662	429
			1663	428
			1664	428
			1665	427
			1666	427
			1667	427
			1668	427
			1668	426
			1669	426
			1670	426
			1671	426
			1672	425
			1673	425
			1674	425
			1675	424
			1676	424
			1677	424
			1678	424
			1678	423
			1679	423
			1680	423
			1681	422
			1682	422
			1683	422
			1684	422
			1684	421
			1685	421
			1686	421
			1687	421
			1688	420
			1689	420
			1690	420
			1691	420
			1692	419
			1693	419
			1694	419
			1695	418
			1696	418
			1697	418
			1698	418
			1699	417
			1700	417
			1701	417
			1702	417
			1703	416
			1704	416
			1705	416
			1706	416
			1707	415
			1708	415
			1709	415
			1710	415
			1711	414
			1712	414
			1713	414
			1714	414
			1714	413
			1715	413
			1716	413
			1717	413
			1718	412
			1719	412
			1720	412
			1721	412
			1722	412
			1723	411
			1724	411
			1725	411
			1726	411
			1727	410
			1728	410
			1729	410
			1730	410
			1731	409
			1732	409
			1733	409
			1734	409
			1735	409
			1736	408
			1737	408
			1738	408
			1739	408
			1740	407
			1741	407
			1742	407
			1743	407
			1744	407
			1745	406
			1746	406
			1747	406
			1748	406
			1749	406
			1750	405
			1751	405
			1752	405
			1753	405
			1754	405
			1755	404
			1756	404
			1757	404
			1758	404
			1759	404
			1760	403
			1761	403
			1762	403
			1763	403
			1764	403
			1765	402
			1766	402
			1767	402
			1768	402
			1769	402
			1770	401
			1771	401
			1772	401
			1773	401
			1774	401
			1775	401
			1776	400
			1777	400
			1778	400
			1779	400
			1780	400
			1781	400
			1782	399
			1783	399
			1784	399
			1785	399
			1786	399
			1787	398
			1788	398
			1789	398
			1790	398
			1791	398
			1792	398
			1793	398
			1794	397
			1795	397
			1796	397
			1797	397
			1798	397
			1799	397
			1800	396
			1801	396
			1802	396
			1803	396
			1804	396
			1805	396
			1806	396
			1807	395
			1808	395
			1809	395
			1810	395
			1811	395
			1812	395
			1813	395
			1814	394
			1815	394
			1816	394
			1817	394
			1818	394
			1819	394
			1820	393
			1821	393
			1822	393
			1823	393
			1824	393
			1825	393
			1826	393
			1827	393
			1828	392
			1829	392
			1830	392
			1831	392
			1832	392
			1833	392
			1834	392
			1835	392
			1836	392
			1837	392
			1838	392
			1839	392
			1840	392
			1841	392
			1842	392
			1843	392
			1844	392
			1845	392
			1846	392
			1847	392
			1848	392
			1849	392
			1850	392
			1851	392
			1852	393
			1853	393
			1854	393
			1855	393
			1856	393
			1857	393
			1858	393
			1859	393
			1860	393
			1861	393
			1862	393
			1863	393
			1864	394
			1865	394
			1866	394
			1867	394
			1868	394
			1869	394
			1870	394
			1871	394
			1872	394
			1873	395
			1874	395
			1875	395
			1876	395
			1877	395
			1878	395
			1879	395
			1880	395
			1881	396
			1882	396
			1883	396
			1884	396
			1885	396
			1886	396
			1887	397
			1888	397
			1889	397
			1890	397
			1891	397
			1892	397
			1892	398
			1893	398
			1894	398
			1895	398
			1896	398
			1897	399
			1898	399
			1899	399
			1900	399
			1901	399
			1902	400
			1903	400
			1904	400
			1905	400
			1906	400
			1907	401
			1908	401
			1909	401
			1910	401
			1911	402
			1912	402
			1913	402
			1914	402
			1915	402
			1916	403
			1917	403
			1918	403
			1919	403
			1920	404
			1921	404
			1922	404
			1923	404
			1924	405
			1925	405
			1926	405
			1927	405
			1928	406
			1929	406
			1930	406
			1931	406
			1931	407
			1932	407
			1933	407
			1934	407
			1935	408
			1936	408
			1937	408
			1938	408
			1939	409
			1940	409
			1941	409
			1942	410
			1943	410
			1944	410
			1945	411
			1946	411
			1947	411
			1948	411
			1948	412
			1949	412
			1950	412
			1951	412
			1952	413
			1953	413
			1954	413
			1955	414
			1956	414
			1957	414
			1958	415
			1959	415
			1960	415
			1961	416
			1962	416
			1963	416
			1964	417
			1965	417
			1966	417
			1967	418
			1968	418
			1969	418
			1970	419
			1971	419
			1972	419
			1973	420
			1974	420
			1975	421
			1976	421
			1977	421
			1978	422
			1979	422
			1980	422
			1981	423
			1982	423
			1983	424
			1984	424
			1985	424
			1986	425
			1987	425
			1988	425
			1989	426
			1990	426
			1991	427
			1992	427
			1993	427
			1994	428
			1995	428
			1996	428
			1997	429
			1998	429
			1999	430
			2000	430
			2001	430
			2002	431
			2003	431
			2004	432
			2005	432
			2006	432
			2007	433
			2008	433
			2009	434
			2010	434
			2011	434
			2012	435
			2013	435
			2014	436
			2015	436
			2016	437
			2017	437
			2018	437
			2019	438
			2020	438
			2021	439
			2022	439
			2023	440
			2024	440
			2025	440
			2026	441
			2027	441
			2028	442
			2029	442
			2030	443
			2031	443
			2032	443
			2033	444
			2034	444
			2035	445
			2036	445
			2037	446
			2038	446
			2039	447
			2040	447
			2041	447
			2042	448
			2043	448
			2044	449
			2045	449
			2046	450
			2047	450
			2048	451
			2049	451
			2050	452
			2051	452
			2052	453
			2053	453
			2054	454
			2055	454
			2056	454
			2057	455
			2058	455
			2059	456
			2060	456
			2061	457
			2062	457
			2063	458
			2064	458
			2065	459
			2066	459
			2067	460
			2068	460
			2069	461
			2070	461
			2071	461
			2072	462
			2073	462
			2074	462
			2075	463
			2076	463
			2077	464
			2078	464
			2079	464
			2080	465
			2081	465
			2082	465
			2083	466
			2084	466
			2085	467
			2086	467
			2087	467
			2088	468
			2089	468
			2090	468
			2091	469
			2092	469
			2093	470
			2094	470
			2095	470
			2096	471
			2097	471
			2098	471
			2099	472
			2100	472
			2101	472
			2102	473
			2103	473
			2104	474
			2105	474
			2106	475
			2107	475
			2108	475
			2109	475
			2109	476
			2110	476
			2111	476
			2112	477
			2113	477
			2114	478
			2115	478
			2116	478
			2117	479
			2118	479
			2119	479
			2120	480
			2121	480
			2122	481
			2123	481
			2124	481
			2125	482
			2126	482
			2127	482
			2128	483
			2129	483
			2130	483
			2130	484
			2131	484
			2132	485
			2133	485
			2134	485
			2135	486
			2136	486
			2137	486
			2138	487
			2139	487
			2140	487
			2141	488
			2142	488
			2143	488
			2143	489
			2144	489
			2145	490
			2146	490
			2147	490
			2148	491
			2149	491
			2150	491
			2151	492
			2152	492
			2153	492
			2153	493
			2154	493
			2155	493
			2156	494
			2157	494
			2158	494
			2159	495
			2160	495
			2161	495
			2161	496
			2162	496
			2163	496
			2164	497
			2165	497
			2166	498
			2167	498
			2168	498
			2168	499
			2169	499
			2170	499
			2171	500
			2172	500
			2173	500
			2174	501
			2175	501
			2176	502
			2177	502
			2178	502
			2179	503
			2180	503
			2181	504
			2182	504
			2183	504
			2184	505
			2185	505
			2186	506
			2187	506
			2188	506
			2189	507
			2190	507
			2191	508
			2192	508
			2193	508
			2194	509
			2195	509
			2196	510
			2197	510
			2198	510
			2199	511
			2200	511
			2201	511
			2202	512
			2203	512
			2204	513
			2205	513
			2206	513
			2207	514
			2208	514
			2209	515
			2210	515
			2211	515
			2212	516
			2213	516
			2214	516
			2215	517
			2216	517
			2217	518
			2218	518
			2219	519
			2220	519
			2221	519
			2222	520
			2223	520
			2224	521
			2225	521
			2226	521
			2226	522
			2227	522
			2228	522
			2229	522
			2230	523
			2231	523
			2232	524
			2233	524
			2234	525
			2235	525
			2236	525
			2237	526
			2238	526
			2239	527
			2240	527
			2241	528
			2242	528
			2243	528
			2244	529
			2245	529
			2246	529
			2247	530
			2248	530
			2249	531
			2250	531
			2251	532
			2252	532
			2253	532
			2254	533
			2255	533
			2256	534
			2257	534
			2258	535
			2259	535
			2260	535
			2261	536
			2262	536
			2263	536
			2264	537
			2265	537
			2266	538
			2267	538
			2268	539
			2269	539
			2270	539
			2270	540
			2271	540
			2272	540
			2273	541
			2274	541
			2275	542
			2276	542
			2277	542
			2277	543
			2278	543
			2279	543
			2280	544
			2281	544
			2282	544
			2283	545
			2284	546
			2285	546
			2286	546
			2287	547
			2288	547
			2289	548
			2290	548
			2291	549
			2292	549
			2293	549
			2294	550
			2295	550
			2296	551
			2297	551
			2298	551
			2299	552
			2300	552
			2301	553
			2302	553
			2303	554
			2304	554
			2305	555
			2306	555
			2307	555
			2308	556
			2309	556
			2310	557
			2311	557
			2312	558
			2313	558
			2314	559
			2315	559
			2316	559
			2317	560
			2318	560
			2319	561
			2320	561
			2321	562
			2322	562
			2323	563
			2324	563
			2325	564
			2326	564
			2327	564
			2328	565
			2329	565
			2330	566
			2331	566
			2332	567
			2333	567
			2334	568
			2335	568
			2336	569
			2337	569
			2338	570
			2339	570
			2340	570
			2341	571
			2342	572
			2343	572
			2344	572
			2345	573
			2346	573
			2347	574
			2348	574
			2349	575
			2350	575
			2350	576
			2351	576
			2352	576
			2353	577
			2354	577
			2355	578
			2356	578
			2357	579
			2358	579
			2359	580
			2360	580
			2361	581
			2362	581
			2363	582
			2364	582
			2365	583
			2366	583
			2367	584
			2368	584
			2369	585
			2370	586
			2371	586
			2372	587
			2373	587
			2374	588
			2375	588
			2376	589
			2377	589
			2378	590
			2379	590
			2380	591
			2381	591
			2382	592
			2383	592
			2383	593
			2384	593
			2385	594
			2386	594
			2387	595
			2388	596
			2389	596
			2390	597
		</C1>
		<C2 type=matrix rownames=FALSE colnames=FALSE nrow=263 ncol=2 as.numeric=TRUE >
			1982	1176
			1983	1177
			1984	1177
			1984	1178
			1985	1179
			1986	1179
			1987	1180
			1988	1181
			1989	1182
			1990	1183
			1991	1184
			1992	1185
			1993	1186
			1994	1187
			1995	1188
			1996	1189
			1996	1190
			1997	1191
			1998	1192
			1998	1193
			1999	1194
			1999	1195
			1999	1196
			1999	1197
			1999	1198
			1999	1199
			1999	1200
			1998	1201
			1997	1202
			1996	1203
			1995	1204
			1994	1205
			1993	1205
			1992	1205
			1991	1206
			1990	1206
			1989	1206
			1988	1206
			1987	1207
			1986	1207
			1985	1207
			1984	1207
			1983	1207
			1982	1207
			1981	1208
			1980	1208
			1979	1208
			1978	1208
			1977	1208
			1976	1208
			1975	1208
			1975	1209
			1975	1210
			1975	1211
			1974	1212
			1974	1213
			1974	1214
			1974	1215
			1974	1216
			1973	1217
			1973	1218
			1973	1219
			1973	1220
			1972	1221
			1972	1222
			1972	1223
			1971	1224
			1971	1225
			1971	1226
			1971	1227
			1970	1228
			1970	1229
			1970	1230
			1969	1231
			1969	1232
			1968	1232
			1968	1233
			1968	1234
			1967	1235
			1967	1236
			1966	1236
			1966	1237
			1966	1238
			1965	1239
			1965	1240
			1964	1240
			1964	1241
			1963	1242
			1962	1243
			1961	1244
			1961	1245
			1960	1246
			1959	1247
			1958	1248
			1957	1249
			1956	1250
			1955	1251
			1954	1251
			1953	1252
			1952	1253
			1951	1253
			1950	1254
			1949	1255
			1948	1255
			1947	1256
			1946	1256
			1945	1257
			1944	1257
			1943	1257
			1942	1258
			1941	1258
			1940	1258
			1940	1259
			1939	1259
			1938	1259
			1937	1259
			1936	1259
			1935	1260
			1934	1260
			1933	1260
			1932	1260
			1931	1260
			1930	1260
			1929	1260
			1928	1260
			1927	1260
			1927	1261
			1926	1261
			1925	1261
			1924	1261
			1923	1261
			1922	1261
			1921	1261
			1920	1260
			1919	1260
			1918	1260
			1917	1260
			1916	1260
			1915	1260
			1914	1260
			1913	1260
			1912	1259
			1911	1259
			1910	1259
			1909	1259
			1908	1258
			1907	1258
			1906	1258
			1905	1257
			1904	1257
			1903	1257
			1902	1256
			1901	1256
			1900	1255
			1899	1255
			1898	1255
			1897	1254
			1896	1254
			1896	1253
			1895	1253
			1894	1253
			1893	1252
			1892	1252
			1891	1251
			1890	1250
			1889	1250
			1888	1249
			1887	1248
			1886	1248
			1885	1247
			1884	1246
			1883	1245
			1882	1244
			1881	1243
			1880	1243
			1879	1242
			1878	1241
			1878	1240
			1877	1239
			1876	1238
			1875	1237
			1875	1236
			1874	1235
			1873	1234
			1873	1233
			1872	1232
			1872	1231
			1871	1230
			1870	1229
			1870	1228
			1870	1227
			1869	1226
			1869	1225
			1869	1224
			1868	1223
			1868	1222
			1868	1221
			1867	1220
			1867	1219
			1867	1218
			1867	1217
			1866	1216
			1866	1215
			1866	1214
			1866	1213
			1866	1212
			1866	1211
			1865	1210
			1865	1209
			1865	1208
			1865	1207
			1865	1206
			1865	1205
			1865	1204
			1865	1203
			1865	1202
			1865	1201
			1865	1200
			1865	1199
			1865	1198
			1865	1197
			1865	1196
			1865	1195
			1865	1194
			1865	1193
			1865	1192
			1866	1191
			1866	1190
			1866	1189
			1866	1188
			1866	1187
			1866	1186
			1866	1185
			1867	1184
			1867	1183
			1867	1182
			1867	1181
			1867	1180
			1867	1179
			1868	1178
			1868	1177
			1868	1176
			1868	1175
			1869	1174
			1869	1173
			1869	1172
			1869	1171
			1870	1170
			1870	1169
			1870	1168
			1870	1167
			1871	1166
			1871	1165
			1871	1164
			1872	1163
			1872	1162
			1872	1161
			1872	1160
			1873	1159
			1873	1158
			1873	1157
			1874	1156
			1874	1155
		</C2>
	</curves.pixel>
	<curves.scaled type=list>
		<C1 type=matrix rownames=FALSE colnames=FALSE nrow=963 ncol=2 as.numeric=TRUE >
			3573.52941176471	-1340.6862745098
			3575.98039215686	-1338.23529411765
			3578.43137254902	-1335.78431372549
			3580.88235294118	-1333.33333333333
			3583.33333333333	-1330.88235294118
			3585.78431372549	-1328.43137254902
			3588.23529411765	-1325.98039215686
			3590.6862745098	-1323.52941176471
			3593.13725490196	-1323.52941176471
			3595.58823529412	-1321.07843137255
			3595.58823529412	-1318.62745098039
			3598.03921568627	-1316.17647058824
			3600.49019607843	-1313.72549019608
			3602.94117647059	-1311.27450980392
			3605.39215686275	-1308.82352941176
			3607.8431372549	-1308.82352941176
			3610.29411764706	-1306.37254901961
			3612.74509803922	-1303.92156862745
			3615.19607843137	-1301.47058823529
			3617.64705882353	-1299.01960784314
			3620.09803921569	-1296.56862745098
			3622.54901960784	-1296.56862745098
			3625	-1294.11764705882
			3627.45098039216	-1291.66666666667
			3629.90196078431	-1289.21568627451
			3632.35294117647	-1286.76470588235
			3634.80392156863	-1284.3137254902
			3637.25490196078	-1284.3137254902
			3637.25490196078	-1281.86274509804
			3639.70588235294	-1279.41176470588
			3642.1568627451	-1276.96078431373
			3644.60784313726	-1274.50980392157
			3647.05882352941	-1274.50980392157
			3649.50980392157	-1272.05882352941
			3651.96078431373	-1269.60784313726
			3654.41176470588	-1267.1568627451
			3656.86274509804	-1264.70588235294
			3659.3137254902	-1264.70588235294
			3661.76470588235	-1262.25490196078
			3664.21568627451	-1259.80392156863
			3666.66666666667	-1257.35294117647
			3669.11764705882	-1254.90196078431
			3671.56862745098	-1254.90196078431
			3674.01960784314	-1252.45098039216
			3676.47058823529	-1250
			3678.92156862745	-1250
			3681.37254901961	-1247.54901960784
			3683.82352941176	-1245.09803921569
			3686.27450980392	-1242.64705882353
			3688.72549019608	-1240.19607843137
			3691.17647058824	-1240.19607843137
			3693.62745098039	-1237.74509803922
			3696.07843137255	-1237.74509803922
			3696.07843137255	-1235.29411764706
			3698.52941176471	-1235.29411764706
			3700.98039215686	-1232.8431372549
			3703.43137254902	-1230.39215686275
			3705.88235294118	-1230.39215686275
			3705.88235294118	-1227.94117647059
			3708.33333333333	-1227.94117647059
			3710.78431372549	-1225.49019607843
			3713.23529411765	-1225.49019607843
			3713.23529411765	-1223.03921568627
			3715.6862745098	-1223.03921568627
			3718.13725490196	-1220.58823529412
			3720.58823529412	-1220.58823529412
			3720.58823529412	-1218.13725490196
			3723.03921568627	-1218.13725490196
			3725.49019607843	-1215.6862745098
			3727.94117647059	-1213.23529411765
			3730.39215686275	-1213.23529411765
			3730.39215686275	-1210.78431372549
			3732.8431372549	-1210.78431372549
			3735.29411764706	-1208.33333333333
			3737.74509803922	-1208.33333333333
			3740.19607843137	-1205.88235294118
			3742.64705882353	-1203.43137254902
			3745.09803921569	-1203.43137254902
			3747.54901960784	-1200.98039215686
			3750	-1198.52941176471
			3752.45098039216	-1198.52941176471
			3754.90196078431	-1196.07843137255
			3757.35294117647	-1196.07843137255
			3759.80392156863	-1193.62745098039
			3762.25490196078	-1191.17647058824
			3764.70588235294	-1191.17647058824
			3767.1568627451	-1188.72549019608
			3769.60784313726	-1188.72549019608
			3772.05882352941	-1186.27450980392
			3774.50980392157	-1183.82352941176
			3776.96078431373	-1183.82352941176
			3779.41176470588	-1181.37254901961
			3781.86274509804	-1181.37254901961
			3784.3137254902	-1178.92156862745
			3786.76470588235	-1176.47058823529
			3789.21568627451	-1176.47058823529
			3791.66666666667	-1174.01960784314
			3794.11764705882	-1174.01960784314
			3796.56862745098	-1171.56862745098
			3799.01960784314	-1169.11764705882
			3801.47058823529	-1169.11764705882
			3803.92156862745	-1166.66666666667
			3806.37254901961	-1166.66666666667
			3808.82352941176	-1164.21568627451
			3811.27450980392	-1164.21568627451
			3813.72549019608	-1161.76470588235
			3816.17647058824	-1159.3137254902
			3818.62745098039	-1159.3137254902
			3821.07843137255	-1156.86274509804
			3823.52941176471	-1156.86274509804
			3825.98039215686	-1154.41176470588
			3828.43137254902	-1154.41176470588
			3830.88235294118	-1151.96078431373
			3833.33333333333	-1151.96078431373
			3835.78431372549	-1149.50980392157
			3838.23529411765	-1147.05882352941
			3840.6862745098	-1147.05882352941
			3843.13725490196	-1144.60784313726
			3845.58823529412	-1144.60784313726
			3848.03921568627	-1142.1568627451
			3850.49019607843	-1142.1568627451
			3852.94117647059	-1139.70588235294
			3855.39215686275	-1139.70588235294
			3857.8431372549	-1137.25490196078
			3860.29411764706	-1137.25490196078
			3862.74509803922	-1134.80392156863
			3865.19607843137	-1134.80392156863
			3867.64705882353	-1134.80392156863
			3867.64705882353	-1132.35294117647
			3870.09803921569	-1132.35294117647
			3872.54901960784	-1129.90196078431
			3875	-1129.90196078431
			3877.45098039216	-1129.90196078431
			3877.45098039216	-1127.45098039216
			3879.90196078431	-1127.45098039216
			3882.35294117647	-1127.45098039216
			3884.80392156863	-1125
			3887.25490196078	-1122.54901960784
			3889.70588235294	-1122.54901960784
			3892.1568627451	-1120.09803921569
			3894.60784313726	-1120.09803921569
			3897.05882352941	-1120.09803921569
			3899.50980392157	-1117.64705882353
			3901.96078431373	-1117.64705882353
			3904.41176470588	-1115.19607843137
			3906.86274509804	-1115.19607843137
			3909.3137254902	-1112.74509803922
			3911.76470588235	-1112.74509803922
			3914.21568627451	-1112.74509803922
			3916.66666666667	-1110.29411764706
			3919.11764705882	-1110.29411764706
			3921.56862745098	-1107.8431372549
			3924.01960784314	-1107.8431372549
			3926.47058823529	-1105.39215686275
			3928.92156862745	-1105.39215686275
			3931.37254901961	-1102.94117647059
			3933.82352941176	-1102.94117647059
			3936.27450980392	-1100.49019607843
			3938.72549019608	-1100.49019607843
			3941.17647058824	-1100.49019607843
			3941.17647058824	-1098.03921568627
			3943.62745098039	-1098.03921568627
			3946.07843137255	-1098.03921568627
			3948.52941176471	-1095.58823529412
			3950.98039215686	-1095.58823529412
			3953.43137254902	-1095.58823529412
			3955.88235294118	-1093.13725490196
			3958.33333333333	-1093.13725490196
			3958.33333333333	-1090.6862745098
			3960.78431372549	-1090.6862745098
			3963.23529411765	-1090.6862745098
			3965.6862745098	-1088.23529411765
			3968.13725490196	-1088.23529411765
			3970.58823529412	-1088.23529411765
			3973.03921568627	-1085.78431372549
			3975.49019607843	-1085.78431372549
			3977.94117647059	-1083.33333333333
			3980.39215686275	-1083.33333333333
			3982.8431372549	-1080.88235294118
			3985.29411764706	-1080.88235294118
			3987.74509803922	-1080.88235294118
			3990.19607843137	-1078.43137254902
			3992.64705882353	-1078.43137254902
			3995.09803921569	-1078.43137254902
			3997.54901960784	-1075.98039215686
			4000	-1075.98039215686
			4002.45098039216	-1075.98039215686
			4004.90196078431	-1073.52941176471
			4007.35294117647	-1073.52941176471
			4009.80392156863	-1071.07843137255
			4012.25490196078	-1071.07843137255
			4014.70588235294	-1071.07843137255
			4017.1568627451	-1068.62745098039
			4019.60784313726	-1068.62745098039
			4022.05882352941	-1068.62745098039
			4024.50980392157	-1066.17647058824
			4026.96078431373	-1066.17647058824
			4029.41176470588	-1066.17647058824
			4029.41176470588	-1063.72549019608
			4031.86274509804	-1063.72549019608
			4034.3137254902	-1063.72549019608
			4036.76470588235	-1061.27450980392
			4039.21568627451	-1061.27450980392
			4041.66666666667	-1061.27450980392
			4044.11764705882	-1058.82352941176
			4046.56862745098	-1058.82352941176
			4049.01960784314	-1058.82352941176
			4051.47058823529	-1056.37254901961
			4053.92156862745	-1056.37254901961
			4056.37254901961	-1056.37254901961
			4058.82352941176	-1053.92156862745
			4061.27450980392	-1053.92156862745
			4063.72549019608	-1053.92156862745
			4066.17647058824	-1051.47058823529
			4068.62745098039	-1051.47058823529
			4071.07843137255	-1051.47058823529
			4073.52941176471	-1051.47058823529
			4075.98039215686	-1049.01960784314
			4078.43137254902	-1049.01960784314
			4080.88235294118	-1046.56862745098
			4083.33333333333	-1046.56862745098
			4085.78431372549	-1046.56862745098
			4088.23529411765	-1046.56862745098
			4088.23529411765	-1044.11764705882
			4090.6862745098	-1044.11764705882
			4093.13725490196	-1044.11764705882
			4095.58823529412	-1044.11764705882
			4098.03921568627	-1041.66666666667
			4100.49019607843	-1041.66666666667
			4102.94117647059	-1041.66666666667
			4105.39215686275	-1039.21568627451
			4107.8431372549	-1039.21568627451
			4110.29411764706	-1039.21568627451
			4112.74509803922	-1039.21568627451
			4112.74509803922	-1036.76470588235
			4115.19607843137	-1036.76470588235
			4117.64705882353	-1036.76470588235
			4120.09803921569	-1034.3137254902
			4122.54901960784	-1034.3137254902
			4125	-1034.3137254902
			4127.45098039216	-1034.3137254902
			4127.45098039216	-1031.86274509804
			4129.90196078431	-1031.86274509804
			4132.35294117647	-1031.86274509804
			4134.80392156863	-1031.86274509804
			4137.25490196078	-1029.41176470588
			4139.70588235294	-1029.41176470588
			4142.1568627451	-1029.41176470588
			4144.60784313726	-1029.41176470588
			4147.05882352941	-1026.96078431373
			4149.50980392157	-1026.96078431373
			4151.96078431373	-1026.96078431373
			4154.41176470588	-1024.50980392157
			4156.86274509804	-1024.50980392157
			4159.3137254902	-1024.50980392157
			4161.76470588235	-1024.50980392157
			4164.21568627451	-1022.05882352941
			4166.66666666667	-1022.05882352941
			4169.11764705882	-1022.05882352941
			4171.56862745098	-1022.05882352941
			4174.01960784314	-1019.60784313726
			4176.47058823529	-1019.60784313726
			4178.92156862745	-1019.60784313726
			4181.37254901961	-1019.60784313726
			4183.82352941176	-1017.1568627451
			4186.27450980392	-1017.1568627451
			4188.72549019608	-1017.1568627451
			4191.17647058824	-1017.1568627451
			4193.62745098039	-1014.70588235294
			4196.07843137255	-1014.70588235294
			4198.52941176471	-1014.70588235294
			4200.98039215686	-1014.70588235294
			4200.98039215686	-1012.25490196078
			4203.43137254902	-1012.25490196078
			4205.88235294118	-1012.25490196078
			4208.33333333333	-1012.25490196078
			4210.78431372549	-1009.80392156863
			4213.23529411765	-1009.80392156863
			4215.6862745098	-1009.80392156863
			4218.13725490196	-1009.80392156863
			4220.58823529412	-1009.80392156863
			4223.03921568627	-1007.35294117647
			4225.49019607843	-1007.35294117647
			4227.94117647059	-1007.35294117647
			4230.39215686275	-1007.35294117647
			4232.8431372549	-1004.90196078431
			4235.29411764706	-1004.90196078431
			4237.74509803922	-1004.90196078431
			4240.19607843137	-1004.90196078431
			4242.64705882353	-1002.45098039216
			4245.09803921569	-1002.45098039216
			4247.54901960784	-1002.45098039216
			4250	-1002.45098039216
			4252.45098039216	-1002.45098039216
			4254.90196078431	-1000
			4257.35294117647	-1000
			4259.80392156863	-1000
			4262.25490196078	-1000
			4264.70588235294	-997.549019607843
			4267.1568627451	-997.549019607843
			4269.60784313726	-997.549019607843
			4272.05882352941	-997.549019607843
			4274.50980392157	-997.549019607843
			4276.96078431373	-995.098039215686
			4279.41176470588	-995.098039215686
			4281.86274509804	-995.098039215686
			4284.3137254902	-995.098039215686
			4286.76470588235	-995.098039215686
			4289.21568627451	-992.64705882353
			4291.66666666667	-992.64705882353
			4294.11764705882	-992.64705882353
			4296.56862745098	-992.64705882353
			4299.01960784314	-992.64705882353
			4301.47058823529	-990.196078431373
			4303.92156862745	-990.196078431373
			4306.37254901961	-990.196078431373
			4308.82352941176	-990.196078431373
			4311.27450980392	-990.196078431373
			4313.72549019608	-987.745098039216
			4316.17647058824	-987.745098039216
			4318.62745098039	-987.745098039216
			4321.07843137255	-987.745098039216
			4323.52941176471	-987.745098039216
			4325.98039215686	-985.294117647059
			4328.43137254902	-985.294117647059
			4330.88235294118	-985.294117647059
			4333.33333333333	-985.294117647059
			4335.78431372549	-985.294117647059
			4338.23529411765	-982.843137254902
			4340.6862745098	-982.843137254902
			4343.13725490196	-982.843137254902
			4345.58823529412	-982.843137254902
			4348.03921568627	-982.843137254902
			4350.49019607843	-982.843137254902
			4352.94117647059	-980.392156862745
			4355.39215686275	-980.392156862745
			4357.8431372549	-980.392156862745
			4360.29411764706	-980.392156862745
			4362.74509803922	-980.392156862745
			4365.19607843137	-980.392156862745
			4367.64705882353	-977.941176470588
			4370.09803921569	-977.941176470588
			4372.54901960784	-977.941176470588
			4375	-977.941176470588
			4377.45098039216	-977.941176470588
			4379.90196078431	-975.490196078431
			4382.35294117647	-975.490196078431
			4384.80392156863	-975.490196078431
			4387.25490196078	-975.490196078431
			4389.70588235294	-975.490196078431
			4392.1568627451	-975.490196078431
			4394.60784313726	-975.490196078431
			4397.05882352941	-973.039215686275
			4399.50980392157	-973.039215686275
			4401.96078431373	-973.039215686275
			4404.41176470588	-973.039215686275
			4406.86274509804	-973.039215686275
			4409.3137254902	-973.039215686275
			4411.76470588235	-970.588235294118
			4414.21568627451	-970.588235294118
			4416.66666666667	-970.588235294118
			4419.11764705882	-970.588235294118
			4421.56862745098	-970.588235294118
			4424.01960784314	-970.588235294118
			4426.47058823529	-970.588235294118
			4428.92156862745	-968.137254901961
			4431.37254901961	-968.137254901961
			4433.82352941176	-968.137254901961
			4436.27450980392	-968.137254901961
			4438.72549019608	-968.137254901961
			4441.17647058824	-968.137254901961
			4443.62745098039	-968.137254901961
			4446.07843137255	-965.686274509804
			4448.52941176471	-965.686274509804
			4450.98039215686	-965.686274509804
			4453.43137254902	-965.686274509804
			4455.88235294118	-965.686274509804
			4458.33333333333	-965.686274509804
			4460.78431372549	-963.235294117647
			4463.23529411765	-963.235294117647
			4465.6862745098	-963.235294117647
			4468.13725490196	-963.235294117647
			4470.58823529412	-963.235294117647
			4473.03921568627	-963.235294117647
			4475.49019607843	-963.235294117647
			4477.94117647059	-963.235294117647
			4480.39215686275	-960.78431372549
			4482.8431372549	-960.78431372549
			4485.29411764706	-960.78431372549
			4487.74509803922	-960.78431372549
			4490.19607843137	-960.78431372549
			4492.64705882353	-960.78431372549
			4495.09803921569	-960.78431372549
			4497.54901960784	-960.78431372549
			4500	-960.78431372549
			4502.45098039216	-960.78431372549
			4504.90196078431	-960.78431372549
			4507.35294117647	-960.78431372549
			4509.80392156863	-960.78431372549
			4512.25490196078	-960.78431372549
			4514.70588235294	-960.78431372549
			4517.1568627451	-960.78431372549
			4519.60784313726	-960.78431372549
			4522.05882352941	-960.78431372549
			4524.50980392157	-960.78431372549
			4526.96078431373	-960.78431372549
			4529.41176470588	-960.78431372549
			4531.86274509804	-960.78431372549
			4534.3137254902	-960.78431372549
			4536.76470588235	-960.78431372549
			4539.21568627451	-963.235294117647
			4541.66666666667	-963.235294117647
			4544.11764705882	-963.235294117647
			4546.56862745098	-963.235294117647
			4549.01960784314	-963.235294117647
			4551.47058823529	-963.235294117647
			4553.92156862745	-963.235294117647
			4556.37254901961	-963.235294117647
			4558.82352941176	-963.235294117647
			4561.27450980392	-963.235294117647
			4563.72549019608	-963.235294117647
			4566.17647058824	-963.235294117647
			4568.62745098039	-965.686274509804
			4571.07843137255	-965.686274509804
			4573.52941176471	-965.686274509804
			4575.98039215686	-965.686274509804
			4578.43137254902	-965.686274509804
			4580.88235294118	-965.686274509804
			4583.33333333333	-965.686274509804
			4585.78431372549	-965.686274509804
			4588.23529411765	-965.686274509804
			4590.6862745098	-968.137254901961
			4593.13725490196	-968.137254901961
			4595.58823529412	-968.137254901961
			4598.03921568627	-968.137254901961
			4600.49019607843	-968.137254901961
			4602.94117647059	-968.137254901961
			4605.39215686275	-968.137254901961
			4607.8431372549	-968.137254901961
			4610.29411764706	-970.588235294118
			4612.74509803922	-970.588235294118
			4615.19607843137	-970.588235294118
			4617.64705882353	-970.588235294118
			4620.09803921569	-970.588235294118
			4622.54901960784	-970.588235294118
			4625	-973.039215686275
			4627.45098039216	-973.039215686275
			4629.90196078431	-973.039215686275
			4632.35294117647	-973.039215686275
			4634.80392156863	-973.039215686275
			4637.25490196078	-973.039215686275
			4637.25490196078	-975.490196078431
			4639.70588235294	-975.490196078431
			4642.1568627451	-975.490196078431
			4644.60784313726	-975.490196078431
			4647.05882352941	-975.490196078431
			4649.50980392157	-977.941176470588
			4651.96078431373	-977.941176470588
			4654.41176470588	-977.941176470588
			4656.86274509804	-977.941176470588
			4659.3137254902	-977.941176470588
			4661.76470588235	-980.392156862745
			4664.21568627451	-980.392156862745
			4666.66666666667	-980.392156862745
			4669.11764705882	-980.392156862745
			4671.56862745098	-980.392156862745
			4674.01960784314	-982.843137254902
			4676.47058823529	-982.843137254902
			4678.92156862745	-982.843137254902
			4681.37254901961	-982.843137254902
			4683.82352941176	-985.294117647059
			4686.27450980392	-985.294117647059
			4688.72549019608	-985.294117647059
			4691.17647058824	-985.294117647059
			4693.62745098039	-985.294117647059
			4696.07843137255	-987.745098039216
			4698.52941176471	-987.745098039216
			4700.98039215686	-987.745098039216
			4703.43137254902	-987.745098039216
			4705.88235294118	-990.196078431373
			4708.33333333333	-990.196078431373
			4710.78431372549	-990.196078431373
			4713.23529411765	-990.196078431373
			4715.6862745098	-992.64705882353
			4718.13725490196	-992.64705882353
			4720.58823529412	-992.64705882353
			4723.03921568627	-992.64705882353
			4725.49019607843	-995.098039215686
			4727.94117647059	-995.098039215686
			4730.39215686275	-995.098039215686
			4732.8431372549	-995.098039215686
			4732.8431372549	-997.549019607843
			4735.29411764706	-997.549019607843
			4737.74509803922	-997.549019607843
			4740.19607843137	-997.549019607843
			4742.64705882353	-1000
			4745.09803921569	-1000
			4747.54901960784	-1000
			4750	-1000
			4752.45098039216	-1002.45098039216
			4754.90196078431	-1002.45098039216
			4757.35294117647	-1002.45098039216
			4759.80392156863	-1004.90196078431
			4762.25490196078	-1004.90196078431
			4764.70588235294	-1004.90196078431
			4767.1568627451	-1007.35294117647
			4769.60784313726	-1007.35294117647
			4772.05882352941	-1007.35294117647
			4774.50980392157	-1007.35294117647
			4774.50980392157	-1009.80392156863
			4776.96078431373	-1009.80392156863
			4779.41176470588	-1009.80392156863
			4781.86274509804	-1009.80392156863
			4784.3137254902	-1012.25490196078
			4786.76470588235	-1012.25490196078
			4789.21568627451	-1012.25490196078
			4791.66666666667	-1014.70588235294
			4794.11764705882	-1014.70588235294
			4796.56862745098	-1014.70588235294
			4799.01960784314	-1017.1568627451
			4801.47058823529	-1017.1568627451
			4803.92156862745	-1017.1568627451
			4806.37254901961	-1019.60784313726
			4808.82352941176	-1019.60784313726
			4811.27450980392	-1019.60784313726
			4813.72549019608	-1022.05882352941
			4816.17647058824	-1022.05882352941
			4818.62745098039	-1022.05882352941
			4821.07843137255	-1024.50980392157
			4823.52941176471	-1024.50980392157
			4825.98039215686	-1024.50980392157
			4828.43137254902	-1026.96078431373
			4830.88235294118	-1026.96078431373
			4833.33333333333	-1026.96078431373
			4835.78431372549	-1029.41176470588
			4838.23529411765	-1029.41176470588
			4840.6862745098	-1031.86274509804
			4843.13725490196	-1031.86274509804
			4845.58823529412	-1031.86274509804
			4848.03921568627	-1034.3137254902
			4850.49019607843	-1034.3137254902
			4852.94117647059	-1034.3137254902
			4855.39215686275	-1036.76470588235
			4857.8431372549	-1036.76470588235
			4860.29411764706	-1039.21568627451
			4862.74509803922	-1039.21568627451
			4865.19607843137	-1039.21568627451
			4867.64705882353	-1041.66666666667
			4870.09803921569	-1041.66666666667
			4872.54901960784	-1041.66666666667
			4875	-1044.11764705882
			4877.45098039216	-1044.11764705882
			4879.90196078431	-1046.56862745098
			4882.35294117647	-1046.56862745098
			4884.80392156863	-1046.56862745098
			4887.25490196078	-1049.01960784314
			4889.70588235294	-1049.01960784314
			4892.1568627451	-1049.01960784314
			4894.60784313726	-1051.47058823529
			4897.05882352941	-1051.47058823529
			4899.50980392157	-1053.92156862745
			4901.96078431373	-1053.92156862745
			4904.41176470588	-1053.92156862745
			4906.86274509804	-1056.37254901961
			4909.3137254902	-1056.37254901961
			4911.76470588235	-1058.82352941176
			4914.21568627451	-1058.82352941176
			4916.66666666667	-1058.82352941176
			4919.11764705882	-1061.27450980392
			4921.56862745098	-1061.27450980392
			4924.01960784314	-1063.72549019608
			4926.47058823529	-1063.72549019608
			4928.92156862745	-1063.72549019608
			4931.37254901961	-1066.17647058824
			4933.82352941176	-1066.17647058824
			4936.27450980392	-1068.62745098039
			4938.72549019608	-1068.62745098039
			4941.17647058824	-1071.07843137255
			4943.62745098039	-1071.07843137255
			4946.07843137255	-1071.07843137255
			4948.52941176471	-1073.52941176471
			4950.98039215686	-1073.52941176471
			4953.43137254902	-1075.98039215686
			4955.88235294118	-1075.98039215686
			4958.33333333333	-1078.43137254902
			4960.78431372549	-1078.43137254902
			4963.23529411765	-1078.43137254902
			4965.6862745098	-1080.88235294118
			4968.13725490196	-1080.88235294118
			4970.58823529412	-1083.33333333333
			4973.03921568627	-1083.33333333333
			4975.49019607843	-1085.78431372549
			4977.94117647059	-1085.78431372549
			4980.39215686275	-1085.78431372549
			4982.8431372549	-1088.23529411765
			4985.29411764706	-1088.23529411765
			4987.74509803922	-1090.6862745098
			4990.19607843137	-1090.6862745098
			4992.64705882353	-1093.13725490196
			4995.09803921569	-1093.13725490196
			4997.54901960784	-1095.58823529412
			5000	-1095.58823529412
			5002.45098039216	-1095.58823529412
			5004.90196078431	-1098.03921568627
			5007.35294117647	-1098.03921568627
			5009.80392156863	-1100.49019607843
			5012.25490196078	-1100.49019607843
			5014.70588235294	-1102.94117647059
			5017.1568627451	-1102.94117647059
			5019.60784313726	-1105.39215686275
			5022.05882352941	-1105.39215686275
			5024.50980392157	-1107.8431372549
			5026.96078431373	-1107.8431372549
			5029.41176470588	-1110.29411764706
			5031.86274509804	-1110.29411764706
			5034.3137254902	-1112.74509803922
			5036.76470588235	-1112.74509803922
			5039.21568627451	-1112.74509803922
			5041.66666666667	-1115.19607843137
			5044.11764705882	-1115.19607843137
			5046.56862745098	-1117.64705882353
			5049.01960784314	-1117.64705882353
			5051.47058823529	-1120.09803921569
			5053.92156862745	-1120.09803921569
			5056.37254901961	-1122.54901960784
			5058.82352941176	-1122.54901960784
			5061.27450980392	-1125
			5063.72549019608	-1125
			5066.17647058824	-1127.45098039216
			5068.62745098039	-1127.45098039216
			5071.07843137255	-1129.90196078431
			5073.52941176471	-1129.90196078431
			5075.98039215686	-1129.90196078431
			5078.43137254902	-1132.35294117647
			5080.88235294118	-1132.35294117647
			5083.33333333333	-1132.35294117647
			5085.78431372549	-1134.80392156863
			5088.23529411765	-1134.80392156863
			5090.6862745098	-1137.25490196078
			5093.13725490196	-1137.25490196078
			5095.58823529412	-1137.25490196078
			5098.03921568627	-1139.70588235294
			5100.49019607843	-1139.70588235294
			5102.94117647059	-1139.70588235294
			5105.39215686275	-1142.1568627451
			5107.8431372549	-1142.1568627451
			5110.29411764706	-1144.60784313726
			5112.74509803922	-1144.60784313726
			5115.19607843137	-1144.60784313726
			5117.64705882353	-1147.05882352941
			5120.09803921569	-1147.05882352941
			5122.54901960784	-1147.05882352941
			5125	-1149.50980392157
			5127.45098039216	-1149.50980392157
			5129.90196078431	-1151.96078431373
			5132.35294117647	-1151.96078431373
			5134.80392156863	-1151.96078431373
			5137.25490196078	-1154.41176470588
			5139.70588235294	-1154.41176470588
			5142.1568627451	-1154.41176470588
			5144.60784313726	-1156.86274509804
			5147.05882352941	-1156.86274509804
			5149.50980392157	-1156.86274509804
			5151.96078431373	-1159.3137254902
			5154.41176470588	-1159.3137254902
			5156.86274509804	-1161.76470588235
			5159.3137254902	-1161.76470588235
			5161.76470588235	-1164.21568627451
			5164.21568627451	-1164.21568627451
			5166.66666666667	-1164.21568627451
			5169.11764705882	-1164.21568627451
			5169.11764705882	-1166.66666666667
			5171.56862745098	-1166.66666666667
			5174.01960784314	-1166.66666666667
			5176.47058823529	-1169.11764705882
			5178.92156862745	-1169.11764705882
			5181.37254901961	-1171.56862745098
			5183.82352941176	-1171.56862745098
			5186.27450980392	-1171.56862745098
			5188.72549019608	-1174.01960784314
			5191.17647058824	-1174.01960784314
			5193.62745098039	-1174.01960784314
			5196.07843137255	-1176.47058823529
			5198.52941176471	-1176.47058823529
			5200.98039215686	-1178.92156862745
			5203.43137254902	-1178.92156862745
			5205.88235294118	-1178.92156862745
			5208.33333333333	-1181.37254901961
			5210.78431372549	-1181.37254901961
			5213.23529411765	-1181.37254901961
			5215.6862745098	-1183.82352941176
			5218.13725490196	-1183.82352941176
			5220.58823529412	-1183.82352941176
			5220.58823529412	-1186.27450980392
			5223.03921568627	-1186.27450980392
			5225.49019607843	-1188.72549019608
			5227.94117647059	-1188.72549019608
			5230.39215686275	-1188.72549019608
			5232.8431372549	-1191.17647058824
			5235.29411764706	-1191.17647058824
			5237.74509803922	-1191.17647058824
			5240.19607843137	-1193.62745098039
			5242.64705882353	-1193.62745098039
			5245.09803921569	-1193.62745098039
			5247.54901960784	-1196.07843137255
			5250	-1196.07843137255
			5252.45098039216	-1196.07843137255
			5252.45098039216	-1198.52941176471
			5254.90196078431	-1198.52941176471
			5257.35294117647	-1200.98039215686
			5259.80392156863	-1200.98039215686
			5262.25490196078	-1200.98039215686
			5264.70588235294	-1203.43137254902
			5267.1568627451	-1203.43137254902
			5269.60784313726	-1203.43137254902
			5272.05882352941	-1205.88235294118
			5274.50980392157	-1205.88235294118
			5276.96078431373	-1205.88235294118
			5276.96078431373	-1208.33333333333
			5279.41176470588	-1208.33333333333
			5281.86274509804	-1208.33333333333
			5284.3137254902	-1210.78431372549
			5286.76470588235	-1210.78431372549
			5289.21568627451	-1210.78431372549
			5291.66666666667	-1213.23529411765
			5294.11764705882	-1213.23529411765
			5296.56862745098	-1213.23529411765
			5296.56862745098	-1215.6862745098
			5299.01960784314	-1215.6862745098
			5301.47058823529	-1215.6862745098
			5303.92156862745	-1218.13725490196
			5306.37254901961	-1218.13725490196
			5308.82352941176	-1220.58823529412
			5311.27450980392	-1220.58823529412
			5313.72549019608	-1220.58823529412
			5313.72549019608	-1223.03921568627
			5316.17647058824	-1223.03921568627
			5318.62745098039	-1223.03921568627
			5321.07843137255	-1225.49019607843
			5323.52941176471	-1225.49019607843
			5325.98039215686	-1225.49019607843
			5328.43137254902	-1227.94117647059
			5330.88235294118	-1227.94117647059
			5333.33333333333	-1230.39215686275
			5335.78431372549	-1230.39215686275
			5338.23529411765	-1230.39215686275
			5340.6862745098	-1232.8431372549
			5343.13725490196	-1232.8431372549
			5345.58823529412	-1235.29411764706
			5348.03921568627	-1235.29411764706
			5350.49019607843	-1235.29411764706
			5352.94117647059	-1237.74509803922
			5355.39215686275	-1237.74509803922
			5357.8431372549	-1240.19607843137
			5360.29411764706	-1240.19607843137
			5362.74509803922	-1240.19607843137
			5365.19607843137	-1242.64705882353
			5367.64705882353	-1242.64705882353
			5370.09803921569	-1245.09803921569
			5372.54901960784	-1245.09803921569
			5375	-1245.09803921569
			5377.45098039216	-1247.54901960784
			5379.90196078431	-1247.54901960784
			5382.35294117647	-1250
			5384.80392156863	-1250
			5387.25490196078	-1250
			5389.70588235294	-1252.45098039216
			5392.1568627451	-1252.45098039216
			5394.60784313726	-1252.45098039216
			5397.05882352941	-1254.90196078431
			5399.50980392157	-1254.90196078431
			5401.96078431373	-1257.35294117647
			5404.41176470588	-1257.35294117647
			5406.86274509804	-1257.35294117647
			5409.3137254902	-1259.80392156863
			5411.76470588235	-1259.80392156863
			5414.21568627451	-1262.25490196078
			5416.66666666667	-1262.25490196078
			5419.11764705882	-1262.25490196078
			5421.56862745098	-1264.70588235294
			5424.01960784314	-1264.70588235294
			5426.47058823529	-1264.70588235294
			5428.92156862745	-1267.1568627451
			5431.37254901961	-1267.1568627451
			5433.82352941176	-1269.60784313726
			5436.27450980392	-1269.60784313726
			5438.72549019608	-1272.05882352941
			5441.17647058824	-1272.05882352941
			5443.62745098039	-1272.05882352941
			5446.07843137255	-1274.50980392157
			5448.52941176471	-1274.50980392157
			5450.98039215686	-1276.96078431373
			5453.43137254902	-1276.96078431373
			5455.88235294118	-1276.96078431373
			5455.88235294118	-1279.41176470588
			5458.33333333333	-1279.41176470588
			5460.78431372549	-1279.41176470588
			5463.23529411765	-1279.41176470588
			5465.6862745098	-1281.86274509804
			5468.13725490196	-1281.86274509804
			5470.58823529412	-1284.3137254902
			5473.03921568627	-1284.3137254902
			5475.49019607843	-1286.76470588235
			5477.94117647059	-1286.76470588235
			5480.39215686275	-1286.76470588235
			5482.8431372549	-1289.21568627451
			5485.29411764706	-1289.21568627451
			5487.74509803922	-1291.66666666667
			5490.19607843137	-1291.66666666667
			5492.64705882353	-1294.11764705882
			5495.09803921569	-1294.11764705882
			5497.54901960784	-1294.11764705882
			5500	-1296.56862745098
			5502.45098039216	-1296.56862745098
			5504.90196078431	-1296.56862745098
			5507.35294117647	-1299.01960784314
			5509.80392156863	-1299.01960784314
			5512.25490196078	-1301.47058823529
			5514.70588235294	-1301.47058823529
			5517.1568627451	-1303.92156862745
			5519.60784313726	-1303.92156862745
			5522.05882352941	-1303.92156862745
			5524.50980392157	-1306.37254901961
			5526.96078431373	-1306.37254901961
			5529.41176470588	-1308.82352941176
			5531.86274509804	-1308.82352941176
			5534.3137254902	-1311.27450980392
			5536.76470588235	-1311.27450980392
			5539.21568627451	-1311.27450980392
			5541.66666666667	-1313.72549019608
			5544.11764705882	-1313.72549019608
			5546.56862745098	-1313.72549019608
			5549.01960784314	-1316.17647058824
			5551.47058823529	-1316.17647058824
			5553.92156862745	-1318.62745098039
			5556.37254901961	-1318.62745098039
			5558.82352941176	-1321.07843137255
			5561.27450980392	-1321.07843137255
			5563.72549019608	-1321.07843137255
			5563.72549019608	-1323.52941176471
			5566.17647058824	-1323.52941176471
			5568.62745098039	-1323.52941176471
			5571.07843137255	-1325.98039215686
			5573.52941176471	-1325.98039215686
			5575.98039215686	-1328.43137254902
			5578.43137254902	-1328.43137254902
			5580.88235294118	-1328.43137254902
			5580.88235294118	-1330.88235294118
			5583.33333333333	-1330.88235294118
			5585.78431372549	-1330.88235294118
			5588.23529411765	-1333.33333333333
			5590.6862745098	-1333.33333333333
			5593.13725490196	-1333.33333333333
			5595.58823529412	-1335.78431372549
			5598.03921568627	-1338.23529411765
			5600.49019607843	-1338.23529411765
			5602.94117647059	-1338.23529411765
			5605.39215686275	-1340.6862745098
			5607.8431372549	-1340.6862745098
			5610.29411764706	-1343.13725490196
			5612.74509803922	-1343.13725490196
			5615.19607843137	-1345.58823529412
			5617.64705882353	-1345.58823529412
			5620.09803921569	-1345.58823529412
			5622.54901960784	-1348.03921568627
			5625	-1348.03921568627
			5627.45098039216	-1350.49019607843
			5629.90196078431	-1350.49019607843
			5632.35294117647	-1350.49019607843
			5634.80392156863	-1352.94117647059
			5637.25490196078	-1352.94117647059
			5639.70588235294	-1355.39215686275
			5642.1568627451	-1355.39215686275
			5644.60784313726	-1357.8431372549
			5647.05882352941	-1357.8431372549
			5649.50980392157	-1360.29411764706
			5651.96078431373	-1360.29411764706
			5654.41176470588	-1360.29411764706
			5656.86274509804	-1362.74509803922
			5659.3137254902	-1362.74509803922
			5661.76470588235	-1365.19607843137
			5664.21568627451	-1365.19607843137
			5666.66666666667	-1367.64705882353
			5669.11764705882	-1367.64705882353
			5671.56862745098	-1370.09803921569
			5674.01960784314	-1370.09803921569
			5676.47058823529	-1370.09803921569
			5678.92156862745	-1372.54901960784
			5681.37254901961	-1372.54901960784
			5683.82352941176	-1375
			5686.27450980392	-1375
			5688.72549019608	-1377.45098039216
			5691.17647058824	-1377.45098039216
			5693.62745098039	-1379.90196078431
			5696.07843137255	-1379.90196078431
			5698.52941176471	-1382.35294117647
			5700.98039215686	-1382.35294117647
			5703.43137254902	-1382.35294117647
			5705.88235294118	-1384.80392156863
			5708.33333333333	-1384.80392156863
			5710.78431372549	-1387.25490196078
			5713.23529411765	-1387.25490196078
			5715.6862745098	-1389.70588235294
			5718.13725490196	-1389.70588235294
			5720.58823529412	-1392.1568627451
			5723.03921568627	-1392.1568627451
			5725.49019607843	-1394.60784313726
			5727.94117647059	-1394.60784313726
			5730.39215686275	-1397.05882352941
			5732.8431372549	-1397.05882352941
			5735.29411764706	-1397.05882352941
			5737.74509803922	-1399.50980392157
			5740.19607843137	-1401.96078431373
			5742.64705882353	-1401.96078431373
			5745.09803921569	-1401.96078431373
			5747.54901960784	-1404.41176470588
			5750	-1404.41176470588
			5752.45098039216	-1406.86274509804
			5754.90196078431	-1406.86274509804
			5757.35294117647	-1409.3137254902
			5759.80392156863	-1409.3137254902
			5759.80392156863	-1411.76470588235
			5762.25490196078	-1411.76470588235
			5764.70588235294	-1411.76470588235
			5767.1568627451	-1414.21568627451
			5769.60784313726	-1414.21568627451
			5772.05882352941	-1416.66666666667
			5774.50980392157	-1416.66666666667
			5776.96078431373	-1419.11764705882
			5779.41176470588	-1419.11764705882
			5781.86274509804	-1421.56862745098
			5784.3137254902	-1421.56862745098
			5786.76470588235	-1424.01960784314
			5789.21568627451	-1424.01960784314
			5791.66666666667	-1426.47058823529
			5794.11764705882	-1426.47058823529
			5796.56862745098	-1428.92156862745
			5799.01960784314	-1428.92156862745
			5801.47058823529	-1431.37254901961
			5803.92156862745	-1431.37254901961
			5806.37254901961	-1433.82352941176
			5808.82352941176	-1436.27450980392
			5811.27450980392	-1436.27450980392
			5813.72549019608	-1438.72549019608
			5816.17647058824	-1438.72549019608
			5818.62745098039	-1441.17647058824
			5821.07843137255	-1441.17647058824
			5823.52941176471	-1443.62745098039
			5825.98039215686	-1443.62745098039
			5828.43137254902	-1446.07843137255
			5830.88235294118	-1446.07843137255
			5833.33333333333	-1448.52941176471
			5835.78431372549	-1448.52941176471
			5838.23529411765	-1450.98039215686
			5840.6862745098	-1450.98039215686
			5840.6862745098	-1453.43137254902
			5843.13725490196	-1453.43137254902
			5845.58823529412	-1455.88235294118
			5848.03921568627	-1455.88235294118
			5850.49019607843	-1458.33333333333
			5852.94117647059	-1460.78431372549
			5855.39215686275	-1460.78431372549
			5857.8431372549	-1463.23529411765
		</C1>
		<C2 type=matrix rownames=FALSE colnames=FALSE nrow=263 ncol=2 as.numeric=TRUE >
			4857.8431372549	-2882.35294117647
			4860.29411764706	-2884.80392156863
			4862.74509803922	-2884.80392156863
			4862.74509803922	-2887.25490196078
			4865.19607843137	-2889.70588235294
			4867.64705882353	-2889.70588235294
			4870.09803921569	-2892.1568627451
			4872.54901960784	-2894.60784313726
			4875	-2897.05882352941
			4877.45098039216	-2899.50980392157
			4879.90196078431	-2901.96078431373
			4882.35294117647	-2904.41176470588
			4884.80392156863	-2906.86274509804
			4887.25490196078	-2909.3137254902
			4889.70588235294	-2911.76470588235
			4892.1568627451	-2914.21568627451
			4892.1568627451	-2916.66666666667
			4894.60784313726	-2919.11764705882
			4897.05882352941	-2921.56862745098
			4897.05882352941	-2924.01960784314
			4899.50980392157	-2926.47058823529
			4899.50980392157	-2928.92156862745
			4899.50980392157	-2931.37254901961
			4899.50980392157	-2933.82352941176
			4899.50980392157	-2936.27450980392
			4899.50980392157	-2938.72549019608
			4899.50980392157	-2941.17647058824
			4897.05882352941	-2943.62745098039
			4894.60784313726	-2946.07843137255
			4892.1568627451	-2948.52941176471
			4889.70588235294	-2950.98039215686
			4887.25490196078	-2953.43137254902
			4884.80392156863	-2953.43137254902
			4882.35294117647	-2953.43137254902
			4879.90196078431	-2955.88235294118
			4877.45098039216	-2955.88235294118
			4875	-2955.88235294118
			4872.54901960784	-2955.88235294118
			4870.09803921569	-2958.33333333333
			4867.64705882353	-2958.33333333333
			4865.19607843137	-2958.33333333333
			4862.74509803922	-2958.33333333333
			4860.29411764706	-2958.33333333333
			4857.8431372549	-2958.33333333333
			4855.39215686275	-2960.78431372549
			4852.94117647059	-2960.78431372549
			4850.49019607843	-2960.78431372549
			4848.03921568627	-2960.78431372549
			4845.58823529412	-2960.78431372549
			4843.13725490196	-2960.78431372549
			4840.6862745098	-2960.78431372549
			4840.6862745098	-2963.23529411765
			4840.6862745098	-2965.6862745098
			4840.6862745098	-2968.13725490196
			4838.23529411765	-2970.58823529412
			4838.23529411765	-2973.03921568627
			4838.23529411765	-2975.49019607843
			4838.23529411765	-2977.94117647059
			4838.23529411765	-2980.39215686275
			4835.78431372549	-2982.8431372549
			4835.78431372549	-2985.29411764706
			4835.78431372549	-2987.74509803922
			4835.78431372549	-2990.19607843137
			4833.33333333333	-2992.64705882353
			4833.33333333333	-2995.09803921569
			4833.33333333333	-2997.54901960784
			4830.88235294118	-3000
			4830.88235294118	-3002.45098039216
			4830.88235294118	-3004.90196078431
			4830.88235294118	-3007.35294117647
			4828.43137254902	-3009.80392156863
			4828.43137254902	-3012.25490196078
			4828.43137254902	-3014.70588235294
			4825.98039215686	-3017.1568627451
			4825.98039215686	-3019.60784313726
			4823.52941176471	-3019.60784313726
			4823.52941176471	-3022.05882352941
			4823.52941176471	-3024.50980392157
			4821.07843137255	-3026.96078431373
			4821.07843137255	-3029.41176470588
			4818.62745098039	-3029.41176470588
			4818.62745098039	-3031.86274509804
			4818.62745098039	-3034.3137254902
			4816.17647058824	-3036.76470588235
			4816.17647058824	-3039.21568627451
			4813.72549019608	-3039.21568627451
			4813.72549019608	-3041.66666666667
			4811.27450980392	-3044.11764705882
			4808.82352941176	-3046.56862745098
			4806.37254901961	-3049.01960784314
			4806.37254901961	-3051.47058823529
			4803.92156862745	-3053.92156862745
			4801.47058823529	-3056.37254901961
			4799.01960784314	-3058.82352941176
			4796.56862745098	-3061.27450980392
			4794.11764705882	-3063.72549019608
			4791.66666666667	-3066.17647058824
			4789.21568627451	-3066.17647058824
			4786.76470588235	-3068.62745098039
			4784.3137254902	-3071.07843137255
			4781.86274509804	-3071.07843137255
			4779.41176470588	-3073.52941176471
			4776.96078431373	-3075.98039215686
			4774.50980392157	-3075.98039215686
			4772.05882352941	-3078.43137254902
			4769.60784313726	-3078.43137254902
			4767.1568627451	-3080.88235294118
			4764.70588235294	-3080.88235294118
			4762.25490196078	-3080.88235294118
			4759.80392156863	-3083.33333333333
			4757.35294117647	-3083.33333333333
			4754.90196078431	-3083.33333333333
			4754.90196078431	-3085.78431372549
			4752.45098039216	-3085.78431372549
			4750	-3085.78431372549
			4747.54901960784	-3085.78431372549
			4745.09803921569	-3085.78431372549
			4742.64705882353	-3088.23529411765
			4740.19607843137	-3088.23529411765
			4737.74509803922	-3088.23529411765
			4735.29411764706	-3088.23529411765
			4732.8431372549	-3088.23529411765
			4730.39215686275	-3088.23529411765
			4727.94117647059	-3088.23529411765
			4725.49019607843	-3088.23529411765
			4723.03921568627	-3088.23529411765
			4723.03921568627	-3090.6862745098
			4720.58823529412	-3090.6862745098
			4718.13725490196	-3090.6862745098
			4715.6862745098	-3090.6862745098
			4713.23529411765	-3090.6862745098
			4710.78431372549	-3090.6862745098
			4708.33333333333	-3090.6862745098
			4705.88235294118	-3088.23529411765
			4703.43137254902	-3088.23529411765
			4700.98039215686	-3088.23529411765
			4698.52941176471	-3088.23529411765
			4696.07843137255	-3088.23529411765
			4693.62745098039	-3088.23529411765
			4691.17647058824	-3088.23529411765
			4688.72549019608	-3088.23529411765
			4686.27450980392	-3085.78431372549
			4683.82352941176	-3085.78431372549
			4681.37254901961	-3085.78431372549
			4678.92156862745	-3085.78431372549
			4676.47058823529	-3083.33333333333
			4674.01960784314	-3083.33333333333
			4671.56862745098	-3083.33333333333
			4669.11764705882	-3080.88235294118
			4666.66666666667	-3080.88235294118
			4664.21568627451	-3080.88235294118
			4661.76470588235	-3078.43137254902
			4659.3137254902	-3078.43137254902
			4656.86274509804	-3075.98039215686
			4654.41176470588	-3075.98039215686
			4651.96078431373	-3075.98039215686
			4649.50980392157	-3073.52941176471
			4647.05882352941	-3073.52941176471
			4647.05882352941	-3071.07843137255
			4644.60784313726	-3071.07843137255
			4642.1568627451	-3071.07843137255
			4639.70588235294	-3068.62745098039
			4637.25490196078	-3068.62745098039
			4634.80392156863	-3066.17647058824
			4632.35294117647	-3063.72549019608
			4629.90196078431	-3063.72549019608
			4627.45098039216	-3061.27450980392
			4625	-3058.82352941176
			4622.54901960784	-3058.82352941176
			4620.09803921569	-3056.37254901961
			4617.64705882353	-3053.92156862745
			4615.19607843137	-3051.47058823529
			4612.74509803922	-3049.01960784314
			4610.29411764706	-3046.56862745098
			4607.8431372549	-3046.56862745098
			4605.39215686275	-3044.11764705882
			4602.94117647059	-3041.66666666667
			4602.94117647059	-3039.21568627451
			4600.49019607843	-3036.76470588235
			4598.03921568627	-3034.3137254902
			4595.58823529412	-3031.86274509804
			4595.58823529412	-3029.41176470588
			4593.13725490196	-3026.96078431373
			4590.6862745098	-3024.50980392157
			4590.6862745098	-3022.05882352941
			4588.23529411765	-3019.60784313726
			4588.23529411765	-3017.1568627451
			4585.78431372549	-3014.70588235294
			4583.33333333333	-3012.25490196078
			4583.33333333333	-3009.80392156863
			4583.33333333333	-3007.35294117647
			4580.88235294118	-3004.90196078431
			4580.88235294118	-3002.45098039216
			4580.88235294118	-3000
			4578.43137254902	-2997.54901960784
			4578.43137254902	-2995.09803921569
			4578.43137254902	-2992.64705882353
			4575.98039215686	-2990.19607843137
			4575.98039215686	-2987.74509803922
			4575.98039215686	-2985.29411764706
			4575.98039215686	-2982.8431372549
			4573.52941176471	-2980.39215686275
			4573.52941176471	-2977.94117647059
			4573.52941176471	-2975.49019607843
			4573.52941176471	-2973.03921568627
			4573.52941176471	-2970.58823529412
			4573.52941176471	-2968.13725490196
			4571.07843137255	-2965.6862745098
			4571.07843137255	-2963.23529411765
			4571.07843137255	-2960.78431372549
			4571.07843137255	-2958.33333333333
			4571.07843137255	-2955.88235294118
			4571.07843137255	-2953.43137254902
			4571.07843137255	-2950.98039215686
			4571.07843137255	-2948.52941176471
			4571.07843137255	-2946.07843137255
			4571.07843137255	-2943.62745098039
			4571.07843137255	-2941.17647058824
			4571.07843137255	-2938.72549019608
			4571.07843137255	-2936.27450980392
			4571.07843137255	-2933.82352941176
			4571.07843137255	-2931.37254901961
			4571.07843137255	-2928.92156862745
			4571.07843137255	-2926.47058823529
			4571.07843137255	-2924.01960784314
			4571.07843137255	-2921.56862745098
			4573.52941176471	-2919.11764705882
			4573.52941176471	-2916.66666666667
			4573.52941176471	-2914.21568627451
			4573.52941176471	-2911.76470588235
			4573.52941176471	-2909.3137254902
			4573.52941176471	-2906.86274509804
			4573.52941176471	-2904.41176470588
			4575.98039215686	-2901.96078431373
			4575.98039215686	-2899.50980392157
			4575.98039215686	-2897.05882352941
			4575.98039215686	-2894.60784313726
			4575.98039215686	-2892.1568627451
			4575.98039215686	-2889.70588235294
			4578.43137254902	-2887.25490196078
			4578.43137254902	-2884.80392156863
			4578.43137254902	-2882.35294117647
			4578.43137254902	-2879.90196078431
			4580.88235294118	-2877.45098039216
			4580.88235294118	-2875
			4580.88235294118	-2872.54901960784
			4580.88235294118	-2870.09803921569
			4583.33333333333	-2867.64705882353
			4583.33333333333	-2865.19607843137
			4583.33333333333	-2862.74509803922
			4583.33333333333	-2860.29411764706
			4585.78431372549	-2857.8431372549
			4585.78431372549	-2855.39215686275
			4585.78431372549	-2852.94117647059
			4588.23529411765	-2850.49019607843
			4588.23529411765	-2848.03921568627
			4588.23529411765	-2845.58823529412
			4588.23529411765	-2843.13725490196
			4590.6862745098	-2840.6862745098
			4590.6862745098	-2838.23529411765
			4590.6862745098	-2835.78431372549
			4593.13725490196	-2833.33333333333
			4593.13725490196	-2830.88235294118
		</C2>
	</curves.scaled>
	<ruler.points type=matrix rownames=TRUE colnames=FALSE nrow=2 ncol=2 as.numeric=TRUE >
		Ruler point 1	3	1877
		Ruler point 2	105	1877
	</ruler.points>
</shapes>

