<shapes type=list>
	<ruler.pixel type=vector names=FALSE length=1 as.numeric=TRUE >102</ruler.pixel>
	<ruler.interval type=vector names=FALSE length=1 as.numeric=TRUE >250</ruler.interval>
	<scaling.units type=vector names=FALSE length=1 as.numeric=FALSE >nm</scaling.units>
	<scaling type=vector names=FALSE length=1 as.numeric=TRUE >2.45098039215686</scaling>
	<landmarks.pixel type=matrix rownames=TRUE colnames=FALSE nrow=4 ncol=2 as.numeric=TRUE >
		1-TopL	1284	718
		2-TopR	1937	892
		3-BotR	1584	1223
		4-BotL	1515	1195
	</landmarks.pixel>
	<landmarks.scaled type=matrix rownames=TRUE colnames=FALSE nrow=4 ncol=2 as.numeric=TRUE >
		1-TopL	3147.05882352941	-1759.80392156863
		2-TopR	4747.54901960784	-2186.27450980392
		3-BotR	3882.35294117647	-2997.54901960784
		4-BotL	3713.23529411765	-2928.92156862745
	</landmarks.scaled>
	<curves.control type=list>
		<C1 type=matrix rownames=FALSE colnames=FALSE nrow=7 ncol=2 as.numeric=TRUE >
			1284	718
			1440	627
			1584	650
			1673	662
			1780	745
			1907	806
			1937	892
		</C1>
		<C2 type=matrix rownames=FALSE colnames=FALSE nrow=9 ncol=2 as.numeric=TRUE >
			1584	1223
			1578	1234
			1588	1249
			1581	1257
			1569	1253
			1574	1285
			1538	1278
			1485	1255
			1515	1195
		</C2>
	</curves.control>
	<curves.pixel type=list>
		<C1 type=matrix rownames=FALSE colnames=FALSE nrow=715 ncol=2 as.numeric=TRUE >
			1284	718
			1285	717
			1286	717
			1287	716
			1288	716
			1289	715
			1290	714
			1291	714
			1292	713
			1293	713
			1294	712
			1295	712
			1296	711
			1297	710
			1298	710
			1299	709
			1300	709
			1301	709
			1301	708
			1302	708
			1303	708
			1303	707
			1304	707
			1305	706
			1306	706
			1307	705
			1308	704
			1309	704
			1310	704
			1311	703
			1312	702
			1313	702
			1314	701
			1315	701
			1316	701
			1317	700
			1318	700
			1319	699
			1320	699
			1321	698
			1322	697
			1323	697
			1324	696
			1325	696
			1326	695
			1327	695
			1328	694
			1329	694
			1330	694
			1331	693
			1332	692
			1333	692
			1334	692
			1335	691
			1336	691
			1337	690
			1338	690
			1339	689
			1340	689
			1341	689
			1342	688
			1343	688
			1344	687
			1345	686
			1346	686
			1347	686
			1347	685
			1348	685
			1349	685
			1350	684
			1351	684
			1352	684
			1353	683
			1354	683
			1355	682
			1356	682
			1357	681
			1358	681
			1359	680
			1360	680
			1361	680
			1362	679
			1363	679
			1364	679
			1365	678
			1366	678
			1367	677
			1368	677
			1369	677
			1370	676
			1371	676
			1372	675
			1373	675
			1374	675
			1375	674
			1376	674
			1377	674
			1378	673
			1379	673
			1380	673
			1381	672
			1382	672
			1382	671
			1383	671
			1384	671
			1385	670
			1386	670
			1387	670
			1388	669
			1389	669
			1390	669
			1391	668
			1392	668
			1393	668
			1394	667
			1395	667
			1396	667
			1397	667
			1398	666
			1399	666
			1400	666
			1401	665
			1402	665
			1403	665
			1404	664
			1405	664
			1406	664
			1407	664
			1408	663
			1409	663
			1410	663
			1411	662
			1412	662
			1413	662
			1414	661
			1415	661
			1416	661
			1417	660
			1418	660
			1419	660
			1420	660
			1421	660
			1421	659
			1422	659
			1423	659
			1424	659
			1425	658
			1426	658
			1427	658
			1428	658
			1429	657
			1430	657
			1431	657
			1432	657
			1433	656
			1434	656
			1435	656
			1436	656
			1437	655
			1438	655
			1439	655
			1440	655
			1441	655
			1442	654
			1443	654
			1444	654
			1445	654
			1446	654
			1447	653
			1448	653
			1449	653
			1450	653
			1451	653
			1452	652
			1453	652
			1454	652
			1455	652
			1456	652
			1457	651
			1458	651
			1459	651
			1460	651
			1461	651
			1462	651
			1463	650
			1464	650
			1465	650
			1466	650
			1467	650
			1468	650
			1469	650
			1470	649
			1471	649
			1472	649
			1473	649
			1474	649
			1475	649
			1476	649
			1477	648
			1478	648
			1479	648
			1480	648
			1481	648
			1482	648
			1483	648
			1484	648
			1485	648
			1485	647
			1486	647
			1487	647
			1488	647
			1489	647
			1490	647
			1491	647
			1492	647
			1493	647
			1494	647
			1495	647
			1496	646
			1497	646
			1498	646
			1499	646
			1500	646
			1501	646
			1502	646
			1503	646
			1504	646
			1505	646
			1506	646
			1507	646
			1508	646
			1509	646
			1510	646
			1511	646
			1512	646
			1513	646
			1514	646
			1515	646
			1516	645
			1517	645
			1518	645
			1519	645
			1520	645
			1521	645
			1522	645
			1523	645
			1524	645
			1525	645
			1526	645
			1527	645
			1528	645
			1529	645
			1530	645
			1531	645
			1532	645
			1533	645
			1534	645
			1535	645
			1536	646
			1537	646
			1538	646
			1539	646
			1540	646
			1541	646
			1542	646
			1543	646
			1544	646
			1545	646
			1546	646
			1547	646
			1548	646
			1549	646
			1550	646
			1551	646
			1552	646
			1553	646
			1554	646
			1555	647
			1556	647
			1557	647
			1558	647
			1559	647
			1560	647
			1561	647
			1562	647
			1563	647
			1564	647
			1565	647
			1566	648
			1567	648
			1568	648
			1569	648
			1570	648
			1571	648
			1572	648
			1573	648
			1574	649
			1575	649
			1576	649
			1577	649
			1578	649
			1579	649
			1580	649
			1581	650
			1582	650
			1583	650
			1584	650
			1585	650
			1586	650
			1587	650
			1588	651
			1589	651
			1590	651
			1591	651
			1592	651
			1593	651
			1594	652
			1595	652
			1596	652
			1597	652
			1598	652
			1599	653
			1600	653
			1601	653
			1602	653
			1603	653
			1604	654
			1605	654
			1606	654
			1607	654
			1608	655
			1609	655
			1610	655
			1611	655
			1612	655
			1613	656
			1614	656
			1615	656
			1616	656
			1617	657
			1618	657
			1619	657
			1620	657
			1620	658
			1621	658
			1622	658
			1623	659
			1624	659
			1625	659
			1626	659
			1627	660
			1628	660
			1629	660
			1630	661
			1631	661
			1632	661
			1633	661
			1634	662
			1635	662
			1636	662
			1637	663
			1638	663
			1639	663
			1640	664
			1641	664
			1642	664
			1643	665
			1644	666
			1645	666
			1646	666
			1647	666
			1647	667
			1648	667
			1649	667
			1650	668
			1651	668
			1652	669
			1653	669
			1654	669
			1655	670
			1656	670
			1657	670
			1657	671
			1658	671
			1659	671
			1660	672
			1661	672
			1662	672
			1663	673
			1664	674
			1665	674
			1666	675
			1667	675
			1668	675
			1669	676
			1670	676
			1671	677
			1672	677
			1673	678
			1674	678
			1675	679
			1676	679
			1677	680
			1678	680
			1679	680
			1680	681
			1681	682
			1682	682
			1683	682
			1684	683
			1685	683
			1686	684
			1687	684
			1688	685
			1689	686
			1690	686
			1691	687
			1692	687
			1693	688
			1694	688
			1695	689
			1696	689
			1697	690
			1698	690
			1698	691
			1699	691
			1700	691
			1701	692
			1702	692
			1702	693
			1703	693
			1704	694
			1705	694
			1705	695
			1706	695
			1707	695
			1708	696
			1709	696
			1709	697
			1710	697
			1711	698
			1712	698
			1713	699
			1714	700
			1715	700
			1716	701
			1717	701
			1718	702
			1719	703
			1720	703
			1721	704
			1722	704
			1723	705
			1724	706
			1725	706
			1726	707
			1727	707
			1728	708
			1729	709
			1730	709
			1731	710
			1732	711
			1733	711
			1734	712
			1735	713
			1736	713
			1737	714
			1738	714
			1739	715
			1740	716
			1741	716
			1742	717
			1743	718
			1744	718
			1745	719
			1746	720
			1747	720
			1748	721
			1749	722
			1750	723
			1751	724
			1752	724
			1753	725
			1754	725
			1754	726
			1755	726
			1756	727
			1757	727
			1757	728
			1758	729
			1759	729
			1759	730
			1760	730
			1761	731
			1762	731
			1762	732
			1763	732
			1764	733
			1765	734
			1766	734
			1767	735
			1768	736
			1769	736
			1770	737
			1770	738
			1771	738
			1772	739
			1773	740
			1774	740
			1775	741
			1776	742
			1777	742
			1777	743
			1778	744
			1779	744
			1780	745
			1781	746
			1782	746
			1783	747
			1784	747
			1785	748
			1786	748
			1787	749
			1788	749
			1789	750
			1790	750
			1791	751
			1792	751
			1793	752
			1794	752
			1795	753
			1796	753
			1797	754
			1798	754
			1799	755
			1800	755
			1801	756
			1802	756
			1803	757
			1804	757
			1805	758
			1806	758
			1807	759
			1808	759
			1809	760
			1810	760
			1811	761
			1812	761
			1813	762
			1814	763
			1815	763
			1815	764
			1816	764
			1817	765
			1818	765
			1819	766
			1820	766
			1821	767
			1822	767
			1823	768
			1824	768
			1825	769
			1826	770
			1827	771
			1828	771
			1829	772
			1830	772
			1831	773
			1832	774
			1833	774
			1834	775
			1835	776
			1836	776
			1837	777
			1838	778
			1839	778
			1840	779
			1841	779
			1842	780
			1843	781
			1844	782
			1845	782
			1846	783
			1847	784
			1848	784
			1849	785
			1850	786
			1851	787
			1852	787
			1853	788
			1854	789
			1855	789
			1856	790
			1857	791
			1858	792
			1859	792
			1860	793
			1861	794
			1862	794
			1863	795
			1864	796
			1865	797
			1866	798
			1867	799
			1868	799
			1869	800
			1870	801
			1871	802
			1872	803
			1873	803
			1874	804
			1874	805
			1875	805
			1876	806
			1876	807
			1877	807
			1878	808
			1879	808
			1879	809
			1880	810
			1881	810
			1881	811
			1882	812
			1883	812
			1884	813
			1884	814
			1885	814
			1886	815
			1886	816
			1887	816
			1888	817
			1888	818
			1889	818
			1890	819
			1890	820
			1891	820
			1892	821
			1892	822
			1893	822
			1893	823
			1894	824
			1895	824
			1895	825
			1896	826
			1897	826
			1897	827
			1898	828
			1899	829
			1900	830
			1901	831
			1902	832
			1902	833
			1903	833
			1904	834
			1904	835
			1905	836
			1906	837
			1906	838
			1907	838
			1908	839
			1908	840
			1909	841
			1910	842
			1910	843
			1911	843
			1911	844
			1912	845
			1913	846
			1913	847
			1914	848
			1915	849
			1916	850
			1916	851
			1917	852
			1918	853
			1918	854
			1919	855
			1920	856
			1920	857
			1921	858
			1922	859
			1922	860
			1923	861
			1923	862
			1924	863
			1924	864
			1925	865
			1926	866
			1926	867
			1926	868
			1927	868
			1927	869
			1928	870
			1928	871
			1929	872
			1929	873
			1930	874
			1930	875
			1930	876
			1931	877
			1931	878
			1932	879
			1932	880
			1933	881
			1933	882
			1934	883
			1934	884
			1934	885
			1935	886
			1935	887
			1936	888
			1936	889
			1936	890
			1937	891
			1937	892
		</C1>
		<C2 type=matrix rownames=FALSE colnames=FALSE nrow=188 ncol=2 as.numeric=TRUE >
			1584	1223
			1584	1224
			1583	1225
			1583	1226
			1582	1227
			1582	1228
			1582	1229
			1582	1230
			1582	1231
			1582	1232
			1582	1233
			1582	1234
			1582	1235
			1582	1236
			1582	1237
			1583	1238
			1583	1239
			1583	1240
			1584	1241
			1584	1242
			1584	1243
			1585	1244
			1585	1245
			1586	1246
			1587	1247
			1587	1248
			1588	1249
			1587	1250
			1586	1251
			1585	1252
			1584	1252
			1583	1253
			1582	1253
			1581	1254
			1580	1254
			1579	1254
			1578	1254
			1577	1254
			1576	1254
			1575	1254
			1574	1254
			1573	1254
			1572	1254
			1571	1254
			1570	1253
			1569	1253
			1569	1254
			1569	1255
			1569	1256
			1569	1257
			1570	1257
			1570	1258
			1570	1259
			1570	1260
			1570	1261
			1570	1262
			1569	1263
			1569	1264
			1569	1265
			1569	1266
			1569	1267
			1569	1268
			1568	1269
			1568	1270
			1567	1271
			1567	1272
			1566	1273
			1565	1274
			1564	1275
			1563	1276
			1562	1277
			1561	1277
			1560	1278
			1559	1278
			1558	1278
			1557	1278
			1556	1279
			1555	1279
			1554	1279
			1553	1279
			1552	1279
			1551	1279
			1550	1279
			1549	1279
			1548	1279
			1547	1279
			1546	1279
			1545	1279
			1544	1279
			1543	1279
			1542	1279
			1541	1279
			1540	1278
			1539	1278
			1538	1278
			1537	1277
			1536	1277
			1535	1276
			1534	1276
			1533	1275
			1532	1275
			1531	1274
			1530	1274
			1529	1273
			1528	1273
			1527	1272
			1526	1272
			1525	1271
			1524	1270
			1523	1269
			1522	1269
			1521	1268
			1520	1267
			1519	1266
			1518	1266
			1517	1265
			1517	1264
			1516	1263
			1515	1263
			1514	1262
			1514	1261
			1513	1260
			1512	1259
			1511	1258
			1511	1257
			1510	1256
			1510	1255
			1509	1254
			1509	1253
			1508	1252
			1508	1251
			1507	1250
			1507	1249
			1507	1248
			1506	1247
			1506	1246
			1505	1245
			1505	1244
			1505	1243
			1505	1242
			1505	1241
			1505	1240
			1504	1239
			1504	1238
			1504	1237
			1504	1236
			1504	1235
			1504	1234
			1504	1233
			1504	1232
			1504	1231
			1504	1230
			1504	1229
			1504	1228
			1505	1227
			1505	1226
			1505	1225
			1505	1224
			1505	1223
			1505	1222
			1506	1221
			1506	1220
			1506	1219
			1506	1218
			1506	1217
			1507	1216
			1507	1215
			1507	1214
			1508	1213
			1508	1212
			1508	1211
			1509	1210
			1509	1209
			1509	1208
			1510	1207
			1510	1206
			1511	1205
			1511	1204
			1511	1203
			1512	1202
			1512	1201
			1513	1200
			1513	1199
			1514	1198
			1514	1197
			1514	1196
			1515	1196
			1515	1195
		</C2>
	</curves.pixel>
	<curves.scaled type=list>
		<C1 type=matrix rownames=FALSE colnames=FALSE nrow=715 ncol=2 as.numeric=TRUE >
			3147.05882352941	-1759.80392156863
			3149.50980392157	-1757.35294117647
			3151.96078431373	-1757.35294117647
			3154.41176470588	-1754.90196078431
			3156.86274509804	-1754.90196078431
			3159.3137254902	-1752.45098039216
			3161.76470588235	-1750
			3164.21568627451	-1750
			3166.66666666667	-1747.54901960784
			3169.11764705882	-1747.54901960784
			3171.56862745098	-1745.09803921569
			3174.01960784314	-1745.09803921569
			3176.47058823529	-1742.64705882353
			3178.92156862745	-1740.19607843137
			3181.37254901961	-1740.19607843137
			3183.82352941176	-1737.74509803922
			3186.27450980392	-1737.74509803922
			3188.72549019608	-1737.74509803922
			3188.72549019608	-1735.29411764706
			3191.17647058824	-1735.29411764706
			3193.62745098039	-1735.29411764706
			3193.62745098039	-1732.8431372549
			3196.07843137255	-1732.8431372549
			3198.52941176471	-1730.39215686275
			3200.98039215686	-1730.39215686275
			3203.43137254902	-1727.94117647059
			3205.88235294118	-1725.49019607843
			3208.33333333333	-1725.49019607843
			3210.78431372549	-1725.49019607843
			3213.23529411765	-1723.03921568627
			3215.6862745098	-1720.58823529412
			3218.13725490196	-1720.58823529412
			3220.58823529412	-1718.13725490196
			3223.03921568627	-1718.13725490196
			3225.49019607843	-1718.13725490196
			3227.94117647059	-1715.6862745098
			3230.39215686275	-1715.6862745098
			3232.8431372549	-1713.23529411765
			3235.29411764706	-1713.23529411765
			3237.74509803922	-1710.78431372549
			3240.19607843137	-1708.33333333333
			3242.64705882353	-1708.33333333333
			3245.09803921569	-1705.88235294118
			3247.54901960784	-1705.88235294118
			3250	-1703.43137254902
			3252.45098039216	-1703.43137254902
			3254.90196078431	-1700.98039215686
			3257.35294117647	-1700.98039215686
			3259.80392156863	-1700.98039215686
			3262.25490196078	-1698.52941176471
			3264.70588235294	-1696.07843137255
			3267.1568627451	-1696.07843137255
			3269.60784313726	-1696.07843137255
			3272.05882352941	-1693.62745098039
			3274.50980392157	-1693.62745098039
			3276.96078431373	-1691.17647058824
			3279.41176470588	-1691.17647058824
			3281.86274509804	-1688.72549019608
			3284.3137254902	-1688.72549019608
			3286.76470588235	-1688.72549019608
			3289.21568627451	-1686.27450980392
			3291.66666666667	-1686.27450980392
			3294.11764705882	-1683.82352941176
			3296.56862745098	-1681.37254901961
			3299.01960784314	-1681.37254901961
			3301.47058823529	-1681.37254901961
			3301.47058823529	-1678.92156862745
			3303.92156862745	-1678.92156862745
			3306.37254901961	-1678.92156862745
			3308.82352941176	-1676.47058823529
			3311.27450980392	-1676.47058823529
			3313.72549019608	-1676.47058823529
			3316.17647058824	-1674.01960784314
			3318.62745098039	-1674.01960784314
			3321.07843137255	-1671.56862745098
			3323.52941176471	-1671.56862745098
			3325.98039215686	-1669.11764705882
			3328.43137254902	-1669.11764705882
			3330.88235294118	-1666.66666666667
			3333.33333333333	-1666.66666666667
			3335.78431372549	-1666.66666666667
			3338.23529411765	-1664.21568627451
			3340.6862745098	-1664.21568627451
			3343.13725490196	-1664.21568627451
			3345.58823529412	-1661.76470588235
			3348.03921568627	-1661.76470588235
			3350.49019607843	-1659.3137254902
			3352.94117647059	-1659.3137254902
			3355.39215686275	-1659.3137254902
			3357.8431372549	-1656.86274509804
			3360.29411764706	-1656.86274509804
			3362.74509803922	-1654.41176470588
			3365.19607843137	-1654.41176470588
			3367.64705882353	-1654.41176470588
			3370.09803921569	-1651.96078431373
			3372.54901960784	-1651.96078431373
			3375	-1651.96078431373
			3377.45098039216	-1649.50980392157
			3379.90196078431	-1649.50980392157
			3382.35294117647	-1649.50980392157
			3384.80392156863	-1647.05882352941
			3387.25490196078	-1647.05882352941
			3387.25490196078	-1644.60784313726
			3389.70588235294	-1644.60784313726
			3392.1568627451	-1644.60784313726
			3394.60784313726	-1642.1568627451
			3397.05882352941	-1642.1568627451
			3399.50980392157	-1642.1568627451
			3401.96078431373	-1639.70588235294
			3404.41176470588	-1639.70588235294
			3406.86274509804	-1639.70588235294
			3409.3137254902	-1637.25490196078
			3411.76470588235	-1637.25490196078
			3414.21568627451	-1637.25490196078
			3416.66666666667	-1634.80392156863
			3419.11764705882	-1634.80392156863
			3421.56862745098	-1634.80392156863
			3424.01960784314	-1634.80392156863
			3426.47058823529	-1632.35294117647
			3428.92156862745	-1632.35294117647
			3431.37254901961	-1632.35294117647
			3433.82352941176	-1629.90196078431
			3436.27450980392	-1629.90196078431
			3438.72549019608	-1629.90196078431
			3441.17647058824	-1627.45098039216
			3443.62745098039	-1627.45098039216
			3446.07843137255	-1627.45098039216
			3448.52941176471	-1627.45098039216
			3450.98039215686	-1625
			3453.43137254902	-1625
			3455.88235294118	-1625
			3458.33333333333	-1622.54901960784
			3460.78431372549	-1622.54901960784
			3463.23529411765	-1622.54901960784
			3465.6862745098	-1620.09803921569
			3468.13725490196	-1620.09803921569
			3470.58823529412	-1620.09803921569
			3473.03921568627	-1617.64705882353
			3475.49019607843	-1617.64705882353
			3477.94117647059	-1617.64705882353
			3480.39215686275	-1617.64705882353
			3482.8431372549	-1617.64705882353
			3482.8431372549	-1615.19607843137
			3485.29411764706	-1615.19607843137
			3487.74509803922	-1615.19607843137
			3490.19607843137	-1615.19607843137
			3492.64705882353	-1612.74509803922
			3495.09803921569	-1612.74509803922
			3497.54901960784	-1612.74509803922
			3500	-1612.74509803922
			3502.45098039216	-1610.29411764706
			3504.90196078431	-1610.29411764706
			3507.35294117647	-1610.29411764706
			3509.80392156863	-1610.29411764706
			3512.25490196078	-1607.8431372549
			3514.70588235294	-1607.8431372549
			3517.1568627451	-1607.8431372549
			3519.60784313726	-1607.8431372549
			3522.05882352941	-1605.39215686275
			3524.50980392157	-1605.39215686275
			3526.96078431373	-1605.39215686275
			3529.41176470588	-1605.39215686275
			3531.86274509804	-1605.39215686275
			3534.3137254902	-1602.94117647059
			3536.76470588235	-1602.94117647059
			3539.21568627451	-1602.94117647059
			3541.66666666667	-1602.94117647059
			3544.11764705882	-1602.94117647059
			3546.56862745098	-1600.49019607843
			3549.01960784314	-1600.49019607843
			3551.47058823529	-1600.49019607843
			3553.92156862745	-1600.49019607843
			3556.37254901961	-1600.49019607843
			3558.82352941176	-1598.03921568627
			3561.27450980392	-1598.03921568627
			3563.72549019608	-1598.03921568627
			3566.17647058824	-1598.03921568627
			3568.62745098039	-1598.03921568627
			3571.07843137255	-1595.58823529412
			3573.52941176471	-1595.58823529412
			3575.98039215686	-1595.58823529412
			3578.43137254902	-1595.58823529412
			3580.88235294118	-1595.58823529412
			3583.33333333333	-1595.58823529412
			3585.78431372549	-1593.13725490196
			3588.23529411765	-1593.13725490196
			3590.6862745098	-1593.13725490196
			3593.13725490196	-1593.13725490196
			3595.58823529412	-1593.13725490196
			3598.03921568627	-1593.13725490196
			3600.49019607843	-1593.13725490196
			3602.94117647059	-1590.6862745098
			3605.39215686275	-1590.6862745098
			3607.8431372549	-1590.6862745098
			3610.29411764706	-1590.6862745098
			3612.74509803922	-1590.6862745098
			3615.19607843137	-1590.6862745098
			3617.64705882353	-1590.6862745098
			3620.09803921569	-1588.23529411765
			3622.54901960784	-1588.23529411765
			3625	-1588.23529411765
			3627.45098039216	-1588.23529411765
			3629.90196078431	-1588.23529411765
			3632.35294117647	-1588.23529411765
			3634.80392156863	-1588.23529411765
			3637.25490196078	-1588.23529411765
			3639.70588235294	-1588.23529411765
			3639.70588235294	-1585.78431372549
			3642.1568627451	-1585.78431372549
			3644.60784313726	-1585.78431372549
			3647.05882352941	-1585.78431372549
			3649.50980392157	-1585.78431372549
			3651.96078431373	-1585.78431372549
			3654.41176470588	-1585.78431372549
			3656.86274509804	-1585.78431372549
			3659.3137254902	-1585.78431372549
			3661.76470588235	-1585.78431372549
			3664.21568627451	-1585.78431372549
			3666.66666666667	-1583.33333333333
			3669.11764705882	-1583.33333333333
			3671.56862745098	-1583.33333333333
			3674.01960784314	-1583.33333333333
			3676.47058823529	-1583.33333333333
			3678.92156862745	-1583.33333333333
			3681.37254901961	-1583.33333333333
			3683.82352941176	-1583.33333333333
			3686.27450980392	-1583.33333333333
			3688.72549019608	-1583.33333333333
			3691.17647058824	-1583.33333333333
			3693.62745098039	-1583.33333333333
			3696.07843137255	-1583.33333333333
			3698.52941176471	-1583.33333333333
			3700.98039215686	-1583.33333333333
			3703.43137254902	-1583.33333333333
			3705.88235294118	-1583.33333333333
			3708.33333333333	-1583.33333333333
			3710.78431372549	-1583.33333333333
			3713.23529411765	-1583.33333333333
			3715.6862745098	-1580.88235294118
			3718.13725490196	-1580.88235294118
			3720.58823529412	-1580.88235294118
			3723.03921568627	-1580.88235294118
			3725.49019607843	-1580.88235294118
			3727.94117647059	-1580.88235294118
			3730.39215686275	-1580.88235294118
			3732.8431372549	-1580.88235294118
			3735.29411764706	-1580.88235294118
			3737.74509803922	-1580.88235294118
			3740.19607843137	-1580.88235294118
			3742.64705882353	-1580.88235294118
			3745.09803921569	-1580.88235294118
			3747.54901960784	-1580.88235294118
			3750	-1580.88235294118
			3752.45098039216	-1580.88235294118
			3754.90196078431	-1580.88235294118
			3757.35294117647	-1580.88235294118
			3759.80392156863	-1580.88235294118
			3762.25490196078	-1580.88235294118
			3764.70588235294	-1583.33333333333
			3767.1568627451	-1583.33333333333
			3769.60784313726	-1583.33333333333
			3772.05882352941	-1583.33333333333
			3774.50980392157	-1583.33333333333
			3776.96078431373	-1583.33333333333
			3779.41176470588	-1583.33333333333
			3781.86274509804	-1583.33333333333
			3784.3137254902	-1583.33333333333
			3786.76470588235	-1583.33333333333
			3789.21568627451	-1583.33333333333
			3791.66666666667	-1583.33333333333
			3794.11764705882	-1583.33333333333
			3796.56862745098	-1583.33333333333
			3799.01960784314	-1583.33333333333
			3801.47058823529	-1583.33333333333
			3803.92156862745	-1583.33333333333
			3806.37254901961	-1583.33333333333
			3808.82352941176	-1583.33333333333
			3811.27450980392	-1585.78431372549
			3813.72549019608	-1585.78431372549
			3816.17647058824	-1585.78431372549
			3818.62745098039	-1585.78431372549
			3821.07843137255	-1585.78431372549
			3823.52941176471	-1585.78431372549
			3825.98039215686	-1585.78431372549
			3828.43137254902	-1585.78431372549
			3830.88235294118	-1585.78431372549
			3833.33333333333	-1585.78431372549
			3835.78431372549	-1585.78431372549
			3838.23529411765	-1588.23529411765
			3840.6862745098	-1588.23529411765
			3843.13725490196	-1588.23529411765
			3845.58823529412	-1588.23529411765
			3848.03921568627	-1588.23529411765
			3850.49019607843	-1588.23529411765
			3852.94117647059	-1588.23529411765
			3855.39215686275	-1588.23529411765
			3857.8431372549	-1590.6862745098
			3860.29411764706	-1590.6862745098
			3862.74509803922	-1590.6862745098
			3865.19607843137	-1590.6862745098
			3867.64705882353	-1590.6862745098
			3870.09803921569	-1590.6862745098
			3872.54901960784	-1590.6862745098
			3875	-1593.13725490196
			3877.45098039216	-1593.13725490196
			3879.90196078431	-1593.13725490196
			3882.35294117647	-1593.13725490196
			3884.80392156863	-1593.13725490196
			3887.25490196078	-1593.13725490196
			3889.70588235294	-1593.13725490196
			3892.1568627451	-1595.58823529412
			3894.60784313726	-1595.58823529412
			3897.05882352941	-1595.58823529412
			3899.50980392157	-1595.58823529412
			3901.96078431373	-1595.58823529412
			3904.41176470588	-1595.58823529412
			3906.86274509804	-1598.03921568627
			3909.3137254902	-1598.03921568627
			3911.76470588235	-1598.03921568627
			3914.21568627451	-1598.03921568627
			3916.66666666667	-1598.03921568627
			3919.11764705882	-1600.49019607843
			3921.56862745098	-1600.49019607843
			3924.01960784314	-1600.49019607843
			3926.47058823529	-1600.49019607843
			3928.92156862745	-1600.49019607843
			3931.37254901961	-1602.94117647059
			3933.82352941176	-1602.94117647059
			3936.27450980392	-1602.94117647059
			3938.72549019608	-1602.94117647059
			3941.17647058824	-1605.39215686275
			3943.62745098039	-1605.39215686275
			3946.07843137255	-1605.39215686275
			3948.52941176471	-1605.39215686275
			3950.98039215686	-1605.39215686275
			3953.43137254902	-1607.8431372549
			3955.88235294118	-1607.8431372549
			3958.33333333333	-1607.8431372549
			3960.78431372549	-1607.8431372549
			3963.23529411765	-1610.29411764706
			3965.6862745098	-1610.29411764706
			3968.13725490196	-1610.29411764706
			3970.58823529412	-1610.29411764706
			3970.58823529412	-1612.74509803922
			3973.03921568627	-1612.74509803922
			3975.49019607843	-1612.74509803922
			3977.94117647059	-1615.19607843137
			3980.39215686275	-1615.19607843137
			3982.8431372549	-1615.19607843137
			3985.29411764706	-1615.19607843137
			3987.74509803922	-1617.64705882353
			3990.19607843137	-1617.64705882353
			3992.64705882353	-1617.64705882353
			3995.09803921569	-1620.09803921569
			3997.54901960784	-1620.09803921569
			4000	-1620.09803921569
			4002.45098039216	-1620.09803921569
			4004.90196078431	-1622.54901960784
			4007.35294117647	-1622.54901960784
			4009.80392156863	-1622.54901960784
			4012.25490196078	-1625
			4014.70588235294	-1625
			4017.1568627451	-1625
			4019.60784313726	-1627.45098039216
			4022.05882352941	-1627.45098039216
			4024.50980392157	-1627.45098039216
			4026.96078431373	-1629.90196078431
			4029.41176470588	-1632.35294117647
			4031.86274509804	-1632.35294117647
			4034.3137254902	-1632.35294117647
			4036.76470588235	-1632.35294117647
			4036.76470588235	-1634.80392156863
			4039.21568627451	-1634.80392156863
			4041.66666666667	-1634.80392156863
			4044.11764705882	-1637.25490196078
			4046.56862745098	-1637.25490196078
			4049.01960784314	-1639.70588235294
			4051.47058823529	-1639.70588235294
			4053.92156862745	-1639.70588235294
			4056.37254901961	-1642.1568627451
			4058.82352941176	-1642.1568627451
			4061.27450980392	-1642.1568627451
			4061.27450980392	-1644.60784313726
			4063.72549019608	-1644.60784313726
			4066.17647058824	-1644.60784313726
			4068.62745098039	-1647.05882352941
			4071.07843137255	-1647.05882352941
			4073.52941176471	-1647.05882352941
			4075.98039215686	-1649.50980392157
			4078.43137254902	-1651.96078431373
			4080.88235294118	-1651.96078431373
			4083.33333333333	-1654.41176470588
			4085.78431372549	-1654.41176470588
			4088.23529411765	-1654.41176470588
			4090.6862745098	-1656.86274509804
			4093.13725490196	-1656.86274509804
			4095.58823529412	-1659.3137254902
			4098.03921568627	-1659.3137254902
			4100.49019607843	-1661.76470588235
			4102.94117647059	-1661.76470588235
			4105.39215686275	-1664.21568627451
			4107.8431372549	-1664.21568627451
			4110.29411764706	-1666.66666666667
			4112.74509803922	-1666.66666666667
			4115.19607843137	-1666.66666666667
			4117.64705882353	-1669.11764705882
			4120.09803921569	-1671.56862745098
			4122.54901960784	-1671.56862745098
			4125	-1671.56862745098
			4127.45098039216	-1674.01960784314
			4129.90196078431	-1674.01960784314
			4132.35294117647	-1676.47058823529
			4134.80392156863	-1676.47058823529
			4137.25490196078	-1678.92156862745
			4139.70588235294	-1681.37254901961
			4142.1568627451	-1681.37254901961
			4144.60784313726	-1683.82352941176
			4147.05882352941	-1683.82352941176
			4149.50980392157	-1686.27450980392
			4151.96078431373	-1686.27450980392
			4154.41176470588	-1688.72549019608
			4156.86274509804	-1688.72549019608
			4159.3137254902	-1691.17647058824
			4161.76470588235	-1691.17647058824
			4161.76470588235	-1693.62745098039
			4164.21568627451	-1693.62745098039
			4166.66666666667	-1693.62745098039
			4169.11764705882	-1696.07843137255
			4171.56862745098	-1696.07843137255
			4171.56862745098	-1698.52941176471
			4174.01960784314	-1698.52941176471
			4176.47058823529	-1700.98039215686
			4178.92156862745	-1700.98039215686
			4178.92156862745	-1703.43137254902
			4181.37254901961	-1703.43137254902
			4183.82352941176	-1703.43137254902
			4186.27450980392	-1705.88235294118
			4188.72549019608	-1705.88235294118
			4188.72549019608	-1708.33333333333
			4191.17647058824	-1708.33333333333
			4193.62745098039	-1710.78431372549
			4196.07843137255	-1710.78431372549
			4198.52941176471	-1713.23529411765
			4200.98039215686	-1715.6862745098
			4203.43137254902	-1715.6862745098
			4205.88235294118	-1718.13725490196
			4208.33333333333	-1718.13725490196
			4210.78431372549	-1720.58823529412
			4213.23529411765	-1723.03921568627
			4215.6862745098	-1723.03921568627
			4218.13725490196	-1725.49019607843
			4220.58823529412	-1725.49019607843
			4223.03921568627	-1727.94117647059
			4225.49019607843	-1730.39215686275
			4227.94117647059	-1730.39215686275
			4230.39215686275	-1732.8431372549
			4232.8431372549	-1732.8431372549
			4235.29411764706	-1735.29411764706
			4237.74509803922	-1737.74509803922
			4240.19607843137	-1737.74509803922
			4242.64705882353	-1740.19607843137
			4245.09803921569	-1742.64705882353
			4247.54901960784	-1742.64705882353
			4250	-1745.09803921569
			4252.45098039216	-1747.54901960784
			4254.90196078431	-1747.54901960784
			4257.35294117647	-1750
			4259.80392156863	-1750
			4262.25490196078	-1752.45098039216
			4264.70588235294	-1754.90196078431
			4267.1568627451	-1754.90196078431
			4269.60784313726	-1757.35294117647
			4272.05882352941	-1759.80392156863
			4274.50980392157	-1759.80392156863
			4276.96078431373	-1762.25490196078
			4279.41176470588	-1764.70588235294
			4281.86274509804	-1764.70588235294
			4284.3137254902	-1767.1568627451
			4286.76470588235	-1769.60784313726
			4289.21568627451	-1772.05882352941
			4291.66666666667	-1774.50980392157
			4294.11764705882	-1774.50980392157
			4296.56862745098	-1776.96078431373
			4299.01960784314	-1776.96078431373
			4299.01960784314	-1779.41176470588
			4301.47058823529	-1779.41176470588
			4303.92156862745	-1781.86274509804
			4306.37254901961	-1781.86274509804
			4306.37254901961	-1784.3137254902
			4308.82352941176	-1786.76470588235
			4311.27450980392	-1786.76470588235
			4311.27450980392	-1789.21568627451
			4313.72549019608	-1789.21568627451
			4316.17647058824	-1791.66666666667
			4318.62745098039	-1791.66666666667
			4318.62745098039	-1794.11764705882
			4321.07843137255	-1794.11764705882
			4323.52941176471	-1796.56862745098
			4325.98039215686	-1799.01960784314
			4328.43137254902	-1799.01960784314
			4330.88235294118	-1801.47058823529
			4333.33333333333	-1803.92156862745
			4335.78431372549	-1803.92156862745
			4338.23529411765	-1806.37254901961
			4338.23529411765	-1808.82352941176
			4340.6862745098	-1808.82352941176
			4343.13725490196	-1811.27450980392
			4345.58823529412	-1813.72549019608
			4348.03921568627	-1813.72549019608
			4350.49019607843	-1816.17647058824
			4352.94117647059	-1818.62745098039
			4355.39215686275	-1818.62745098039
			4355.39215686275	-1821.07843137255
			4357.8431372549	-1823.52941176471
			4360.29411764706	-1823.52941176471
			4362.74509803922	-1825.98039215686
			4365.19607843137	-1828.43137254902
			4367.64705882353	-1828.43137254902
			4370.09803921569	-1830.88235294118
			4372.54901960784	-1830.88235294118
			4375	-1833.33333333333
			4377.45098039216	-1833.33333333333
			4379.90196078431	-1835.78431372549
			4382.35294117647	-1835.78431372549
			4384.80392156863	-1838.23529411765
			4387.25490196078	-1838.23529411765
			4389.70588235294	-1840.6862745098
			4392.1568627451	-1840.6862745098
			4394.60784313726	-1843.13725490196
			4397.05882352941	-1843.13725490196
			4399.50980392157	-1845.58823529412
			4401.96078431373	-1845.58823529412
			4404.41176470588	-1848.03921568627
			4406.86274509804	-1848.03921568627
			4409.3137254902	-1850.49019607843
			4411.76470588235	-1850.49019607843
			4414.21568627451	-1852.94117647059
			4416.66666666667	-1852.94117647059
			4419.11764705882	-1855.39215686275
			4421.56862745098	-1855.39215686275
			4424.01960784314	-1857.8431372549
			4426.47058823529	-1857.8431372549
			4428.92156862745	-1860.29411764706
			4431.37254901961	-1860.29411764706
			4433.82352941176	-1862.74509803922
			4436.27450980392	-1862.74509803922
			4438.72549019608	-1865.19607843137
			4441.17647058824	-1865.19607843137
			4443.62745098039	-1867.64705882353
			4446.07843137255	-1870.09803921569
			4448.52941176471	-1870.09803921569
			4448.52941176471	-1872.54901960784
			4450.98039215686	-1872.54901960784
			4453.43137254902	-1875
			4455.88235294118	-1875
			4458.33333333333	-1877.45098039216
			4460.78431372549	-1877.45098039216
			4463.23529411765	-1879.90196078431
			4465.6862745098	-1879.90196078431
			4468.13725490196	-1882.35294117647
			4470.58823529412	-1882.35294117647
			4473.03921568627	-1884.80392156863
			4475.49019607843	-1887.25490196078
			4477.94117647059	-1889.70588235294
			4480.39215686275	-1889.70588235294
			4482.8431372549	-1892.1568627451
			4485.29411764706	-1892.1568627451
			4487.74509803922	-1894.60784313726
			4490.19607843137	-1897.05882352941
			4492.64705882353	-1897.05882352941
			4495.09803921569	-1899.50980392157
			4497.54901960784	-1901.96078431373
			4500	-1901.96078431373
			4502.45098039216	-1904.41176470588
			4504.90196078431	-1906.86274509804
			4507.35294117647	-1906.86274509804
			4509.80392156863	-1909.3137254902
			4512.25490196078	-1909.3137254902
			4514.70588235294	-1911.76470588235
			4517.1568627451	-1914.21568627451
			4519.60784313726	-1916.66666666667
			4522.05882352941	-1916.66666666667
			4524.50980392157	-1919.11764705882
			4526.96078431373	-1921.56862745098
			4529.41176470588	-1921.56862745098
			4531.86274509804	-1924.01960784314
			4534.3137254902	-1926.47058823529
			4536.76470588235	-1928.92156862745
			4539.21568627451	-1928.92156862745
			4541.66666666667	-1931.37254901961
			4544.11764705882	-1933.82352941176
			4546.56862745098	-1933.82352941176
			4549.01960784314	-1936.27450980392
			4551.47058823529	-1938.72549019608
			4553.92156862745	-1941.17647058824
			4556.37254901961	-1941.17647058824
			4558.82352941176	-1943.62745098039
			4561.27450980392	-1946.07843137255
			4563.72549019608	-1946.07843137255
			4566.17647058824	-1948.52941176471
			4568.62745098039	-1950.98039215686
			4571.07843137255	-1953.43137254902
			4573.52941176471	-1955.88235294118
			4575.98039215686	-1958.33333333333
			4578.43137254902	-1958.33333333333
			4580.88235294118	-1960.78431372549
			4583.33333333333	-1963.23529411765
			4585.78431372549	-1965.6862745098
			4588.23529411765	-1968.13725490196
			4590.6862745098	-1968.13725490196
			4593.13725490196	-1970.58823529412
			4593.13725490196	-1973.03921568627
			4595.58823529412	-1973.03921568627
			4598.03921568627	-1975.49019607843
			4598.03921568627	-1977.94117647059
			4600.49019607843	-1977.94117647059
			4602.94117647059	-1980.39215686275
			4605.39215686275	-1980.39215686275
			4605.39215686275	-1982.8431372549
			4607.8431372549	-1985.29411764706
			4610.29411764706	-1985.29411764706
			4610.29411764706	-1987.74509803922
			4612.74509803922	-1990.19607843137
			4615.19607843137	-1990.19607843137
			4617.64705882353	-1992.64705882353
			4617.64705882353	-1995.09803921569
			4620.09803921569	-1995.09803921569
			4622.54901960784	-1997.54901960784
			4622.54901960784	-2000
			4625	-2000
			4627.45098039216	-2002.45098039216
			4627.45098039216	-2004.90196078431
			4629.90196078431	-2004.90196078431
			4632.35294117647	-2007.35294117647
			4632.35294117647	-2009.80392156863
			4634.80392156863	-2009.80392156863
			4637.25490196078	-2012.25490196078
			4637.25490196078	-2014.70588235294
			4639.70588235294	-2014.70588235294
			4639.70588235294	-2017.1568627451
			4642.1568627451	-2019.60784313726
			4644.60784313726	-2019.60784313726
			4644.60784313726	-2022.05882352941
			4647.05882352941	-2024.50980392157
			4649.50980392157	-2024.50980392157
			4649.50980392157	-2026.96078431373
			4651.96078431373	-2029.41176470588
			4654.41176470588	-2031.86274509804
			4656.86274509804	-2034.3137254902
			4659.3137254902	-2036.76470588235
			4661.76470588235	-2039.21568627451
			4661.76470588235	-2041.66666666667
			4664.21568627451	-2041.66666666667
			4666.66666666667	-2044.11764705882
			4666.66666666667	-2046.56862745098
			4669.11764705882	-2049.01960784314
			4671.56862745098	-2051.47058823529
			4671.56862745098	-2053.92156862745
			4674.01960784314	-2053.92156862745
			4676.47058823529	-2056.37254901961
			4676.47058823529	-2058.82352941176
			4678.92156862745	-2061.27450980392
			4681.37254901961	-2063.72549019608
			4681.37254901961	-2066.17647058824
			4683.82352941176	-2066.17647058824
			4683.82352941176	-2068.62745098039
			4686.27450980392	-2071.07843137255
			4688.72549019608	-2073.52941176471
			4688.72549019608	-2075.98039215686
			4691.17647058824	-2078.43137254902
			4693.62745098039	-2080.88235294118
			4696.07843137255	-2083.33333333333
			4696.07843137255	-2085.78431372549
			4698.52941176471	-2088.23529411765
			4700.98039215686	-2090.6862745098
			4700.98039215686	-2093.13725490196
			4703.43137254902	-2095.58823529412
			4705.88235294118	-2098.03921568627
			4705.88235294118	-2100.49019607843
			4708.33333333333	-2102.94117647059
			4710.78431372549	-2105.39215686275
			4710.78431372549	-2107.8431372549
			4713.23529411765	-2110.29411764706
			4713.23529411765	-2112.74509803922
			4715.6862745098	-2115.19607843137
			4715.6862745098	-2117.64705882353
			4718.13725490196	-2120.09803921569
			4720.58823529412	-2122.54901960784
			4720.58823529412	-2125
			4720.58823529412	-2127.45098039216
			4723.03921568627	-2127.45098039216
			4723.03921568627	-2129.90196078431
			4725.49019607843	-2132.35294117647
			4725.49019607843	-2134.80392156863
			4727.94117647059	-2137.25490196078
			4727.94117647059	-2139.70588235294
			4730.39215686275	-2142.1568627451
			4730.39215686275	-2144.60784313726
			4730.39215686275	-2147.05882352941
			4732.8431372549	-2149.50980392157
			4732.8431372549	-2151.96078431373
			4735.29411764706	-2154.41176470588
			4735.29411764706	-2156.86274509804
			4737.74509803922	-2159.3137254902
			4737.74509803922	-2161.76470588235
			4740.19607843137	-2164.21568627451
			4740.19607843137	-2166.66666666667
			4740.19607843137	-2169.11764705882
			4742.64705882353	-2171.56862745098
			4742.64705882353	-2174.01960784314
			4745.09803921569	-2176.47058823529
			4745.09803921569	-2178.92156862745
			4745.09803921569	-2181.37254901961
			4747.54901960784	-2183.82352941176
			4747.54901960784	-2186.27450980392
		</C1>
		<C2 type=matrix rownames=FALSE colnames=FALSE nrow=188 ncol=2 as.numeric=TRUE >
			3882.35294117647	-2997.54901960784
			3882.35294117647	-3000
			3879.90196078431	-3002.45098039216
			3879.90196078431	-3004.90196078431
			3877.45098039216	-3007.35294117647
			3877.45098039216	-3009.80392156863
			3877.45098039216	-3012.25490196078
			3877.45098039216	-3014.70588235294
			3877.45098039216	-3017.1568627451
			3877.45098039216	-3019.60784313726
			3877.45098039216	-3022.05882352941
			3877.45098039216	-3024.50980392157
			3877.45098039216	-3026.96078431373
			3877.45098039216	-3029.41176470588
			3877.45098039216	-3031.86274509804
			3879.90196078431	-3034.3137254902
			3879.90196078431	-3036.76470588235
			3879.90196078431	-3039.21568627451
			3882.35294117647	-3041.66666666667
			3882.35294117647	-3044.11764705882
			3882.35294117647	-3046.56862745098
			3884.80392156863	-3049.01960784314
			3884.80392156863	-3051.47058823529
			3887.25490196078	-3053.92156862745
			3889.70588235294	-3056.37254901961
			3889.70588235294	-3058.82352941176
			3892.1568627451	-3061.27450980392
			3889.70588235294	-3063.72549019608
			3887.25490196078	-3066.17647058824
			3884.80392156863	-3068.62745098039
			3882.35294117647	-3068.62745098039
			3879.90196078431	-3071.07843137255
			3877.45098039216	-3071.07843137255
			3875	-3073.52941176471
			3872.54901960784	-3073.52941176471
			3870.09803921569	-3073.52941176471
			3867.64705882353	-3073.52941176471
			3865.19607843137	-3073.52941176471
			3862.74509803922	-3073.52941176471
			3860.29411764706	-3073.52941176471
			3857.8431372549	-3073.52941176471
			3855.39215686275	-3073.52941176471
			3852.94117647059	-3073.52941176471
			3850.49019607843	-3073.52941176471
			3848.03921568627	-3071.07843137255
			3845.58823529412	-3071.07843137255
			3845.58823529412	-3073.52941176471
			3845.58823529412	-3075.98039215686
			3845.58823529412	-3078.43137254902
			3845.58823529412	-3080.88235294118
			3848.03921568627	-3080.88235294118
			3848.03921568627	-3083.33333333333
			3848.03921568627	-3085.78431372549
			3848.03921568627	-3088.23529411765
			3848.03921568627	-3090.6862745098
			3848.03921568627	-3093.13725490196
			3845.58823529412	-3095.58823529412
			3845.58823529412	-3098.03921568627
			3845.58823529412	-3100.49019607843
			3845.58823529412	-3102.94117647059
			3845.58823529412	-3105.39215686275
			3845.58823529412	-3107.8431372549
			3843.13725490196	-3110.29411764706
			3843.13725490196	-3112.74509803922
			3840.6862745098	-3115.19607843137
			3840.6862745098	-3117.64705882353
			3838.23529411765	-3120.09803921569
			3835.78431372549	-3122.54901960784
			3833.33333333333	-3125
			3830.88235294118	-3127.45098039216
			3828.43137254902	-3129.90196078431
			3825.98039215686	-3129.90196078431
			3823.52941176471	-3132.35294117647
			3821.07843137255	-3132.35294117647
			3818.62745098039	-3132.35294117647
			3816.17647058824	-3132.35294117647
			3813.72549019608	-3134.80392156863
			3811.27450980392	-3134.80392156863
			3808.82352941176	-3134.80392156863
			3806.37254901961	-3134.80392156863
			3803.92156862745	-3134.80392156863
			3801.47058823529	-3134.80392156863
			3799.01960784314	-3134.80392156863
			3796.56862745098	-3134.80392156863
			3794.11764705882	-3134.80392156863
			3791.66666666667	-3134.80392156863
			3789.21568627451	-3134.80392156863
			3786.76470588235	-3134.80392156863
			3784.3137254902	-3134.80392156863
			3781.86274509804	-3134.80392156863
			3779.41176470588	-3134.80392156863
			3776.96078431373	-3134.80392156863
			3774.50980392157	-3132.35294117647
			3772.05882352941	-3132.35294117647
			3769.60784313726	-3132.35294117647
			3767.1568627451	-3129.90196078431
			3764.70588235294	-3129.90196078431
			3762.25490196078	-3127.45098039216
			3759.80392156863	-3127.45098039216
			3757.35294117647	-3125
			3754.90196078431	-3125
			3752.45098039216	-3122.54901960784
			3750	-3122.54901960784
			3747.54901960784	-3120.09803921569
			3745.09803921569	-3120.09803921569
			3742.64705882353	-3117.64705882353
			3740.19607843137	-3117.64705882353
			3737.74509803922	-3115.19607843137
			3735.29411764706	-3112.74509803922
			3732.8431372549	-3110.29411764706
			3730.39215686275	-3110.29411764706
			3727.94117647059	-3107.8431372549
			3725.49019607843	-3105.39215686275
			3723.03921568627	-3102.94117647059
			3720.58823529412	-3102.94117647059
			3718.13725490196	-3100.49019607843
			3718.13725490196	-3098.03921568627
			3715.6862745098	-3095.58823529412
			3713.23529411765	-3095.58823529412
			3710.78431372549	-3093.13725490196
			3710.78431372549	-3090.6862745098
			3708.33333333333	-3088.23529411765
			3705.88235294118	-3085.78431372549
			3703.43137254902	-3083.33333333333
			3703.43137254902	-3080.88235294118
			3700.98039215686	-3078.43137254902
			3700.98039215686	-3075.98039215686
			3698.52941176471	-3073.52941176471
			3698.52941176471	-3071.07843137255
			3696.07843137255	-3068.62745098039
			3696.07843137255	-3066.17647058824
			3693.62745098039	-3063.72549019608
			3693.62745098039	-3061.27450980392
			3693.62745098039	-3058.82352941176
			3691.17647058824	-3056.37254901961
			3691.17647058824	-3053.92156862745
			3688.72549019608	-3051.47058823529
			3688.72549019608	-3049.01960784314
			3688.72549019608	-3046.56862745098
			3688.72549019608	-3044.11764705882
			3688.72549019608	-3041.66666666667
			3688.72549019608	-3039.21568627451
			3686.27450980392	-3036.76470588235
			3686.27450980392	-3034.3137254902
			3686.27450980392	-3031.86274509804
			3686.27450980392	-3029.41176470588
			3686.27450980392	-3026.96078431373
			3686.27450980392	-3024.50980392157
			3686.27450980392	-3022.05882352941
			3686.27450980392	-3019.60784313726
			3686.27450980392	-3017.1568627451
			3686.27450980392	-3014.70588235294
			3686.27450980392	-3012.25490196078
			3686.27450980392	-3009.80392156863
			3688.72549019608	-3007.35294117647
			3688.72549019608	-3004.90196078431
			3688.72549019608	-3002.45098039216
			3688.72549019608	-3000
			3688.72549019608	-2997.54901960784
			3688.72549019608	-2995.09803921569
			3691.17647058824	-2992.64705882353
			3691.17647058824	-2990.19607843137
			3691.17647058824	-2987.74509803922
			3691.17647058824	-2985.29411764706
			3691.17647058824	-2982.8431372549
			3693.62745098039	-2980.39215686275
			3693.62745098039	-2977.94117647059
			3693.62745098039	-2975.49019607843
			3696.07843137255	-2973.03921568627
			3696.07843137255	-2970.58823529412
			3696.07843137255	-2968.13725490196
			3698.52941176471	-2965.6862745098
			3698.52941176471	-2963.23529411765
			3698.52941176471	-2960.78431372549
			3700.98039215686	-2958.33333333333
			3700.98039215686	-2955.88235294118
			3703.43137254902	-2953.43137254902
			3703.43137254902	-2950.98039215686
			3703.43137254902	-2948.52941176471
			3705.88235294118	-2946.07843137255
			3705.88235294118	-2943.62745098039
			3708.33333333333	-2941.17647058824
			3708.33333333333	-2938.72549019608
			3710.78431372549	-2936.27450980392
			3710.78431372549	-2933.82352941176
			3710.78431372549	-2931.37254901961
			3713.23529411765	-2931.37254901961
			3713.23529411765	-2928.92156862745
		</C2>
	</curves.scaled>
	<ruler.points type=matrix rownames=TRUE colnames=FALSE nrow=2 ncol=2 as.numeric=TRUE >
		Ruler point 1	3	1877
		Ruler point 2	105	1877
	</ruler.points>
</shapes>

