<shapes type=list>
	<ruler.pixel type=vector names=FALSE length=1 as.numeric=TRUE >102</ruler.pixel>
	<ruler.interval type=vector names=FALSE length=1 as.numeric=TRUE >250</ruler.interval>
	<scaling.units type=vector names=FALSE length=1 as.numeric=FALSE >nm</scaling.units>
	<scaling type=vector names=FALSE length=1 as.numeric=TRUE >2.45098039215686</scaling>
	<landmarks.pixel type=matrix rownames=TRUE colnames=FALSE nrow=4 ncol=2 as.numeric=TRUE >
		1-TopL	1415	800
		2-TopR	2105	906
		3-BotR	1770	1289
		4-BotL	1686	1268
	</landmarks.pixel>
	<landmarks.scaled type=matrix rownames=TRUE colnames=FALSE nrow=4 ncol=2 as.numeric=TRUE >
		1-TopL	3468.13725490196	-1960.78431372549
		2-TopR	5159.3137254902	-2220.58823529412
		3-BotR	4338.23529411765	-3159.3137254902
		4-BotL	4132.35294117647	-3107.8431372549
	</landmarks.scaled>
	<curves.control type=list>
		<C1 type=matrix rownames=FALSE colnames=FALSE nrow=9 ncol=2 as.numeric=TRUE >
			1415	800
			1526	689
			1730	694
			1785	702
			1868	752
			1951	787
			2036	831
			2074	853
			2105	906
		</C1>
		<C2 type=matrix rownames=FALSE colnames=FALSE nrow=7 ncol=2 as.numeric=TRUE >
			1770	1289
			1791	1329
			1760	1328
			1754	1371
			1696	1343
			1668	1319
			1686	1268
		</C2>
	</curves.control>
	<curves.pixel type=list>
		<C1 type=matrix rownames=FALSE colnames=FALSE nrow=739 ncol=2 as.numeric=TRUE >
			1415	800
			1416	799
			1417	798
			1418	797
			1419	796
			1420	795
			1421	795
			1421	794
			1422	793
			1423	793
			1423	792
			1424	791
			1425	791
			1425	790
			1426	789
			1427	789
			1428	788
			1428	787
			1429	787
			1430	786
			1431	785
			1432	784
			1433	783
			1434	783
			1435	782
			1436	781
			1436	780
			1437	780
			1438	779
			1439	778
			1440	777
			1441	777
			1442	776
			1443	775
			1444	775
			1444	774
			1445	773
			1446	772
			1447	772
			1448	771
			1449	770
			1450	770
			1451	769
			1452	768
			1453	768
			1454	767
			1455	766
			1456	765
			1457	764
			1458	764
			1458	763
			1459	763
			1460	763
			1460	762
			1461	762
			1462	761
			1463	761
			1463	760
			1464	760
			1465	759
			1466	758
			1467	757
			1468	757
			1469	756
			1470	756
			1471	755
			1472	755
			1472	754
			1473	754
			1474	753
			1475	753
			1476	752
			1477	752
			1478	751
			1478	750
			1479	750
			1480	749
			1481	749
			1482	748
			1483	748
			1484	747
			1485	746
			1486	746
			1487	745
			1488	745
			1489	744
			1490	744
			1491	743
			1492	743
			1493	742
			1494	742
			1495	741
			1496	741
			1497	740
			1498	740
			1499	739
			1500	739
			1501	738
			1502	738
			1503	737
			1504	737
			1505	736
			1506	736
			1507	735
			1508	735
			1508	734
			1509	734
			1510	734
			1511	733
			1512	733
			1513	732
			1514	732
			1515	731
			1516	731
			1517	730
			1518	730
			1519	730
			1520	729
			1521	729
			1522	728
			1523	728
			1524	727
			1525	727
			1526	727
			1527	726
			1528	726
			1529	725
			1530	725
			1531	725
			1532	724
			1533	724
			1534	723
			1535	723
			1536	723
			1537	722
			1538	722
			1539	722
			1540	721
			1541	721
			1542	720
			1543	720
			1544	720
			1545	719
			1546	719
			1547	719
			1548	718
			1549	718
			1550	718
			1551	717
			1552	717
			1553	717
			1554	716
			1555	716
			1556	716
			1557	716
			1558	715
			1559	715
			1560	715
			1561	714
			1562	714
			1563	714
			1564	713
			1565	713
			1566	713
			1567	712
			1568	712
			1569	712
			1570	712
			1570	711
			1571	711
			1572	711
			1573	711
			1574	711
			1575	710
			1576	710
			1577	710
			1578	710
			1578	709
			1579	709
			1580	709
			1581	709
			1582	709
			1583	708
			1584	708
			1585	708
			1586	707
			1587	707
			1588	707
			1589	707
			1590	707
			1591	706
			1592	706
			1593	706
			1594	706
			1595	705
			1596	705
			1597	705
			1598	705
			1599	705
			1600	704
			1601	704
			1602	704
			1603	704
			1604	704
			1605	703
			1606	703
			1607	703
			1608	703
			1609	703
			1610	703
			1610	702
			1611	702
			1612	702
			1613	702
			1614	702
			1615	702
			1616	701
			1617	701
			1618	701
			1619	701
			1620	701
			1621	701
			1622	700
			1623	700
			1624	700
			1625	700
			1626	700
			1627	700
			1628	700
			1629	699
			1630	699
			1631	699
			1632	699
			1633	699
			1634	699
			1635	699
			1636	698
			1637	698
			1638	698
			1639	698
			1640	698
			1641	698
			1642	698
			1643	698
			1644	698
			1645	697
			1646	697
			1647	697
			1648	697
			1649	697
			1650	697
			1651	697
			1652	697
			1653	697
			1654	696
			1655	696
			1656	696
			1657	696
			1658	696
			1659	696
			1660	696
			1661	696
			1662	696
			1663	696
			1664	696
			1665	696
			1666	695
			1667	695
			1668	695
			1669	695
			1670	695
			1671	695
			1672	695
			1673	695
			1674	695
			1675	695
			1676	695
			1677	695
			1678	695
			1679	695
			1680	695
			1681	695
			1682	694
			1683	694
			1684	694
			1685	694
			1686	694
			1687	694
			1688	694
			1689	694
			1690	694
			1691	694
			1692	694
			1693	694
			1694	694
			1695	694
			1696	694
			1697	694
			1698	694
			1699	694
			1700	694
			1701	694
			1702	694
			1703	694
			1704	694
			1705	694
			1706	694
			1707	694
			1708	694
			1709	694
			1710	694
			1711	694
			1712	694
			1713	694
			1714	694
			1715	694
			1716	694
			1717	694
			1718	694
			1719	694
			1720	694
			1721	694
			1722	694
			1723	694
			1724	694
			1725	694
			1726	694
			1727	694
			1728	694
			1729	694
			1730	694
			1731	694
			1732	694
			1733	694
			1734	695
			1735	695
			1736	695
			1737	695
			1738	695
			1739	696
			1740	696
			1741	696
			1742	696
			1743	696
			1744	697
			1745	697
			1746	697
			1747	697
			1748	698
			1749	698
			1750	698
			1751	698
			1752	698
			1752	699
			1753	699
			1754	699
			1755	699
			1756	700
			1757	700
			1758	700
			1759	701
			1760	701
			1761	701
			1762	702
			1763	702
			1764	702
			1765	703
			1766	703
			1767	703
			1768	703
			1768	704
			1769	704
			1770	704
			1771	704
			1772	705
			1773	705
			1774	706
			1775	706
			1776	706
			1777	706
			1777	707
			1778	707
			1779	707
			1780	708
			1781	708
			1782	709
			1783	709
			1784	709
			1785	710
			1786	710
			1787	710
			1788	711
			1789	711
			1790	712
			1791	712
			1792	712
			1793	713
			1794	713
			1795	714
			1796	714
			1797	715
			1798	715
			1799	715
			1800	716
			1801	716
			1802	717
			1803	717
			1804	718
			1805	718
			1806	719
			1807	719
			1808	720
			1809	720
			1810	720
			1811	721
			1812	721
			1813	722
			1814	722
			1815	723
			1816	723
			1817	724
			1818	725
			1819	725
			1820	726
			1821	726
			1822	727
			1823	727
			1824	727
			1825	728
			1826	728
			1827	729
			1828	730
			1829	730
			1830	730
			1830	731
			1831	731
			1832	732
			1833	732
			1834	732
			1834	733
			1835	733
			1836	734
			1837	734
			1838	735
			1839	735
			1840	736
			1841	736
			1842	737
			1843	738
			1844	738
			1845	739
			1846	739
			1847	740
			1848	740
			1849	741
			1850	741
			1851	742
			1852	742
			1853	743
			1854	744
			1855	744
			1856	745
			1857	745
			1858	746
			1859	746
			1860	747
			1861	748
			1862	748
			1863	749
			1864	749
			1865	750
			1866	751
			1867	751
			1868	752
			1869	752
			1870	753
			1871	753
			1872	754
			1873	754
			1874	754
			1875	755
			1876	755
			1877	756
			1878	756
			1879	757
			1880	757
			1881	757
			1882	758
			1883	758
			1884	759
			1885	759
			1886	760
			1887	760
			1888	761
			1889	761
			1890	761
			1891	762
			1892	762
			1893	763
			1894	763
			1895	764
			1896	764
			1897	765
			1898	765
			1899	765
			1900	766
			1901	766
			1902	767
			1903	767
			1904	768
			1905	768
			1906	769
			1907	769
			1908	770
			1909	770
			1910	770
			1911	771
			1912	771
			1913	772
			1914	772
			1915	773
			1916	773
			1917	773
			1917	774
			1918	774
			1919	774
			1920	775
			1921	775
			1922	776
			1923	776
			1924	776
			1925	777
			1926	778
			1927	778
			1928	779
			1929	779
			1930	779
			1931	780
			1932	780
			1933	781
			1934	781
			1935	781
			1935	782
			1936	782
			1937	782
			1938	783
			1939	784
			1940	784
			1941	784
			1942	785
			1943	785
			1944	786
			1945	786
			1946	787
			1947	787
			1948	788
			1949	788
			1950	788
			1950	789
			1951	789
			1952	789
			1952	790
			1953	790
			1954	790
			1954	791
			1955	791
			1956	791
			1956	792
			1957	792
			1958	792
			1959	793
			1960	793
			1961	794
			1962	794
			1963	795
			1964	795
			1965	796
			1966	796
			1967	797
			1968	797
			1969	798
			1970	798
			1971	798
			1972	799
			1973	799
			1974	800
			1975	800
			1976	801
			1977	801
			1978	802
			1979	802
			1980	803
			1981	804
			1982	804
			1983	804
			1983	805
			1984	805
			1985	805
			1986	806
			1987	806
			1988	807
			1989	807
			1990	808
			1991	808
			1992	809
			1993	809
			1994	810
			1995	810
			1996	811
			1997	811
			1998	812
			1999	812
			2000	813
			2001	813
			2002	814
			2003	814
			2004	815
			2005	815
			2006	816
			2007	816
			2008	817
			2009	817
			2010	818
			2011	818
			2012	819
			2013	819
			2014	820
			2015	820
			2016	821
			2017	821
			2018	822
			2019	822
			2020	823
			2021	823
			2022	824
			2023	824
			2024	825
			2025	825
			2026	826
			2027	827
			2028	827
			2029	828
			2030	828
			2031	829
			2032	829
			2033	830
			2034	830
			2035	831
			2036	831
			2037	831
			2037	832
			2038	832
			2039	833
			2040	833
			2041	834
			2042	835
			2043	836
			2044	836
			2045	837
			2046	837
			2046	838
			2047	838
			2048	839
			2049	839
			2050	840
			2051	841
			2052	842
			2053	843
			2054	843
			2054	844
			2055	844
			2056	845
			2057	846
			2058	847
			2059	848
			2060	849
			2061	850
			2062	851
			2063	851
			2064	852
			2065	853
			2066	854
			2066	855
			2067	856
			2068	856
			2069	857
			2070	858
			2071	859
			2072	860
			2072	861
			2073	862
			2074	863
			2075	864
			2076	865
			2077	866
			2077	867
			2078	868
			2079	869
			2080	870
			2081	871
			2082	872
			2082	873
			2083	874
			2084	875
			2085	876
			2086	877
			2086	878
			2087	879
			2088	880
			2089	881
			2090	882
			2090	883
			2091	884
			2092	885
			2092	886
			2093	886
			2093	887
			2094	888
			2094	889
			2095	889
			2095	890
			2095	891
			2096	891
			2096	892
			2097	893
			2097	894
			2098	894
			2098	895
			2099	896
			2100	897
			2100	898
			2101	899
			2101	900
			2102	901
			2102	902
			2103	903
			2104	904
			2105	905
			2105	906
		</C1>
		<C2 type=matrix rownames=FALSE colnames=FALSE nrow=204 ncol=2 as.numeric=TRUE >
			1770	1289
			1771	1290
			1771	1291
			1772	1292
			1772	1293
			1773	1294
			1773	1295
			1774	1296
			1774	1297
			1774	1298
			1775	1299
			1775	1300
			1776	1301
			1776	1302
			1776	1303
			1777	1304
			1777	1305
			1777	1306
			1777	1307
			1778	1308
			1778	1309
			1778	1310
			1778	1311
			1778	1312
			1778	1313
			1778	1314
			1778	1315
			1778	1316
			1778	1317
			1778	1318
			1778	1319
			1778	1320
			1777	1321
			1777	1322
			1776	1323
			1775	1324
			1774	1325
			1773	1326
			1772	1326
			1771	1327
			1770	1327
			1769	1327
			1768	1327
			1767	1328
			1766	1328
			1765	1328
			1764	1328
			1763	1328
			1762	1328
			1761	1328
			1760	1329
			1760	1330
			1759	1331
			1759	1332
			1759	1333
			1759	1334
			1759	1335
			1758	1336
			1758	1337
			1758	1338
			1757	1339
			1757	1340
			1756	1341
			1756	1342
			1755	1343
			1755	1344
			1754	1344
			1754	1345
			1753	1346
			1752	1347
			1751	1348
			1750	1349
			1749	1350
			1748	1350
			1747	1351
			1746	1351
			1745	1352
			1744	1352
			1743	1353
			1742	1353
			1741	1353
			1740	1353
			1739	1354
			1738	1354
			1737	1354
			1736	1354
			1735	1354
			1734	1354
			1733	1354
			1732	1354
			1731	1354
			1730	1354
			1729	1354
			1728	1354
			1727	1354
			1726	1353
			1725	1353
			1724	1353
			1723	1353
			1722	1353
			1721	1352
			1720	1352
			1719	1352
			1718	1352
			1717	1351
			1716	1351
			1715	1351
			1714	1350
			1713	1350
			1712	1350
			1711	1349
			1710	1349
			1709	1349
			1708	1348
			1707	1348
			1706	1347
			1705	1347
			1704	1347
			1703	1346
			1702	1346
			1701	1345
			1700	1345
			1699	1344
			1698	1344
			1697	1344
			1697	1343
			1696	1343
			1695	1342
			1694	1341
			1693	1340
			1692	1339
			1691	1338
			1690	1337
			1689	1336
			1689	1335
			1688	1335
			1688	1334
			1687	1333
			1687	1332
			1686	1331
			1686	1330
			1685	1330
			1685	1329
			1684	1328
			1684	1327
			1683	1326
			1683	1325
			1683	1324
			1682	1323
			1682	1322
			1681	1321
			1681	1320
			1681	1319
			1681	1318
			1680	1317
			1680	1316
			1680	1315
			1680	1314
			1680	1313
			1679	1312
			1679	1311
			1679	1310
			1679	1309
			1679	1308
			1679	1307
			1679	1306
			1679	1305
			1679	1304
			1679	1303
			1679	1302
			1679	1301
			1679	1300
			1679	1299
			1679	1298
			1679	1297
			1679	1296
			1679	1295
			1680	1294
			1680	1293
			1680	1292
			1680	1291
			1680	1290
			1680	1289
			1681	1288
			1681	1287
			1681	1286
			1681	1285
			1681	1284
			1682	1283
			1682	1282
			1682	1281
			1682	1280
			1683	1279
			1683	1278
			1683	1277
			1684	1276
			1684	1275
			1684	1274
			1684	1273
			1685	1272
			1685	1271
			1685	1270
			1686	1269
			1686	1268
		</C2>
	</curves.pixel>
	<curves.scaled type=list>
		<C1 type=matrix rownames=FALSE colnames=FALSE nrow=739 ncol=2 as.numeric=TRUE >
			3468.13725490196	-1960.78431372549
			3470.58823529412	-1958.33333333333
			3473.03921568627	-1955.88235294118
			3475.49019607843	-1953.43137254902
			3477.94117647059	-1950.98039215686
			3480.39215686275	-1948.52941176471
			3482.8431372549	-1948.52941176471
			3482.8431372549	-1946.07843137255
			3485.29411764706	-1943.62745098039
			3487.74509803922	-1943.62745098039
			3487.74509803922	-1941.17647058824
			3490.19607843137	-1938.72549019608
			3492.64705882353	-1938.72549019608
			3492.64705882353	-1936.27450980392
			3495.09803921569	-1933.82352941176
			3497.54901960784	-1933.82352941176
			3500	-1931.37254901961
			3500	-1928.92156862745
			3502.45098039216	-1928.92156862745
			3504.90196078431	-1926.47058823529
			3507.35294117647	-1924.01960784314
			3509.80392156863	-1921.56862745098
			3512.25490196078	-1919.11764705882
			3514.70588235294	-1919.11764705882
			3517.1568627451	-1916.66666666667
			3519.60784313726	-1914.21568627451
			3519.60784313726	-1911.76470588235
			3522.05882352941	-1911.76470588235
			3524.50980392157	-1909.3137254902
			3526.96078431373	-1906.86274509804
			3529.41176470588	-1904.41176470588
			3531.86274509804	-1904.41176470588
			3534.3137254902	-1901.96078431373
			3536.76470588235	-1899.50980392157
			3539.21568627451	-1899.50980392157
			3539.21568627451	-1897.05882352941
			3541.66666666667	-1894.60784313726
			3544.11764705882	-1892.1568627451
			3546.56862745098	-1892.1568627451
			3549.01960784314	-1889.70588235294
			3551.47058823529	-1887.25490196078
			3553.92156862745	-1887.25490196078
			3556.37254901961	-1884.80392156863
			3558.82352941176	-1882.35294117647
			3561.27450980392	-1882.35294117647
			3563.72549019608	-1879.90196078431
			3566.17647058824	-1877.45098039216
			3568.62745098039	-1875
			3571.07843137255	-1872.54901960784
			3573.52941176471	-1872.54901960784
			3573.52941176471	-1870.09803921569
			3575.98039215686	-1870.09803921569
			3578.43137254902	-1870.09803921569
			3578.43137254902	-1867.64705882353
			3580.88235294118	-1867.64705882353
			3583.33333333333	-1865.19607843137
			3585.78431372549	-1865.19607843137
			3585.78431372549	-1862.74509803922
			3588.23529411765	-1862.74509803922
			3590.6862745098	-1860.29411764706
			3593.13725490196	-1857.8431372549
			3595.58823529412	-1855.39215686275
			3598.03921568627	-1855.39215686275
			3600.49019607843	-1852.94117647059
			3602.94117647059	-1852.94117647059
			3605.39215686275	-1850.49019607843
			3607.8431372549	-1850.49019607843
			3607.8431372549	-1848.03921568627
			3610.29411764706	-1848.03921568627
			3612.74509803922	-1845.58823529412
			3615.19607843137	-1845.58823529412
			3617.64705882353	-1843.13725490196
			3620.09803921569	-1843.13725490196
			3622.54901960784	-1840.6862745098
			3622.54901960784	-1838.23529411765
			3625	-1838.23529411765
			3627.45098039216	-1835.78431372549
			3629.90196078431	-1835.78431372549
			3632.35294117647	-1833.33333333333
			3634.80392156863	-1833.33333333333
			3637.25490196078	-1830.88235294118
			3639.70588235294	-1828.43137254902
			3642.1568627451	-1828.43137254902
			3644.60784313726	-1825.98039215686
			3647.05882352941	-1825.98039215686
			3649.50980392157	-1823.52941176471
			3651.96078431373	-1823.52941176471
			3654.41176470588	-1821.07843137255
			3656.86274509804	-1821.07843137255
			3659.3137254902	-1818.62745098039
			3661.76470588235	-1818.62745098039
			3664.21568627451	-1816.17647058824
			3666.66666666667	-1816.17647058824
			3669.11764705882	-1813.72549019608
			3671.56862745098	-1813.72549019608
			3674.01960784314	-1811.27450980392
			3676.47058823529	-1811.27450980392
			3678.92156862745	-1808.82352941176
			3681.37254901961	-1808.82352941176
			3683.82352941176	-1806.37254901961
			3686.27450980392	-1806.37254901961
			3688.72549019608	-1803.92156862745
			3691.17647058824	-1803.92156862745
			3693.62745098039	-1801.47058823529
			3696.07843137255	-1801.47058823529
			3696.07843137255	-1799.01960784314
			3698.52941176471	-1799.01960784314
			3700.98039215686	-1799.01960784314
			3703.43137254902	-1796.56862745098
			3705.88235294118	-1796.56862745098
			3708.33333333333	-1794.11764705882
			3710.78431372549	-1794.11764705882
			3713.23529411765	-1791.66666666667
			3715.6862745098	-1791.66666666667
			3718.13725490196	-1789.21568627451
			3720.58823529412	-1789.21568627451
			3723.03921568627	-1789.21568627451
			3725.49019607843	-1786.76470588235
			3727.94117647059	-1786.76470588235
			3730.39215686275	-1784.3137254902
			3732.8431372549	-1784.3137254902
			3735.29411764706	-1781.86274509804
			3737.74509803922	-1781.86274509804
			3740.19607843137	-1781.86274509804
			3742.64705882353	-1779.41176470588
			3745.09803921569	-1779.41176470588
			3747.54901960784	-1776.96078431373
			3750	-1776.96078431373
			3752.45098039216	-1776.96078431373
			3754.90196078431	-1774.50980392157
			3757.35294117647	-1774.50980392157
			3759.80392156863	-1772.05882352941
			3762.25490196078	-1772.05882352941
			3764.70588235294	-1772.05882352941
			3767.1568627451	-1769.60784313726
			3769.60784313726	-1769.60784313726
			3772.05882352941	-1769.60784313726
			3774.50980392157	-1767.1568627451
			3776.96078431373	-1767.1568627451
			3779.41176470588	-1764.70588235294
			3781.86274509804	-1764.70588235294
			3784.3137254902	-1764.70588235294
			3786.76470588235	-1762.25490196078
			3789.21568627451	-1762.25490196078
			3791.66666666667	-1762.25490196078
			3794.11764705882	-1759.80392156863
			3796.56862745098	-1759.80392156863
			3799.01960784314	-1759.80392156863
			3801.47058823529	-1757.35294117647
			3803.92156862745	-1757.35294117647
			3806.37254901961	-1757.35294117647
			3808.82352941176	-1754.90196078431
			3811.27450980392	-1754.90196078431
			3813.72549019608	-1754.90196078431
			3816.17647058824	-1754.90196078431
			3818.62745098039	-1752.45098039216
			3821.07843137255	-1752.45098039216
			3823.52941176471	-1752.45098039216
			3825.98039215686	-1750
			3828.43137254902	-1750
			3830.88235294118	-1750
			3833.33333333333	-1747.54901960784
			3835.78431372549	-1747.54901960784
			3838.23529411765	-1747.54901960784
			3840.6862745098	-1745.09803921569
			3843.13725490196	-1745.09803921569
			3845.58823529412	-1745.09803921569
			3848.03921568627	-1745.09803921569
			3848.03921568627	-1742.64705882353
			3850.49019607843	-1742.64705882353
			3852.94117647059	-1742.64705882353
			3855.39215686275	-1742.64705882353
			3857.8431372549	-1742.64705882353
			3860.29411764706	-1740.19607843137
			3862.74509803922	-1740.19607843137
			3865.19607843137	-1740.19607843137
			3867.64705882353	-1740.19607843137
			3867.64705882353	-1737.74509803922
			3870.09803921569	-1737.74509803922
			3872.54901960784	-1737.74509803922
			3875	-1737.74509803922
			3877.45098039216	-1737.74509803922
			3879.90196078431	-1735.29411764706
			3882.35294117647	-1735.29411764706
			3884.80392156863	-1735.29411764706
			3887.25490196078	-1732.8431372549
			3889.70588235294	-1732.8431372549
			3892.1568627451	-1732.8431372549
			3894.60784313726	-1732.8431372549
			3897.05882352941	-1732.8431372549
			3899.50980392157	-1730.39215686275
			3901.96078431373	-1730.39215686275
			3904.41176470588	-1730.39215686275
			3906.86274509804	-1730.39215686275
			3909.3137254902	-1727.94117647059
			3911.76470588235	-1727.94117647059
			3914.21568627451	-1727.94117647059
			3916.66666666667	-1727.94117647059
			3919.11764705882	-1727.94117647059
			3921.56862745098	-1725.49019607843
			3924.01960784314	-1725.49019607843
			3926.47058823529	-1725.49019607843
			3928.92156862745	-1725.49019607843
			3931.37254901961	-1725.49019607843
			3933.82352941176	-1723.03921568627
			3936.27450980392	-1723.03921568627
			3938.72549019608	-1723.03921568627
			3941.17647058824	-1723.03921568627
			3943.62745098039	-1723.03921568627
			3946.07843137255	-1723.03921568627
			3946.07843137255	-1720.58823529412
			3948.52941176471	-1720.58823529412
			3950.98039215686	-1720.58823529412
			3953.43137254902	-1720.58823529412
			3955.88235294118	-1720.58823529412
			3958.33333333333	-1720.58823529412
			3960.78431372549	-1718.13725490196
			3963.23529411765	-1718.13725490196
			3965.6862745098	-1718.13725490196
			3968.13725490196	-1718.13725490196
			3970.58823529412	-1718.13725490196
			3973.03921568627	-1718.13725490196
			3975.49019607843	-1715.6862745098
			3977.94117647059	-1715.6862745098
			3980.39215686275	-1715.6862745098
			3982.8431372549	-1715.6862745098
			3985.29411764706	-1715.6862745098
			3987.74509803922	-1715.6862745098
			3990.19607843137	-1715.6862745098
			3992.64705882353	-1713.23529411765
			3995.09803921569	-1713.23529411765
			3997.54901960784	-1713.23529411765
			4000	-1713.23529411765
			4002.45098039216	-1713.23529411765
			4004.90196078431	-1713.23529411765
			4007.35294117647	-1713.23529411765
			4009.80392156863	-1710.78431372549
			4012.25490196078	-1710.78431372549
			4014.70588235294	-1710.78431372549
			4017.1568627451	-1710.78431372549
			4019.60784313726	-1710.78431372549
			4022.05882352941	-1710.78431372549
			4024.50980392157	-1710.78431372549
			4026.96078431373	-1710.78431372549
			4029.41176470588	-1710.78431372549
			4031.86274509804	-1708.33333333333
			4034.3137254902	-1708.33333333333
			4036.76470588235	-1708.33333333333
			4039.21568627451	-1708.33333333333
			4041.66666666667	-1708.33333333333
			4044.11764705882	-1708.33333333333
			4046.56862745098	-1708.33333333333
			4049.01960784314	-1708.33333333333
			4051.47058823529	-1708.33333333333
			4053.92156862745	-1705.88235294118
			4056.37254901961	-1705.88235294118
			4058.82352941176	-1705.88235294118
			4061.27450980392	-1705.88235294118
			4063.72549019608	-1705.88235294118
			4066.17647058824	-1705.88235294118
			4068.62745098039	-1705.88235294118
			4071.07843137255	-1705.88235294118
			4073.52941176471	-1705.88235294118
			4075.98039215686	-1705.88235294118
			4078.43137254902	-1705.88235294118
			4080.88235294118	-1705.88235294118
			4083.33333333333	-1703.43137254902
			4085.78431372549	-1703.43137254902
			4088.23529411765	-1703.43137254902
			4090.6862745098	-1703.43137254902
			4093.13725490196	-1703.43137254902
			4095.58823529412	-1703.43137254902
			4098.03921568627	-1703.43137254902
			4100.49019607843	-1703.43137254902
			4102.94117647059	-1703.43137254902
			4105.39215686275	-1703.43137254902
			4107.8431372549	-1703.43137254902
			4110.29411764706	-1703.43137254902
			4112.74509803922	-1703.43137254902
			4115.19607843137	-1703.43137254902
			4117.64705882353	-1703.43137254902
			4120.09803921569	-1703.43137254902
			4122.54901960784	-1700.98039215686
			4125	-1700.98039215686
			4127.45098039216	-1700.98039215686
			4129.90196078431	-1700.98039215686
			4132.35294117647	-1700.98039215686
			4134.80392156863	-1700.98039215686
			4137.25490196078	-1700.98039215686
			4139.70588235294	-1700.98039215686
			4142.1568627451	-1700.98039215686
			4144.60784313726	-1700.98039215686
			4147.05882352941	-1700.98039215686
			4149.50980392157	-1700.98039215686
			4151.96078431373	-1700.98039215686
			4154.41176470588	-1700.98039215686
			4156.86274509804	-1700.98039215686
			4159.3137254902	-1700.98039215686
			4161.76470588235	-1700.98039215686
			4164.21568627451	-1700.98039215686
			4166.66666666667	-1700.98039215686
			4169.11764705882	-1700.98039215686
			4171.56862745098	-1700.98039215686
			4174.01960784314	-1700.98039215686
			4176.47058823529	-1700.98039215686
			4178.92156862745	-1700.98039215686
			4181.37254901961	-1700.98039215686
			4183.82352941176	-1700.98039215686
			4186.27450980392	-1700.98039215686
			4188.72549019608	-1700.98039215686
			4191.17647058824	-1700.98039215686
			4193.62745098039	-1700.98039215686
			4196.07843137255	-1700.98039215686
			4198.52941176471	-1700.98039215686
			4200.98039215686	-1700.98039215686
			4203.43137254902	-1700.98039215686
			4205.88235294118	-1700.98039215686
			4208.33333333333	-1700.98039215686
			4210.78431372549	-1700.98039215686
			4213.23529411765	-1700.98039215686
			4215.6862745098	-1700.98039215686
			4218.13725490196	-1700.98039215686
			4220.58823529412	-1700.98039215686
			4223.03921568627	-1700.98039215686
			4225.49019607843	-1700.98039215686
			4227.94117647059	-1700.98039215686
			4230.39215686275	-1700.98039215686
			4232.8431372549	-1700.98039215686
			4235.29411764706	-1700.98039215686
			4237.74509803922	-1700.98039215686
			4240.19607843137	-1700.98039215686
			4242.64705882353	-1700.98039215686
			4245.09803921569	-1700.98039215686
			4247.54901960784	-1700.98039215686
			4250	-1703.43137254902
			4252.45098039216	-1703.43137254902
			4254.90196078431	-1703.43137254902
			4257.35294117647	-1703.43137254902
			4259.80392156863	-1703.43137254902
			4262.25490196078	-1705.88235294118
			4264.70588235294	-1705.88235294118
			4267.1568627451	-1705.88235294118
			4269.60784313726	-1705.88235294118
			4272.05882352941	-1705.88235294118
			4274.50980392157	-1708.33333333333
			4276.96078431373	-1708.33333333333
			4279.41176470588	-1708.33333333333
			4281.86274509804	-1708.33333333333
			4284.3137254902	-1710.78431372549
			4286.76470588235	-1710.78431372549
			4289.21568627451	-1710.78431372549
			4291.66666666667	-1710.78431372549
			4294.11764705882	-1710.78431372549
			4294.11764705882	-1713.23529411765
			4296.56862745098	-1713.23529411765
			4299.01960784314	-1713.23529411765
			4301.47058823529	-1713.23529411765
			4303.92156862745	-1715.6862745098
			4306.37254901961	-1715.6862745098
			4308.82352941176	-1715.6862745098
			4311.27450980392	-1718.13725490196
			4313.72549019608	-1718.13725490196
			4316.17647058824	-1718.13725490196
			4318.62745098039	-1720.58823529412
			4321.07843137255	-1720.58823529412
			4323.52941176471	-1720.58823529412
			4325.98039215686	-1723.03921568627
			4328.43137254902	-1723.03921568627
			4330.88235294118	-1723.03921568627
			4333.33333333333	-1723.03921568627
			4333.33333333333	-1725.49019607843
			4335.78431372549	-1725.49019607843
			4338.23529411765	-1725.49019607843
			4340.6862745098	-1725.49019607843
			4343.13725490196	-1727.94117647059
			4345.58823529412	-1727.94117647059
			4348.03921568627	-1730.39215686275
			4350.49019607843	-1730.39215686275
			4352.94117647059	-1730.39215686275
			4355.39215686275	-1730.39215686275
			4355.39215686275	-1732.8431372549
			4357.8431372549	-1732.8431372549
			4360.29411764706	-1732.8431372549
			4362.74509803922	-1735.29411764706
			4365.19607843137	-1735.29411764706
			4367.64705882353	-1737.74509803922
			4370.09803921569	-1737.74509803922
			4372.54901960784	-1737.74509803922
			4375	-1740.19607843137
			4377.45098039216	-1740.19607843137
			4379.90196078431	-1740.19607843137
			4382.35294117647	-1742.64705882353
			4384.80392156863	-1742.64705882353
			4387.25490196078	-1745.09803921569
			4389.70588235294	-1745.09803921569
			4392.1568627451	-1745.09803921569
			4394.60784313726	-1747.54901960784
			4397.05882352941	-1747.54901960784
			4399.50980392157	-1750
			4401.96078431373	-1750
			4404.41176470588	-1752.45098039216
			4406.86274509804	-1752.45098039216
			4409.3137254902	-1752.45098039216
			4411.76470588235	-1754.90196078431
			4414.21568627451	-1754.90196078431
			4416.66666666667	-1757.35294117647
			4419.11764705882	-1757.35294117647
			4421.56862745098	-1759.80392156863
			4424.01960784314	-1759.80392156863
			4426.47058823529	-1762.25490196078
			4428.92156862745	-1762.25490196078
			4431.37254901961	-1764.70588235294
			4433.82352941176	-1764.70588235294
			4436.27450980392	-1764.70588235294
			4438.72549019608	-1767.1568627451
			4441.17647058824	-1767.1568627451
			4443.62745098039	-1769.60784313726
			4446.07843137255	-1769.60784313726
			4448.52941176471	-1772.05882352941
			4450.98039215686	-1772.05882352941
			4453.43137254902	-1774.50980392157
			4455.88235294118	-1776.96078431373
			4458.33333333333	-1776.96078431373
			4460.78431372549	-1779.41176470588
			4463.23529411765	-1779.41176470588
			4465.6862745098	-1781.86274509804
			4468.13725490196	-1781.86274509804
			4470.58823529412	-1781.86274509804
			4473.03921568627	-1784.3137254902
			4475.49019607843	-1784.3137254902
			4477.94117647059	-1786.76470588235
			4480.39215686275	-1789.21568627451
			4482.8431372549	-1789.21568627451
			4485.29411764706	-1789.21568627451
			4485.29411764706	-1791.66666666667
			4487.74509803922	-1791.66666666667
			4490.19607843137	-1794.11764705882
			4492.64705882353	-1794.11764705882
			4495.09803921569	-1794.11764705882
			4495.09803921569	-1796.56862745098
			4497.54901960784	-1796.56862745098
			4500	-1799.01960784314
			4502.45098039216	-1799.01960784314
			4504.90196078431	-1801.47058823529
			4507.35294117647	-1801.47058823529
			4509.80392156863	-1803.92156862745
			4512.25490196078	-1803.92156862745
			4514.70588235294	-1806.37254901961
			4517.1568627451	-1808.82352941176
			4519.60784313726	-1808.82352941176
			4522.05882352941	-1811.27450980392
			4524.50980392157	-1811.27450980392
			4526.96078431373	-1813.72549019608
			4529.41176470588	-1813.72549019608
			4531.86274509804	-1816.17647058824
			4534.3137254902	-1816.17647058824
			4536.76470588235	-1818.62745098039
			4539.21568627451	-1818.62745098039
			4541.66666666667	-1821.07843137255
			4544.11764705882	-1823.52941176471
			4546.56862745098	-1823.52941176471
			4549.01960784314	-1825.98039215686
			4551.47058823529	-1825.98039215686
			4553.92156862745	-1828.43137254902
			4556.37254901961	-1828.43137254902
			4558.82352941176	-1830.88235294118
			4561.27450980392	-1833.33333333333
			4563.72549019608	-1833.33333333333
			4566.17647058824	-1835.78431372549
			4568.62745098039	-1835.78431372549
			4571.07843137255	-1838.23529411765
			4573.52941176471	-1840.6862745098
			4575.98039215686	-1840.6862745098
			4578.43137254902	-1843.13725490196
			4580.88235294118	-1843.13725490196
			4583.33333333333	-1845.58823529412
			4585.78431372549	-1845.58823529412
			4588.23529411765	-1848.03921568627
			4590.6862745098	-1848.03921568627
			4593.13725490196	-1848.03921568627
			4595.58823529412	-1850.49019607843
			4598.03921568627	-1850.49019607843
			4600.49019607843	-1852.94117647059
			4602.94117647059	-1852.94117647059
			4605.39215686275	-1855.39215686275
			4607.8431372549	-1855.39215686275
			4610.29411764706	-1855.39215686275
			4612.74509803922	-1857.8431372549
			4615.19607843137	-1857.8431372549
			4617.64705882353	-1860.29411764706
			4620.09803921569	-1860.29411764706
			4622.54901960784	-1862.74509803922
			4625	-1862.74509803922
			4627.45098039216	-1865.19607843137
			4629.90196078431	-1865.19607843137
			4632.35294117647	-1865.19607843137
			4634.80392156863	-1867.64705882353
			4637.25490196078	-1867.64705882353
			4639.70588235294	-1870.09803921569
			4642.1568627451	-1870.09803921569
			4644.60784313726	-1872.54901960784
			4647.05882352941	-1872.54901960784
			4649.50980392157	-1875
			4651.96078431373	-1875
			4654.41176470588	-1875
			4656.86274509804	-1877.45098039216
			4659.3137254902	-1877.45098039216
			4661.76470588235	-1879.90196078431
			4664.21568627451	-1879.90196078431
			4666.66666666667	-1882.35294117647
			4669.11764705882	-1882.35294117647
			4671.56862745098	-1884.80392156863
			4674.01960784314	-1884.80392156863
			4676.47058823529	-1887.25490196078
			4678.92156862745	-1887.25490196078
			4681.37254901961	-1887.25490196078
			4683.82352941176	-1889.70588235294
			4686.27450980392	-1889.70588235294
			4688.72549019608	-1892.1568627451
			4691.17647058824	-1892.1568627451
			4693.62745098039	-1894.60784313726
			4696.07843137255	-1894.60784313726
			4698.52941176471	-1894.60784313726
			4698.52941176471	-1897.05882352941
			4700.98039215686	-1897.05882352941
			4703.43137254902	-1897.05882352941
			4705.88235294118	-1899.50980392157
			4708.33333333333	-1899.50980392157
			4710.78431372549	-1901.96078431373
			4713.23529411765	-1901.96078431373
			4715.6862745098	-1901.96078431373
			4718.13725490196	-1904.41176470588
			4720.58823529412	-1906.86274509804
			4723.03921568627	-1906.86274509804
			4725.49019607843	-1909.3137254902
			4727.94117647059	-1909.3137254902
			4730.39215686275	-1909.3137254902
			4732.8431372549	-1911.76470588235
			4735.29411764706	-1911.76470588235
			4737.74509803922	-1914.21568627451
			4740.19607843137	-1914.21568627451
			4742.64705882353	-1914.21568627451
			4742.64705882353	-1916.66666666667
			4745.09803921569	-1916.66666666667
			4747.54901960784	-1916.66666666667
			4750	-1919.11764705882
			4752.45098039216	-1921.56862745098
			4754.90196078431	-1921.56862745098
			4757.35294117647	-1921.56862745098
			4759.80392156863	-1924.01960784314
			4762.25490196078	-1924.01960784314
			4764.70588235294	-1926.47058823529
			4767.1568627451	-1926.47058823529
			4769.60784313726	-1928.92156862745
			4772.05882352941	-1928.92156862745
			4774.50980392157	-1931.37254901961
			4776.96078431373	-1931.37254901961
			4779.41176470588	-1931.37254901961
			4779.41176470588	-1933.82352941176
			4781.86274509804	-1933.82352941176
			4784.3137254902	-1933.82352941176
			4784.3137254902	-1936.27450980392
			4786.76470588235	-1936.27450980392
			4789.21568627451	-1936.27450980392
			4789.21568627451	-1938.72549019608
			4791.66666666667	-1938.72549019608
			4794.11764705882	-1938.72549019608
			4794.11764705882	-1941.17647058824
			4796.56862745098	-1941.17647058824
			4799.01960784314	-1941.17647058824
			4801.47058823529	-1943.62745098039
			4803.92156862745	-1943.62745098039
			4806.37254901961	-1946.07843137255
			4808.82352941176	-1946.07843137255
			4811.27450980392	-1948.52941176471
			4813.72549019608	-1948.52941176471
			4816.17647058824	-1950.98039215686
			4818.62745098039	-1950.98039215686
			4821.07843137255	-1953.43137254902
			4823.52941176471	-1953.43137254902
			4825.98039215686	-1955.88235294118
			4828.43137254902	-1955.88235294118
			4830.88235294118	-1955.88235294118
			4833.33333333333	-1958.33333333333
			4835.78431372549	-1958.33333333333
			4838.23529411765	-1960.78431372549
			4840.6862745098	-1960.78431372549
			4843.13725490196	-1963.23529411765
			4845.58823529412	-1963.23529411765
			4848.03921568627	-1965.6862745098
			4850.49019607843	-1965.6862745098
			4852.94117647059	-1968.13725490196
			4855.39215686275	-1970.58823529412
			4857.8431372549	-1970.58823529412
			4860.29411764706	-1970.58823529412
			4860.29411764706	-1973.03921568627
			4862.74509803922	-1973.03921568627
			4865.19607843137	-1973.03921568627
			4867.64705882353	-1975.49019607843
			4870.09803921569	-1975.49019607843
			4872.54901960784	-1977.94117647059
			4875	-1977.94117647059
			4877.45098039216	-1980.39215686275
			4879.90196078431	-1980.39215686275
			4882.35294117647	-1982.8431372549
			4884.80392156863	-1982.8431372549
			4887.25490196078	-1985.29411764706
			4889.70588235294	-1985.29411764706
			4892.1568627451	-1987.74509803922
			4894.60784313726	-1987.74509803922
			4897.05882352941	-1990.19607843137
			4899.50980392157	-1990.19607843137
			4901.96078431373	-1992.64705882353
			4904.41176470588	-1992.64705882353
			4906.86274509804	-1995.09803921569
			4909.3137254902	-1995.09803921569
			4911.76470588235	-1997.54901960784
			4914.21568627451	-1997.54901960784
			4916.66666666667	-2000
			4919.11764705882	-2000
			4921.56862745098	-2002.45098039216
			4924.01960784314	-2002.45098039216
			4926.47058823529	-2004.90196078431
			4928.92156862745	-2004.90196078431
			4931.37254901961	-2007.35294117647
			4933.82352941176	-2007.35294117647
			4936.27450980392	-2009.80392156863
			4938.72549019608	-2009.80392156863
			4941.17647058824	-2012.25490196078
			4943.62745098039	-2012.25490196078
			4946.07843137255	-2014.70588235294
			4948.52941176471	-2014.70588235294
			4950.98039215686	-2017.1568627451
			4953.43137254902	-2017.1568627451
			4955.88235294118	-2019.60784313726
			4958.33333333333	-2019.60784313726
			4960.78431372549	-2022.05882352941
			4963.23529411765	-2022.05882352941
			4965.6862745098	-2024.50980392157
			4968.13725490196	-2026.96078431373
			4970.58823529412	-2026.96078431373
			4973.03921568627	-2029.41176470588
			4975.49019607843	-2029.41176470588
			4977.94117647059	-2031.86274509804
			4980.39215686275	-2031.86274509804
			4982.8431372549	-2034.3137254902
			4985.29411764706	-2034.3137254902
			4987.74509803922	-2036.76470588235
			4990.19607843137	-2036.76470588235
			4992.64705882353	-2036.76470588235
			4992.64705882353	-2039.21568627451
			4995.09803921569	-2039.21568627451
			4997.54901960784	-2041.66666666667
			5000	-2041.66666666667
			5002.45098039216	-2044.11764705882
			5004.90196078431	-2046.56862745098
			5007.35294117647	-2049.01960784314
			5009.80392156863	-2049.01960784314
			5012.25490196078	-2051.47058823529
			5014.70588235294	-2051.47058823529
			5014.70588235294	-2053.92156862745
			5017.1568627451	-2053.92156862745
			5019.60784313726	-2056.37254901961
			5022.05882352941	-2056.37254901961
			5024.50980392157	-2058.82352941176
			5026.96078431373	-2061.27450980392
			5029.41176470588	-2063.72549019608
			5031.86274509804	-2066.17647058824
			5034.3137254902	-2066.17647058824
			5034.3137254902	-2068.62745098039
			5036.76470588235	-2068.62745098039
			5039.21568627451	-2071.07843137255
			5041.66666666667	-2073.52941176471
			5044.11764705882	-2075.98039215686
			5046.56862745098	-2078.43137254902
			5049.01960784314	-2080.88235294118
			5051.47058823529	-2083.33333333333
			5053.92156862745	-2085.78431372549
			5056.37254901961	-2085.78431372549
			5058.82352941176	-2088.23529411765
			5061.27450980392	-2090.6862745098
			5063.72549019608	-2093.13725490196
			5063.72549019608	-2095.58823529412
			5066.17647058824	-2098.03921568627
			5068.62745098039	-2098.03921568627
			5071.07843137255	-2100.49019607843
			5073.52941176471	-2102.94117647059
			5075.98039215686	-2105.39215686275
			5078.43137254902	-2107.8431372549
			5078.43137254902	-2110.29411764706
			5080.88235294118	-2112.74509803922
			5083.33333333333	-2115.19607843137
			5085.78431372549	-2117.64705882353
			5088.23529411765	-2120.09803921569
			5090.6862745098	-2122.54901960784
			5090.6862745098	-2125
			5093.13725490196	-2127.45098039216
			5095.58823529412	-2129.90196078431
			5098.03921568627	-2132.35294117647
			5100.49019607843	-2134.80392156863
			5102.94117647059	-2137.25490196078
			5102.94117647059	-2139.70588235294
			5105.39215686275	-2142.1568627451
			5107.8431372549	-2144.60784313726
			5110.29411764706	-2147.05882352941
			5112.74509803922	-2149.50980392157
			5112.74509803922	-2151.96078431373
			5115.19607843137	-2154.41176470588
			5117.64705882353	-2156.86274509804
			5120.09803921569	-2159.3137254902
			5122.54901960784	-2161.76470588235
			5122.54901960784	-2164.21568627451
			5125	-2166.66666666667
			5127.45098039216	-2169.11764705882
			5127.45098039216	-2171.56862745098
			5129.90196078431	-2171.56862745098
			5129.90196078431	-2174.01960784314
			5132.35294117647	-2176.47058823529
			5132.35294117647	-2178.92156862745
			5134.80392156863	-2178.92156862745
			5134.80392156863	-2181.37254901961
			5134.80392156863	-2183.82352941176
			5137.25490196078	-2183.82352941176
			5137.25490196078	-2186.27450980392
			5139.70588235294	-2188.72549019608
			5139.70588235294	-2191.17647058824
			5142.1568627451	-2191.17647058824
			5142.1568627451	-2193.62745098039
			5144.60784313726	-2196.07843137255
			5147.05882352941	-2198.52941176471
			5147.05882352941	-2200.98039215686
			5149.50980392157	-2203.43137254902
			5149.50980392157	-2205.88235294118
			5151.96078431373	-2208.33333333333
			5151.96078431373	-2210.78431372549
			5154.41176470588	-2213.23529411765
			5156.86274509804	-2215.6862745098
			5159.3137254902	-2218.13725490196
			5159.3137254902	-2220.58823529412
		</C1>
		<C2 type=matrix rownames=FALSE colnames=FALSE nrow=204 ncol=2 as.numeric=TRUE >
			4338.23529411765	-3159.3137254902
			4340.6862745098	-3161.76470588235
			4340.6862745098	-3164.21568627451
			4343.13725490196	-3166.66666666667
			4343.13725490196	-3169.11764705882
			4345.58823529412	-3171.56862745098
			4345.58823529412	-3174.01960784314
			4348.03921568627	-3176.47058823529
			4348.03921568627	-3178.92156862745
			4348.03921568627	-3181.37254901961
			4350.49019607843	-3183.82352941176
			4350.49019607843	-3186.27450980392
			4352.94117647059	-3188.72549019608
			4352.94117647059	-3191.17647058824
			4352.94117647059	-3193.62745098039
			4355.39215686275	-3196.07843137255
			4355.39215686275	-3198.52941176471
			4355.39215686275	-3200.98039215686
			4355.39215686275	-3203.43137254902
			4357.8431372549	-3205.88235294118
			4357.8431372549	-3208.33333333333
			4357.8431372549	-3210.78431372549
			4357.8431372549	-3213.23529411765
			4357.8431372549	-3215.6862745098
			4357.8431372549	-3218.13725490196
			4357.8431372549	-3220.58823529412
			4357.8431372549	-3223.03921568627
			4357.8431372549	-3225.49019607843
			4357.8431372549	-3227.94117647059
			4357.8431372549	-3230.39215686275
			4357.8431372549	-3232.8431372549
			4357.8431372549	-3235.29411764706
			4355.39215686275	-3237.74509803922
			4355.39215686275	-3240.19607843137
			4352.94117647059	-3242.64705882353
			4350.49019607843	-3245.09803921569
			4348.03921568627	-3247.54901960784
			4345.58823529412	-3250
			4343.13725490196	-3250
			4340.6862745098	-3252.45098039216
			4338.23529411765	-3252.45098039216
			4335.78431372549	-3252.45098039216
			4333.33333333333	-3252.45098039216
			4330.88235294118	-3254.90196078431
			4328.43137254902	-3254.90196078431
			4325.98039215686	-3254.90196078431
			4323.52941176471	-3254.90196078431
			4321.07843137255	-3254.90196078431
			4318.62745098039	-3254.90196078431
			4316.17647058824	-3254.90196078431
			4313.72549019608	-3257.35294117647
			4313.72549019608	-3259.80392156863
			4311.27450980392	-3262.25490196078
			4311.27450980392	-3264.70588235294
			4311.27450980392	-3267.1568627451
			4311.27450980392	-3269.60784313726
			4311.27450980392	-3272.05882352941
			4308.82352941176	-3274.50980392157
			4308.82352941176	-3276.96078431373
			4308.82352941176	-3279.41176470588
			4306.37254901961	-3281.86274509804
			4306.37254901961	-3284.3137254902
			4303.92156862745	-3286.76470588235
			4303.92156862745	-3289.21568627451
			4301.47058823529	-3291.66666666667
			4301.47058823529	-3294.11764705882
			4299.01960784314	-3294.11764705882
			4299.01960784314	-3296.56862745098
			4296.56862745098	-3299.01960784314
			4294.11764705882	-3301.47058823529
			4291.66666666667	-3303.92156862745
			4289.21568627451	-3306.37254901961
			4286.76470588235	-3308.82352941176
			4284.3137254902	-3308.82352941176
			4281.86274509804	-3311.27450980392
			4279.41176470588	-3311.27450980392
			4276.96078431373	-3313.72549019608
			4274.50980392157	-3313.72549019608
			4272.05882352941	-3316.17647058824
			4269.60784313726	-3316.17647058824
			4267.1568627451	-3316.17647058824
			4264.70588235294	-3316.17647058824
			4262.25490196078	-3318.62745098039
			4259.80392156863	-3318.62745098039
			4257.35294117647	-3318.62745098039
			4254.90196078431	-3318.62745098039
			4252.45098039216	-3318.62745098039
			4250	-3318.62745098039
			4247.54901960784	-3318.62745098039
			4245.09803921569	-3318.62745098039
			4242.64705882353	-3318.62745098039
			4240.19607843137	-3318.62745098039
			4237.74509803922	-3318.62745098039
			4235.29411764706	-3318.62745098039
			4232.8431372549	-3318.62745098039
			4230.39215686275	-3316.17647058824
			4227.94117647059	-3316.17647058824
			4225.49019607843	-3316.17647058824
			4223.03921568627	-3316.17647058824
			4220.58823529412	-3316.17647058824
			4218.13725490196	-3313.72549019608
			4215.6862745098	-3313.72549019608
			4213.23529411765	-3313.72549019608
			4210.78431372549	-3313.72549019608
			4208.33333333333	-3311.27450980392
			4205.88235294118	-3311.27450980392
			4203.43137254902	-3311.27450980392
			4200.98039215686	-3308.82352941176
			4198.52941176471	-3308.82352941176
			4196.07843137255	-3308.82352941176
			4193.62745098039	-3306.37254901961
			4191.17647058824	-3306.37254901961
			4188.72549019608	-3306.37254901961
			4186.27450980392	-3303.92156862745
			4183.82352941176	-3303.92156862745
			4181.37254901961	-3301.47058823529
			4178.92156862745	-3301.47058823529
			4176.47058823529	-3301.47058823529
			4174.01960784314	-3299.01960784314
			4171.56862745098	-3299.01960784314
			4169.11764705882	-3296.56862745098
			4166.66666666667	-3296.56862745098
			4164.21568627451	-3294.11764705882
			4161.76470588235	-3294.11764705882
			4159.3137254902	-3294.11764705882
			4159.3137254902	-3291.66666666667
			4156.86274509804	-3291.66666666667
			4154.41176470588	-3289.21568627451
			4151.96078431373	-3286.76470588235
			4149.50980392157	-3284.3137254902
			4147.05882352941	-3281.86274509804
			4144.60784313726	-3279.41176470588
			4142.1568627451	-3276.96078431373
			4139.70588235294	-3274.50980392157
			4139.70588235294	-3272.05882352941
			4137.25490196078	-3272.05882352941
			4137.25490196078	-3269.60784313726
			4134.80392156863	-3267.1568627451
			4134.80392156863	-3264.70588235294
			4132.35294117647	-3262.25490196078
			4132.35294117647	-3259.80392156863
			4129.90196078431	-3259.80392156863
			4129.90196078431	-3257.35294117647
			4127.45098039216	-3254.90196078431
			4127.45098039216	-3252.45098039216
			4125	-3250
			4125	-3247.54901960784
			4125	-3245.09803921569
			4122.54901960784	-3242.64705882353
			4122.54901960784	-3240.19607843137
			4120.09803921569	-3237.74509803922
			4120.09803921569	-3235.29411764706
			4120.09803921569	-3232.8431372549
			4120.09803921569	-3230.39215686275
			4117.64705882353	-3227.94117647059
			4117.64705882353	-3225.49019607843
			4117.64705882353	-3223.03921568627
			4117.64705882353	-3220.58823529412
			4117.64705882353	-3218.13725490196
			4115.19607843137	-3215.6862745098
			4115.19607843137	-3213.23529411765
			4115.19607843137	-3210.78431372549
			4115.19607843137	-3208.33333333333
			4115.19607843137	-3205.88235294118
			4115.19607843137	-3203.43137254902
			4115.19607843137	-3200.98039215686
			4115.19607843137	-3198.52941176471
			4115.19607843137	-3196.07843137255
			4115.19607843137	-3193.62745098039
			4115.19607843137	-3191.17647058824
			4115.19607843137	-3188.72549019608
			4115.19607843137	-3186.27450980392
			4115.19607843137	-3183.82352941176
			4115.19607843137	-3181.37254901961
			4115.19607843137	-3178.92156862745
			4115.19607843137	-3176.47058823529
			4115.19607843137	-3174.01960784314
			4117.64705882353	-3171.56862745098
			4117.64705882353	-3169.11764705882
			4117.64705882353	-3166.66666666667
			4117.64705882353	-3164.21568627451
			4117.64705882353	-3161.76470588235
			4117.64705882353	-3159.3137254902
			4120.09803921569	-3156.86274509804
			4120.09803921569	-3154.41176470588
			4120.09803921569	-3151.96078431373
			4120.09803921569	-3149.50980392157
			4120.09803921569	-3147.05882352941
			4122.54901960784	-3144.60784313726
			4122.54901960784	-3142.1568627451
			4122.54901960784	-3139.70588235294
			4122.54901960784	-3137.25490196078
			4125	-3134.80392156863
			4125	-3132.35294117647
			4125	-3129.90196078431
			4127.45098039216	-3127.45098039216
			4127.45098039216	-3125
			4127.45098039216	-3122.54901960784
			4127.45098039216	-3120.09803921569
			4129.90196078431	-3117.64705882353
			4129.90196078431	-3115.19607843137
			4129.90196078431	-3112.74509803922
			4132.35294117647	-3110.29411764706
			4132.35294117647	-3107.8431372549
		</C2>
	</curves.scaled>
	<ruler.points type=matrix rownames=TRUE colnames=FALSE nrow=2 ncol=2 as.numeric=TRUE >
		Ruler point 1	3	1877
		Ruler point 2	105	1877
	</ruler.points>
</shapes>

