<shapes type=list>
	<ruler.pixel type=vector names=FALSE length=1 as.numeric=TRUE >102</ruler.pixel>
	<ruler.interval type=vector names=FALSE length=1 as.numeric=TRUE >250</ruler.interval>
	<scaling.units type=vector names=FALSE length=1 as.numeric=FALSE >nm</scaling.units>
	<scaling type=vector names=FALSE length=1 as.numeric=TRUE >2.45098039215686</scaling>
	<landmarks.pixel type=matrix rownames=TRUE colnames=FALSE nrow=10 ncol=2 as.numeric=TRUE >
		1-Pore1R	1329	767
		2-Pore1L	1278	768
		3-Pore2T	1001	933
		4-Pore2B	1012	994
		5-Pore3T	1103	1187
		6-Pore3B	1153	1230
		7-Pore4L	1633	1266
		8-Pore4R	1691	1221
		9-Anchor	1744	1197
		10-Tip	1656	861
	</landmarks.pixel>
	<landmarks.scaled type=matrix rownames=TRUE colnames=FALSE nrow=10 ncol=2 as.numeric=TRUE >
		1-Pore1R	3257.35294117647	-1879.90196078431
		2-Pore1L	3132.35294117647	-1882.35294117647
		3-Pore2T	2453.43137254902	-2286.76470588235
		4-Pore2B	2480.39215686275	-2436.27450980392
		5-Pore3T	2703.43137254902	-2909.3137254902
		6-Pore3B	2825.98039215686	-3014.70588235294
		7-Pore4L	4002.45098039216	-3102.94117647059
		8-Pore4R	4144.60784313726	-2992.64705882353
		9-Anchor	4274.50980392157	-2933.82352941176
		10-Tip	4058.82352941176	-2110.29411764706
	</landmarks.scaled>
	<curves.control type=list>
		<C1 type=matrix rownames=FALSE colnames=FALSE nrow=7 ncol=2 as.numeric=TRUE >
			1744	1197
			1695	1118
			1682	1013
			1643	941
			1618	924
			1584	856
			1656	861
		</C1>
	</curves.control>
	<curves.pixel type=list>
		<C1 type=matrix rownames=FALSE colnames=FALSE nrow=384 ncol=2 as.numeric=TRUE >
			1744	1197
			1743	1196
			1743	1195
			1742	1194
			1741	1193
			1741	1192
			1741	1191
			1740	1191
			1740	1190
			1739	1189
			1738	1188
			1738	1187
			1738	1186
			1737	1185
			1737	1184
			1736	1184
			1736	1183
			1735	1182
			1735	1181
			1734	1180
			1734	1179
			1733	1178
			1732	1177
			1732	1176
			1731	1175
			1731	1174
			1730	1173
			1730	1172
			1729	1171
			1729	1170
			1728	1169
			1728	1168
			1727	1167
			1727	1166
			1726	1165
			1726	1164
			1725	1163
			1725	1162
			1724	1161
			1724	1160
			1723	1159
			1723	1158
			1722	1157
			1722	1156
			1721	1155
			1721	1154
			1720	1153
			1720	1152
			1719	1151
			1719	1150
			1719	1149
			1718	1148
			1718	1147
			1717	1146
			1717	1145
			1716	1144
			1716	1143
			1715	1142
			1715	1141
			1715	1140
			1714	1139
			1714	1138
			1713	1137
			1713	1136
			1713	1135
			1712	1134
			1712	1133
			1711	1132
			1711	1131
			1711	1130
			1710	1129
			1710	1128
			1709	1127
			1709	1126
			1709	1125
			1708	1124
			1708	1123
			1708	1122
			1707	1121
			1707	1120
			1707	1119
			1706	1118
			1706	1117
			1705	1116
			1705	1115
			1705	1114
			1704	1113
			1704	1112
			1704	1111
			1704	1110
			1703	1109
			1703	1108
			1703	1107
			1702	1106
			1702	1105
			1701	1104
			1701	1103
			1701	1102
			1701	1101
			1700	1100
			1700	1099
			1700	1098
			1699	1097
			1699	1096
			1699	1095
			1698	1094
			1698	1093
			1698	1092
			1698	1091
			1697	1090
			1697	1089
			1697	1088
			1697	1087
			1696	1086
			1696	1085
			1696	1084
			1695	1083
			1695	1082
			1695	1081
			1695	1080
			1694	1079
			1694	1078
			1694	1077
			1694	1076
			1693	1075
			1693	1074
			1693	1073
			1693	1072
			1692	1071
			1692	1070
			1692	1069
			1692	1068
			1692	1067
			1691	1066
			1691	1065
			1691	1064
			1691	1063
			1690	1062
			1690	1061
			1690	1060
			1690	1059
			1690	1058
			1689	1057
			1689	1056
			1689	1055
			1689	1054
			1688	1053
			1688	1052
			1688	1051
			1688	1050
			1688	1049
			1687	1048
			1687	1047
			1687	1046
			1687	1045
			1687	1044
			1687	1043
			1686	1042
			1686	1041
			1686	1040
			1686	1039
			1686	1038
			1685	1037
			1685	1036
			1685	1035
			1685	1034
			1685	1033
			1685	1032
			1685	1031
			1684	1031
			1684	1030
			1684	1029
			1684	1028
			1684	1027
			1684	1026
			1684	1025
			1683	1024
			1683	1023
			1683	1022
			1683	1021
			1683	1020
			1683	1019
			1683	1018
			1683	1017
			1682	1016
			1682	1015
			1682	1014
			1682	1013
			1681	1012
			1681	1011
			1681	1010
			1680	1010
			1680	1009
			1679	1008
			1679	1007
			1678	1006
			1677	1005
			1677	1004
			1676	1003
			1676	1002
			1675	1001
			1675	1000
			1674	999
			1674	998
			1673	997
			1672	996
			1672	995
			1671	994
			1671	993
			1670	992
			1670	991
			1669	990
			1668	989
			1668	988
			1667	987
			1667	986
			1666	985
			1666	984
			1665	983
			1665	982
			1664	982
			1664	981
			1663	980
			1662	979
			1662	978
			1661	977
			1661	976
			1660	975
			1659	974
			1659	973
			1658	972
			1657	971
			1657	970
			1656	969
			1655	968
			1655	967
			1654	966
			1654	965
			1653	964
			1652	963
			1652	962
			1651	961
			1650	960
			1649	959
			1649	958
			1648	957
			1647	956
			1646	955
			1646	954
			1645	953
			1644	952
			1644	951
			1643	950
			1642	949
			1642	948
			1641	947
			1640	946
			1639	945
			1638	944
			1637	943
			1637	942
			1636	941
			1635	940
			1634	939
			1633	938
			1633	937
			1632	937
			1631	936
			1630	935
			1630	934
			1629	933
			1628	933
			1628	932
			1627	931
			1626	931
			1625	930
			1625	929
			1624	929
			1623	928
			1623	927
			1622	927
			1621	926
			1620	925
			1619	924
			1618	923
			1617	922
			1616	921
			1616	920
			1616	919
			1615	919
			1615	918
			1615	917
			1614	916
			1614	915
			1613	914
			1613	913
			1613	912
			1612	911
			1612	910
			1611	909
			1611	908
			1611	907
			1610	906
			1610	905
			1610	904
			1610	903
			1609	902
			1609	901
			1609	900
			1608	899
			1608	898
			1608	897
			1608	896
			1608	895
			1607	894
			1607	893
			1607	892
			1607	891
			1607	890
			1607	889
			1607	888
			1607	887
			1607	886
			1607	885
			1607	884
			1607	883
			1608	882
			1608	881
			1608	880
			1608	879
			1609	878
			1609	877
			1610	876
			1610	875
			1611	874
			1611	873
			1612	872
			1612	871
			1613	871
			1614	870
			1615	869
			1616	869
			1616	868
			1617	867
			1618	867
			1619	866
			1620	866
			1621	865
			1622	865
			1623	864
			1624	864
			1625	864
			1625	863
			1626	863
			1627	863
			1628	863
			1629	862
			1630	862
			1631	862
			1632	862
			1633	862
			1634	861
			1635	861
			1636	861
			1637	861
			1638	861
			1639	861
			1640	861
			1641	861
			1642	861
			1643	861
			1644	861
			1645	861
			1646	861
			1647	861
			1648	861
			1649	861
			1650	861
			1651	861
			1652	861
			1653	861
			1654	861
			1655	861
			1656	861
		</C1>
	</curves.pixel>
	<curves.scaled type=list>
		<C1 type=matrix rownames=FALSE colnames=FALSE nrow=384 ncol=2 as.numeric=TRUE >
			4274.50980392157	-2933.82352941176
			4272.05882352941	-2931.37254901961
			4272.05882352941	-2928.92156862745
			4269.60784313726	-2926.47058823529
			4267.1568627451	-2924.01960784314
			4267.1568627451	-2921.56862745098
			4267.1568627451	-2919.11764705882
			4264.70588235294	-2919.11764705882
			4264.70588235294	-2916.66666666667
			4262.25490196078	-2914.21568627451
			4259.80392156863	-2911.76470588235
			4259.80392156863	-2909.3137254902
			4259.80392156863	-2906.86274509804
			4257.35294117647	-2904.41176470588
			4257.35294117647	-2901.96078431373
			4254.90196078431	-2901.96078431373
			4254.90196078431	-2899.50980392157
			4252.45098039216	-2897.05882352941
			4252.45098039216	-2894.60784313726
			4250	-2892.1568627451
			4250	-2889.70588235294
			4247.54901960784	-2887.25490196078
			4245.09803921569	-2884.80392156863
			4245.09803921569	-2882.35294117647
			4242.64705882353	-2879.90196078431
			4242.64705882353	-2877.45098039216
			4240.19607843137	-2875
			4240.19607843137	-2872.54901960784
			4237.74509803922	-2870.09803921569
			4237.74509803922	-2867.64705882353
			4235.29411764706	-2865.19607843137
			4235.29411764706	-2862.74509803922
			4232.8431372549	-2860.29411764706
			4232.8431372549	-2857.8431372549
			4230.39215686275	-2855.39215686275
			4230.39215686275	-2852.94117647059
			4227.94117647059	-2850.49019607843
			4227.94117647059	-2848.03921568627
			4225.49019607843	-2845.58823529412
			4225.49019607843	-2843.13725490196
			4223.03921568627	-2840.6862745098
			4223.03921568627	-2838.23529411765
			4220.58823529412	-2835.78431372549
			4220.58823529412	-2833.33333333333
			4218.13725490196	-2830.88235294118
			4218.13725490196	-2828.43137254902
			4215.6862745098	-2825.98039215686
			4215.6862745098	-2823.52941176471
			4213.23529411765	-2821.07843137255
			4213.23529411765	-2818.62745098039
			4213.23529411765	-2816.17647058824
			4210.78431372549	-2813.72549019608
			4210.78431372549	-2811.27450980392
			4208.33333333333	-2808.82352941176
			4208.33333333333	-2806.37254901961
			4205.88235294118	-2803.92156862745
			4205.88235294118	-2801.47058823529
			4203.43137254902	-2799.01960784314
			4203.43137254902	-2796.56862745098
			4203.43137254902	-2794.11764705882
			4200.98039215686	-2791.66666666667
			4200.98039215686	-2789.21568627451
			4198.52941176471	-2786.76470588235
			4198.52941176471	-2784.3137254902
			4198.52941176471	-2781.86274509804
			4196.07843137255	-2779.41176470588
			4196.07843137255	-2776.96078431373
			4193.62745098039	-2774.50980392157
			4193.62745098039	-2772.05882352941
			4193.62745098039	-2769.60784313726
			4191.17647058824	-2767.1568627451
			4191.17647058824	-2764.70588235294
			4188.72549019608	-2762.25490196078
			4188.72549019608	-2759.80392156863
			4188.72549019608	-2757.35294117647
			4186.27450980392	-2754.90196078431
			4186.27450980392	-2752.45098039216
			4186.27450980392	-2750
			4183.82352941176	-2747.54901960784
			4183.82352941176	-2745.09803921569
			4183.82352941176	-2742.64705882353
			4181.37254901961	-2740.19607843137
			4181.37254901961	-2737.74509803922
			4178.92156862745	-2735.29411764706
			4178.92156862745	-2732.8431372549
			4178.92156862745	-2730.39215686275
			4176.47058823529	-2727.94117647059
			4176.47058823529	-2725.49019607843
			4176.47058823529	-2723.03921568627
			4176.47058823529	-2720.58823529412
			4174.01960784314	-2718.13725490196
			4174.01960784314	-2715.6862745098
			4174.01960784314	-2713.23529411765
			4171.56862745098	-2710.78431372549
			4171.56862745098	-2708.33333333333
			4169.11764705882	-2705.88235294118
			4169.11764705882	-2703.43137254902
			4169.11764705882	-2700.98039215686
			4169.11764705882	-2698.52941176471
			4166.66666666667	-2696.07843137255
			4166.66666666667	-2693.62745098039
			4166.66666666667	-2691.17647058824
			4164.21568627451	-2688.72549019608
			4164.21568627451	-2686.27450980392
			4164.21568627451	-2683.82352941176
			4161.76470588235	-2681.37254901961
			4161.76470588235	-2678.92156862745
			4161.76470588235	-2676.47058823529
			4161.76470588235	-2674.01960784314
			4159.3137254902	-2671.56862745098
			4159.3137254902	-2669.11764705882
			4159.3137254902	-2666.66666666667
			4159.3137254902	-2664.21568627451
			4156.86274509804	-2661.76470588235
			4156.86274509804	-2659.3137254902
			4156.86274509804	-2656.86274509804
			4154.41176470588	-2654.41176470588
			4154.41176470588	-2651.96078431373
			4154.41176470588	-2649.50980392157
			4154.41176470588	-2647.05882352941
			4151.96078431373	-2644.60784313726
			4151.96078431373	-2642.1568627451
			4151.96078431373	-2639.70588235294
			4151.96078431373	-2637.25490196078
			4149.50980392157	-2634.80392156863
			4149.50980392157	-2632.35294117647
			4149.50980392157	-2629.90196078431
			4149.50980392157	-2627.45098039216
			4147.05882352941	-2625
			4147.05882352941	-2622.54901960784
			4147.05882352941	-2620.09803921569
			4147.05882352941	-2617.64705882353
			4147.05882352941	-2615.19607843137
			4144.60784313726	-2612.74509803922
			4144.60784313726	-2610.29411764706
			4144.60784313726	-2607.8431372549
			4144.60784313726	-2605.39215686275
			4142.1568627451	-2602.94117647059
			4142.1568627451	-2600.49019607843
			4142.1568627451	-2598.03921568627
			4142.1568627451	-2595.58823529412
			4142.1568627451	-2593.13725490196
			4139.70588235294	-2590.6862745098
			4139.70588235294	-2588.23529411765
			4139.70588235294	-2585.78431372549
			4139.70588235294	-2583.33333333333
			4137.25490196078	-2580.88235294118
			4137.25490196078	-2578.43137254902
			4137.25490196078	-2575.98039215686
			4137.25490196078	-2573.52941176471
			4137.25490196078	-2571.07843137255
			4134.80392156863	-2568.62745098039
			4134.80392156863	-2566.17647058824
			4134.80392156863	-2563.72549019608
			4134.80392156863	-2561.27450980392
			4134.80392156863	-2558.82352941176
			4134.80392156863	-2556.37254901961
			4132.35294117647	-2553.92156862745
			4132.35294117647	-2551.47058823529
			4132.35294117647	-2549.01960784314
			4132.35294117647	-2546.56862745098
			4132.35294117647	-2544.11764705882
			4129.90196078431	-2541.66666666667
			4129.90196078431	-2539.21568627451
			4129.90196078431	-2536.76470588235
			4129.90196078431	-2534.3137254902
			4129.90196078431	-2531.86274509804
			4129.90196078431	-2529.41176470588
			4129.90196078431	-2526.96078431373
			4127.45098039216	-2526.96078431373
			4127.45098039216	-2524.50980392157
			4127.45098039216	-2522.05882352941
			4127.45098039216	-2519.60784313726
			4127.45098039216	-2517.1568627451
			4127.45098039216	-2514.70588235294
			4127.45098039216	-2512.25490196078
			4125	-2509.80392156863
			4125	-2507.35294117647
			4125	-2504.90196078431
			4125	-2502.45098039216
			4125	-2500
			4125	-2497.54901960784
			4125	-2495.09803921569
			4125	-2492.64705882353
			4122.54901960784	-2490.19607843137
			4122.54901960784	-2487.74509803922
			4122.54901960784	-2485.29411764706
			4122.54901960784	-2482.8431372549
			4120.09803921569	-2480.39215686275
			4120.09803921569	-2477.94117647059
			4120.09803921569	-2475.49019607843
			4117.64705882353	-2475.49019607843
			4117.64705882353	-2473.03921568627
			4115.19607843137	-2470.58823529412
			4115.19607843137	-2468.13725490196
			4112.74509803922	-2465.6862745098
			4110.29411764706	-2463.23529411765
			4110.29411764706	-2460.78431372549
			4107.8431372549	-2458.33333333333
			4107.8431372549	-2455.88235294118
			4105.39215686275	-2453.43137254902
			4105.39215686275	-2450.98039215686
			4102.94117647059	-2448.52941176471
			4102.94117647059	-2446.07843137255
			4100.49019607843	-2443.62745098039
			4098.03921568627	-2441.17647058824
			4098.03921568627	-2438.72549019608
			4095.58823529412	-2436.27450980392
			4095.58823529412	-2433.82352941176
			4093.13725490196	-2431.37254901961
			4093.13725490196	-2428.92156862745
			4090.6862745098	-2426.47058823529
			4088.23529411765	-2424.01960784314
			4088.23529411765	-2421.56862745098
			4085.78431372549	-2419.11764705882
			4085.78431372549	-2416.66666666667
			4083.33333333333	-2414.21568627451
			4083.33333333333	-2411.76470588235
			4080.88235294118	-2409.3137254902
			4080.88235294118	-2406.86274509804
			4078.43137254902	-2406.86274509804
			4078.43137254902	-2404.41176470588
			4075.98039215686	-2401.96078431373
			4073.52941176471	-2399.50980392157
			4073.52941176471	-2397.05882352941
			4071.07843137255	-2394.60784313726
			4071.07843137255	-2392.1568627451
			4068.62745098039	-2389.70588235294
			4066.17647058824	-2387.25490196078
			4066.17647058824	-2384.80392156863
			4063.72549019608	-2382.35294117647
			4061.27450980392	-2379.90196078431
			4061.27450980392	-2377.45098039216
			4058.82352941176	-2375
			4056.37254901961	-2372.54901960784
			4056.37254901961	-2370.09803921569
			4053.92156862745	-2367.64705882353
			4053.92156862745	-2365.19607843137
			4051.47058823529	-2362.74509803922
			4049.01960784314	-2360.29411764706
			4049.01960784314	-2357.8431372549
			4046.56862745098	-2355.39215686275
			4044.11764705882	-2352.94117647059
			4041.66666666667	-2350.49019607843
			4041.66666666667	-2348.03921568627
			4039.21568627451	-2345.58823529412
			4036.76470588235	-2343.13725490196
			4034.3137254902	-2340.6862745098
			4034.3137254902	-2338.23529411765
			4031.86274509804	-2335.78431372549
			4029.41176470588	-2333.33333333333
			4029.41176470588	-2330.88235294118
			4026.96078431373	-2328.43137254902
			4024.50980392157	-2325.98039215686
			4024.50980392157	-2323.52941176471
			4022.05882352941	-2321.07843137255
			4019.60784313726	-2318.62745098039
			4017.1568627451	-2316.17647058824
			4014.70588235294	-2313.72549019608
			4012.25490196078	-2311.27450980392
			4012.25490196078	-2308.82352941176
			4009.80392156863	-2306.37254901961
			4007.35294117647	-2303.92156862745
			4004.90196078431	-2301.47058823529
			4002.45098039216	-2299.01960784314
			4002.45098039216	-2296.56862745098
			4000	-2296.56862745098
			3997.54901960784	-2294.11764705882
			3995.09803921569	-2291.66666666667
			3995.09803921569	-2289.21568627451
			3992.64705882353	-2286.76470588235
			3990.19607843137	-2286.76470588235
			3990.19607843137	-2284.3137254902
			3987.74509803922	-2281.86274509804
			3985.29411764706	-2281.86274509804
			3982.8431372549	-2279.41176470588
			3982.8431372549	-2276.96078431373
			3980.39215686275	-2276.96078431373
			3977.94117647059	-2274.50980392157
			3977.94117647059	-2272.05882352941
			3975.49019607843	-2272.05882352941
			3973.03921568627	-2269.60784313726
			3970.58823529412	-2267.1568627451
			3968.13725490196	-2264.70588235294
			3965.6862745098	-2262.25490196078
			3963.23529411765	-2259.80392156863
			3960.78431372549	-2257.35294117647
			3960.78431372549	-2254.90196078431
			3960.78431372549	-2252.45098039216
			3958.33333333333	-2252.45098039216
			3958.33333333333	-2250
			3958.33333333333	-2247.54901960784
			3955.88235294118	-2245.09803921569
			3955.88235294118	-2242.64705882353
			3953.43137254902	-2240.19607843137
			3953.43137254902	-2237.74509803922
			3953.43137254902	-2235.29411764706
			3950.98039215686	-2232.8431372549
			3950.98039215686	-2230.39215686275
			3948.52941176471	-2227.94117647059
			3948.52941176471	-2225.49019607843
			3948.52941176471	-2223.03921568627
			3946.07843137255	-2220.58823529412
			3946.07843137255	-2218.13725490196
			3946.07843137255	-2215.6862745098
			3946.07843137255	-2213.23529411765
			3943.62745098039	-2210.78431372549
			3943.62745098039	-2208.33333333333
			3943.62745098039	-2205.88235294118
			3941.17647058824	-2203.43137254902
			3941.17647058824	-2200.98039215686
			3941.17647058824	-2198.52941176471
			3941.17647058824	-2196.07843137255
			3941.17647058824	-2193.62745098039
			3938.72549019608	-2191.17647058824
			3938.72549019608	-2188.72549019608
			3938.72549019608	-2186.27450980392
			3938.72549019608	-2183.82352941176
			3938.72549019608	-2181.37254901961
			3938.72549019608	-2178.92156862745
			3938.72549019608	-2176.47058823529
			3938.72549019608	-2174.01960784314
			3938.72549019608	-2171.56862745098
			3938.72549019608	-2169.11764705882
			3938.72549019608	-2166.66666666667
			3938.72549019608	-2164.21568627451
			3941.17647058824	-2161.76470588235
			3941.17647058824	-2159.3137254902
			3941.17647058824	-2156.86274509804
			3941.17647058824	-2154.41176470588
			3943.62745098039	-2151.96078431373
			3943.62745098039	-2149.50980392157
			3946.07843137255	-2147.05882352941
			3946.07843137255	-2144.60784313726
			3948.52941176471	-2142.1568627451
			3948.52941176471	-2139.70588235294
			3950.98039215686	-2137.25490196078
			3950.98039215686	-2134.80392156863
			3953.43137254902	-2134.80392156863
			3955.88235294118	-2132.35294117647
			3958.33333333333	-2129.90196078431
			3960.78431372549	-2129.90196078431
			3960.78431372549	-2127.45098039216
			3963.23529411765	-2125
			3965.6862745098	-2125
			3968.13725490196	-2122.54901960784
			3970.58823529412	-2122.54901960784
			3973.03921568627	-2120.09803921569
			3975.49019607843	-2120.09803921569
			3977.94117647059	-2117.64705882353
			3980.39215686275	-2117.64705882353
			3982.8431372549	-2117.64705882353
			3982.8431372549	-2115.19607843137
			3985.29411764706	-2115.19607843137
			3987.74509803922	-2115.19607843137
			3990.19607843137	-2115.19607843137
			3992.64705882353	-2112.74509803922
			3995.09803921569	-2112.74509803922
			3997.54901960784	-2112.74509803922
			4000	-2112.74509803922
			4002.45098039216	-2112.74509803922
			4004.90196078431	-2110.29411764706
			4007.35294117647	-2110.29411764706
			4009.80392156863	-2110.29411764706
			4012.25490196078	-2110.29411764706
			4014.70588235294	-2110.29411764706
			4017.1568627451	-2110.29411764706
			4019.60784313726	-2110.29411764706
			4022.05882352941	-2110.29411764706
			4024.50980392157	-2110.29411764706
			4026.96078431373	-2110.29411764706
			4029.41176470588	-2110.29411764706
			4031.86274509804	-2110.29411764706
			4034.3137254902	-2110.29411764706
			4036.76470588235	-2110.29411764706
			4039.21568627451	-2110.29411764706
			4041.66666666667	-2110.29411764706
			4044.11764705882	-2110.29411764706
			4046.56862745098	-2110.29411764706
			4049.01960784314	-2110.29411764706
			4051.47058823529	-2110.29411764706
			4053.92156862745	-2110.29411764706
			4056.37254901961	-2110.29411764706
			4058.82352941176	-2110.29411764706
		</C1>
	</curves.scaled>
	<ruler.points type=matrix rownames=TRUE colnames=FALSE nrow=2 ncol=2 as.numeric=TRUE >
		Ruler point 1	3	1877
		Ruler point 2	105	1877
	</ruler.points>
</shapes>

