<shapes type=list>
	<ruler.pixel type=vector names=FALSE length=1 as.numeric=TRUE >102</ruler.pixel>
	<ruler.interval type=vector names=FALSE length=1 as.numeric=TRUE >250</ruler.interval>
	<scaling.units type=vector names=FALSE length=1 as.numeric=FALSE >nm</scaling.units>
	<scaling type=vector names=FALSE length=1 as.numeric=TRUE >2.45098039215686</scaling>
	<landmarks.pixel type=matrix rownames=TRUE colnames=FALSE nrow=10 ncol=2 as.numeric=TRUE >
		1-Pore1R	1014	563
		2-Pore1L	967	568
		3-Pore2T	692	784
		4-Pore2B	712	836
		5-Pore3T	817	1034
		6-Pore3B	878	1073
		7-Pore4L	1327	1059
		8-Pore4R	1454	1016
		9-Anchor	1596	1007
		10-Tip	1447	592
	</landmarks.pixel>
	<landmarks.scaled type=matrix rownames=TRUE colnames=FALSE nrow=10 ncol=2 as.numeric=TRUE >
		1-Pore1R	2485.29411764706	-1379.90196078431
		2-Pore1L	2370.09803921569	-1392.1568627451
		3-Pore2T	1696.07843137255	-1921.56862745098
		4-Pore2B	1745.09803921569	-2049.01960784314
		5-Pore3T	2002.45098039216	-2534.3137254902
		6-Pore3B	2151.96078431373	-2629.90196078431
		7-Pore4L	3252.45098039216	-2595.58823529412
		8-Pore4R	3563.72549019608	-2490.19607843137
		9-Anchor	3911.76470588235	-2468.13725490196
		10-Tip	3546.56862745098	-1450.98039215686
	</landmarks.scaled>
	<curves.control type=list>
		<C1 type=matrix rownames=FALSE colnames=FALSE nrow=7 ncol=2 as.numeric=TRUE >
			1596	1007
			1555	947
			1511	858
			1477	770
			1415	695
			1339	601
			1447	592
		</C1>
	</curves.control>
	<curves.pixel type=list>
		<C1 type=matrix rownames=FALSE colnames=FALSE nrow=482 ncol=2 as.numeric=TRUE >
			1596	1007
			1596	1006
			1595	1006
			1595	1005
			1594	1004
			1594	1003
			1593	1003
			1593	1002
			1592	1001
			1591	1000
			1591	999
			1590	998
			1589	997
			1589	996
			1588	996
			1588	995
			1587	994
			1587	993
			1586	992
			1585	991
			1585	990
			1584	989
			1584	988
			1583	988
			1583	987
			1582	986
			1581	985
			1581	984
			1580	983
			1580	982
			1579	981
			1579	980
			1578	979
			1577	978
			1576	977
			1576	976
			1575	975
			1575	974
			1574	973
			1573	972
			1573	971
			1572	970
			1572	969
			1571	968
			1570	967
			1570	966
			1569	965
			1568	964
			1568	963
			1567	962
			1566	961
			1566	960
			1565	959
			1565	958
			1564	957
			1563	956
			1563	955
			1562	954
			1562	953
			1561	952
			1561	951
			1560	950
			1560	949
			1559	948
			1559	947
			1558	947
			1558	946
			1557	945
			1557	944
			1556	944
			1556	943
			1556	942
			1555	941
			1554	940
			1554	939
			1553	938
			1553	937
			1552	936
			1552	935
			1551	934
			1551	933
			1550	932
			1549	931
			1549	930
			1548	929
			1548	928
			1547	927
			1546	926
			1546	925
			1546	924
			1545	923
			1544	922
			1544	921
			1543	920
			1543	919
			1542	918
			1542	917
			1541	916
			1540	915
			1540	914
			1539	913
			1539	912
			1538	911
			1538	910
			1537	909
			1537	908
			1536	907
			1536	906
			1535	905
			1535	904
			1534	903
			1534	902
			1533	902
			1533	901
			1533	900
			1532	899
			1531	898
			1531	897
			1530	896
			1530	895
			1529	894
			1529	893
			1528	892
			1528	891
			1527	890
			1526	889
			1526	888
			1526	887
			1525	887
			1525	886
			1525	885
			1524	885
			1524	884
			1524	883
			1523	882
			1523	881
			1522	880
			1521	879
			1521	878
			1521	877
			1520	876
			1519	875
			1519	874
			1518	873
			1518	872
			1517	871
			1517	870
			1516	869
			1516	868
			1515	867
			1515	866
			1514	865
			1514	864
			1513	863
			1513	862
			1512	861
			1512	860
			1511	859
			1511	858
			1511	857
			1510	856
			1510	855
			1509	854
			1509	853
			1509	852
			1508	851
			1508	850
			1508	849
			1507	848
			1507	847
			1506	847
			1506	846
			1506	845
			1505	844
			1505	843
			1505	842
			1504	841
			1504	840
			1503	839
			1503	838
			1502	837
			1502	836
			1501	835
			1501	834
			1501	833
			1500	832
			1500	831
			1499	830
			1499	829
			1498	828
			1498	827
			1498	826
			1497	826
			1497	825
			1497	824
			1496	823
			1496	822
			1495	821
			1495	820
			1494	819
			1494	818
			1494	817
			1493	817
			1493	816
			1492	815
			1492	814
			1491	813
			1491	812
			1491	811
			1490	810
			1489	809
			1489	808
			1488	807
			1488	806
			1488	805
			1487	805
			1487	804
			1487	803
			1486	803
			1486	802
			1485	801
			1485	800
			1484	799
			1484	798
			1483	797
			1483	796
			1482	795
			1482	794
			1481	793
			1481	792
			1480	791
			1479	790
			1479	789
			1478	788
			1478	787
			1477	786
			1477	785
			1476	784
			1476	783
			1475	782
			1474	781
			1474	780
			1473	779
			1473	778
			1472	777
			1472	776
			1471	775
			1471	774
			1470	774
			1470	773
			1469	772
			1469	771
			1468	770
			1467	769
			1467	768
			1466	767
			1466	766
			1465	765
			1465	764
			1464	764
			1464	763
			1463	762
			1462	761
			1462	760
			1461	759
			1461	758
			1460	757
			1460	756
			1459	755
			1458	754
			1457	753
			1457	752
			1456	751
			1456	750
			1455	750
			1455	749
			1454	748
			1454	747
			1453	746
			1452	745
			1451	744
			1451	743
			1450	742
			1450	741
			1449	741
			1449	740
			1448	739
			1448	738
			1447	738
			1447	737
			1446	736
			1446	735
			1445	735
			1445	734
			1444	733
			1444	732
			1443	732
			1443	731
			1442	730
			1441	729
			1440	728
			1440	727
			1439	726
			1438	725
			1438	724
			1437	723
			1436	722
			1435	721
			1434	720
			1434	719
			1433	718
			1432	717
			1431	716
			1431	715
			1430	714
			1430	713
			1429	713
			1428	712
			1428	711
			1427	710
			1426	709
			1425	708
			1425	707
			1424	706
			1423	705
			1423	704
			1422	703
			1421	702
			1420	702
			1420	701
			1419	700
			1418	699
			1417	698
			1417	697
			1416	696
			1415	695
			1414	694
			1413	693
			1413	692
			1412	691
			1411	690
			1410	689
			1409	688
			1409	687
			1408	687
			1408	686
			1407	685
			1407	684
			1406	683
			1405	682
			1405	681
			1404	680
			1403	680
			1403	679
			1402	678
			1402	677
			1401	677
			1401	676
			1400	675
			1400	674
			1399	673
			1398	672
			1398	671
			1397	670
			1396	669
			1396	668
			1395	667
			1395	666
			1394	665
			1393	664
			1393	663
			1392	662
			1392	661
			1391	660
			1391	659
			1391	658
			1390	657
			1390	656
			1389	655
			1389	654
			1389	653
			1388	652
			1387	651
			1387	650
			1387	649
			1386	648
			1386	647
			1386	646
			1386	645
			1385	644
			1385	643
			1385	642
			1385	641
			1384	640
			1384	639
			1384	638
			1384	637
			1384	636
			1384	635
			1384	634
			1384	633
			1384	632
			1384	631
			1384	630
			1384	629
			1384	628
			1384	627
			1384	626
			1384	625
			1385	624
			1385	623
			1385	622
			1385	621
			1386	620
			1386	619
			1387	618
			1387	617
			1388	616
			1388	615
			1389	615
			1389	614
			1390	613
			1391	612
			1391	611
			1392	611
			1393	610
			1393	609
			1394	608
			1395	608
			1396	607
			1397	606
			1398	606
			1399	605
			1400	604
			1401	604
			1402	603
			1403	603
			1404	602
			1405	601
			1406	601
			1407	601
			1408	600
			1409	600
			1410	599
			1411	599
			1412	599
			1413	598
			1414	598
			1415	598
			1416	597
			1417	597
			1418	597
			1419	596
			1420	596
			1421	596
			1422	596
			1423	596
			1423	595
			1424	595
			1425	595
			1426	595
			1427	595
			1428	594
			1429	594
			1430	594
			1431	594
			1432	594
			1433	594
			1434	594
			1435	593
			1436	593
			1437	593
			1438	593
			1439	593
			1440	593
			1441	593
			1442	593
			1443	592
			1444	592
			1445	592
			1446	592
			1447	592
		</C1>
	</curves.pixel>
	<curves.scaled type=list>
		<C1 type=matrix rownames=FALSE colnames=FALSE nrow=482 ncol=2 as.numeric=TRUE >
			3911.76470588235	-2468.13725490196
			3911.76470588235	-2465.6862745098
			3909.3137254902	-2465.6862745098
			3909.3137254902	-2463.23529411765
			3906.86274509804	-2460.78431372549
			3906.86274509804	-2458.33333333333
			3904.41176470588	-2458.33333333333
			3904.41176470588	-2455.88235294118
			3901.96078431373	-2453.43137254902
			3899.50980392157	-2450.98039215686
			3899.50980392157	-2448.52941176471
			3897.05882352941	-2446.07843137255
			3894.60784313726	-2443.62745098039
			3894.60784313726	-2441.17647058824
			3892.1568627451	-2441.17647058824
			3892.1568627451	-2438.72549019608
			3889.70588235294	-2436.27450980392
			3889.70588235294	-2433.82352941176
			3887.25490196078	-2431.37254901961
			3884.80392156863	-2428.92156862745
			3884.80392156863	-2426.47058823529
			3882.35294117647	-2424.01960784314
			3882.35294117647	-2421.56862745098
			3879.90196078431	-2421.56862745098
			3879.90196078431	-2419.11764705882
			3877.45098039216	-2416.66666666667
			3875	-2414.21568627451
			3875	-2411.76470588235
			3872.54901960784	-2409.3137254902
			3872.54901960784	-2406.86274509804
			3870.09803921569	-2404.41176470588
			3870.09803921569	-2401.96078431373
			3867.64705882353	-2399.50980392157
			3865.19607843137	-2397.05882352941
			3862.74509803922	-2394.60784313726
			3862.74509803922	-2392.1568627451
			3860.29411764706	-2389.70588235294
			3860.29411764706	-2387.25490196078
			3857.8431372549	-2384.80392156863
			3855.39215686275	-2382.35294117647
			3855.39215686275	-2379.90196078431
			3852.94117647059	-2377.45098039216
			3852.94117647059	-2375
			3850.49019607843	-2372.54901960784
			3848.03921568627	-2370.09803921569
			3848.03921568627	-2367.64705882353
			3845.58823529412	-2365.19607843137
			3843.13725490196	-2362.74509803922
			3843.13725490196	-2360.29411764706
			3840.6862745098	-2357.8431372549
			3838.23529411765	-2355.39215686275
			3838.23529411765	-2352.94117647059
			3835.78431372549	-2350.49019607843
			3835.78431372549	-2348.03921568627
			3833.33333333333	-2345.58823529412
			3830.88235294118	-2343.13725490196
			3830.88235294118	-2340.6862745098
			3828.43137254902	-2338.23529411765
			3828.43137254902	-2335.78431372549
			3825.98039215686	-2333.33333333333
			3825.98039215686	-2330.88235294118
			3823.52941176471	-2328.43137254902
			3823.52941176471	-2325.98039215686
			3821.07843137255	-2323.52941176471
			3821.07843137255	-2321.07843137255
			3818.62745098039	-2321.07843137255
			3818.62745098039	-2318.62745098039
			3816.17647058824	-2316.17647058824
			3816.17647058824	-2313.72549019608
			3813.72549019608	-2313.72549019608
			3813.72549019608	-2311.27450980392
			3813.72549019608	-2308.82352941176
			3811.27450980392	-2306.37254901961
			3808.82352941176	-2303.92156862745
			3808.82352941176	-2301.47058823529
			3806.37254901961	-2299.01960784314
			3806.37254901961	-2296.56862745098
			3803.92156862745	-2294.11764705882
			3803.92156862745	-2291.66666666667
			3801.47058823529	-2289.21568627451
			3801.47058823529	-2286.76470588235
			3799.01960784314	-2284.3137254902
			3796.56862745098	-2281.86274509804
			3796.56862745098	-2279.41176470588
			3794.11764705882	-2276.96078431373
			3794.11764705882	-2274.50980392157
			3791.66666666667	-2272.05882352941
			3789.21568627451	-2269.60784313726
			3789.21568627451	-2267.1568627451
			3789.21568627451	-2264.70588235294
			3786.76470588235	-2262.25490196078
			3784.3137254902	-2259.80392156863
			3784.3137254902	-2257.35294117647
			3781.86274509804	-2254.90196078431
			3781.86274509804	-2252.45098039216
			3779.41176470588	-2250
			3779.41176470588	-2247.54901960784
			3776.96078431373	-2245.09803921569
			3774.50980392157	-2242.64705882353
			3774.50980392157	-2240.19607843137
			3772.05882352941	-2237.74509803922
			3772.05882352941	-2235.29411764706
			3769.60784313726	-2232.8431372549
			3769.60784313726	-2230.39215686275
			3767.1568627451	-2227.94117647059
			3767.1568627451	-2225.49019607843
			3764.70588235294	-2223.03921568627
			3764.70588235294	-2220.58823529412
			3762.25490196078	-2218.13725490196
			3762.25490196078	-2215.6862745098
			3759.80392156863	-2213.23529411765
			3759.80392156863	-2210.78431372549
			3757.35294117647	-2210.78431372549
			3757.35294117647	-2208.33333333333
			3757.35294117647	-2205.88235294118
			3754.90196078431	-2203.43137254902
			3752.45098039216	-2200.98039215686
			3752.45098039216	-2198.52941176471
			3750	-2196.07843137255
			3750	-2193.62745098039
			3747.54901960784	-2191.17647058824
			3747.54901960784	-2188.72549019608
			3745.09803921569	-2186.27450980392
			3745.09803921569	-2183.82352941176
			3742.64705882353	-2181.37254901961
			3740.19607843137	-2178.92156862745
			3740.19607843137	-2176.47058823529
			3740.19607843137	-2174.01960784314
			3737.74509803922	-2174.01960784314
			3737.74509803922	-2171.56862745098
			3737.74509803922	-2169.11764705882
			3735.29411764706	-2169.11764705882
			3735.29411764706	-2166.66666666667
			3735.29411764706	-2164.21568627451
			3732.8431372549	-2161.76470588235
			3732.8431372549	-2159.3137254902
			3730.39215686275	-2156.86274509804
			3727.94117647059	-2154.41176470588
			3727.94117647059	-2151.96078431373
			3727.94117647059	-2149.50980392157
			3725.49019607843	-2147.05882352941
			3723.03921568627	-2144.60784313726
			3723.03921568627	-2142.1568627451
			3720.58823529412	-2139.70588235294
			3720.58823529412	-2137.25490196078
			3718.13725490196	-2134.80392156863
			3718.13725490196	-2132.35294117647
			3715.6862745098	-2129.90196078431
			3715.6862745098	-2127.45098039216
			3713.23529411765	-2125
			3713.23529411765	-2122.54901960784
			3710.78431372549	-2120.09803921569
			3710.78431372549	-2117.64705882353
			3708.33333333333	-2115.19607843137
			3708.33333333333	-2112.74509803922
			3705.88235294118	-2110.29411764706
			3705.88235294118	-2107.8431372549
			3703.43137254902	-2105.39215686275
			3703.43137254902	-2102.94117647059
			3703.43137254902	-2100.49019607843
			3700.98039215686	-2098.03921568627
			3700.98039215686	-2095.58823529412
			3698.52941176471	-2093.13725490196
			3698.52941176471	-2090.6862745098
			3698.52941176471	-2088.23529411765
			3696.07843137255	-2085.78431372549
			3696.07843137255	-2083.33333333333
			3696.07843137255	-2080.88235294118
			3693.62745098039	-2078.43137254902
			3693.62745098039	-2075.98039215686
			3691.17647058824	-2075.98039215686
			3691.17647058824	-2073.52941176471
			3691.17647058824	-2071.07843137255
			3688.72549019608	-2068.62745098039
			3688.72549019608	-2066.17647058824
			3688.72549019608	-2063.72549019608
			3686.27450980392	-2061.27450980392
			3686.27450980392	-2058.82352941176
			3683.82352941176	-2056.37254901961
			3683.82352941176	-2053.92156862745
			3681.37254901961	-2051.47058823529
			3681.37254901961	-2049.01960784314
			3678.92156862745	-2046.56862745098
			3678.92156862745	-2044.11764705882
			3678.92156862745	-2041.66666666667
			3676.47058823529	-2039.21568627451
			3676.47058823529	-2036.76470588235
			3674.01960784314	-2034.3137254902
			3674.01960784314	-2031.86274509804
			3671.56862745098	-2029.41176470588
			3671.56862745098	-2026.96078431373
			3671.56862745098	-2024.50980392157
			3669.11764705882	-2024.50980392157
			3669.11764705882	-2022.05882352941
			3669.11764705882	-2019.60784313726
			3666.66666666667	-2017.1568627451
			3666.66666666667	-2014.70588235294
			3664.21568627451	-2012.25490196078
			3664.21568627451	-2009.80392156863
			3661.76470588235	-2007.35294117647
			3661.76470588235	-2004.90196078431
			3661.76470588235	-2002.45098039216
			3659.3137254902	-2002.45098039216
			3659.3137254902	-2000
			3656.86274509804	-1997.54901960784
			3656.86274509804	-1995.09803921569
			3654.41176470588	-1992.64705882353
			3654.41176470588	-1990.19607843137
			3654.41176470588	-1987.74509803922
			3651.96078431373	-1985.29411764706
			3649.50980392157	-1982.8431372549
			3649.50980392157	-1980.39215686275
			3647.05882352941	-1977.94117647059
			3647.05882352941	-1975.49019607843
			3647.05882352941	-1973.03921568627
			3644.60784313726	-1973.03921568627
			3644.60784313726	-1970.58823529412
			3644.60784313726	-1968.13725490196
			3642.1568627451	-1968.13725490196
			3642.1568627451	-1965.6862745098
			3639.70588235294	-1963.23529411765
			3639.70588235294	-1960.78431372549
			3637.25490196078	-1958.33333333333
			3637.25490196078	-1955.88235294118
			3634.80392156863	-1953.43137254902
			3634.80392156863	-1950.98039215686
			3632.35294117647	-1948.52941176471
			3632.35294117647	-1946.07843137255
			3629.90196078431	-1943.62745098039
			3629.90196078431	-1941.17647058824
			3627.45098039216	-1938.72549019608
			3625	-1936.27450980392
			3625	-1933.82352941176
			3622.54901960784	-1931.37254901961
			3622.54901960784	-1928.92156862745
			3620.09803921569	-1926.47058823529
			3620.09803921569	-1924.01960784314
			3617.64705882353	-1921.56862745098
			3617.64705882353	-1919.11764705882
			3615.19607843137	-1916.66666666667
			3612.74509803922	-1914.21568627451
			3612.74509803922	-1911.76470588235
			3610.29411764706	-1909.3137254902
			3610.29411764706	-1906.86274509804
			3607.8431372549	-1904.41176470588
			3607.8431372549	-1901.96078431373
			3605.39215686275	-1899.50980392157
			3605.39215686275	-1897.05882352941
			3602.94117647059	-1897.05882352941
			3602.94117647059	-1894.60784313726
			3600.49019607843	-1892.1568627451
			3600.49019607843	-1889.70588235294
			3598.03921568627	-1887.25490196078
			3595.58823529412	-1884.80392156863
			3595.58823529412	-1882.35294117647
			3593.13725490196	-1879.90196078431
			3593.13725490196	-1877.45098039216
			3590.6862745098	-1875
			3590.6862745098	-1872.54901960784
			3588.23529411765	-1872.54901960784
			3588.23529411765	-1870.09803921569
			3585.78431372549	-1867.64705882353
			3583.33333333333	-1865.19607843137
			3583.33333333333	-1862.74509803922
			3580.88235294118	-1860.29411764706
			3580.88235294118	-1857.8431372549
			3578.43137254902	-1855.39215686275
			3578.43137254902	-1852.94117647059
			3575.98039215686	-1850.49019607843
			3573.52941176471	-1848.03921568627
			3571.07843137255	-1845.58823529412
			3571.07843137255	-1843.13725490196
			3568.62745098039	-1840.6862745098
			3568.62745098039	-1838.23529411765
			3566.17647058824	-1838.23529411765
			3566.17647058824	-1835.78431372549
			3563.72549019608	-1833.33333333333
			3563.72549019608	-1830.88235294118
			3561.27450980392	-1828.43137254902
			3558.82352941176	-1825.98039215686
			3556.37254901961	-1823.52941176471
			3556.37254901961	-1821.07843137255
			3553.92156862745	-1818.62745098039
			3553.92156862745	-1816.17647058824
			3551.47058823529	-1816.17647058824
			3551.47058823529	-1813.72549019608
			3549.01960784314	-1811.27450980392
			3549.01960784314	-1808.82352941176
			3546.56862745098	-1808.82352941176
			3546.56862745098	-1806.37254901961
			3544.11764705882	-1803.92156862745
			3544.11764705882	-1801.47058823529
			3541.66666666667	-1801.47058823529
			3541.66666666667	-1799.01960784314
			3539.21568627451	-1796.56862745098
			3539.21568627451	-1794.11764705882
			3536.76470588235	-1794.11764705882
			3536.76470588235	-1791.66666666667
			3534.3137254902	-1789.21568627451
			3531.86274509804	-1786.76470588235
			3529.41176470588	-1784.3137254902
			3529.41176470588	-1781.86274509804
			3526.96078431373	-1779.41176470588
			3524.50980392157	-1776.96078431373
			3524.50980392157	-1774.50980392157
			3522.05882352941	-1772.05882352941
			3519.60784313726	-1769.60784313726
			3517.1568627451	-1767.1568627451
			3514.70588235294	-1764.70588235294
			3514.70588235294	-1762.25490196078
			3512.25490196078	-1759.80392156863
			3509.80392156863	-1757.35294117647
			3507.35294117647	-1754.90196078431
			3507.35294117647	-1752.45098039216
			3504.90196078431	-1750
			3504.90196078431	-1747.54901960784
			3502.45098039216	-1747.54901960784
			3500	-1745.09803921569
			3500	-1742.64705882353
			3497.54901960784	-1740.19607843137
			3495.09803921569	-1737.74509803922
			3492.64705882353	-1735.29411764706
			3492.64705882353	-1732.8431372549
			3490.19607843137	-1730.39215686275
			3487.74509803922	-1727.94117647059
			3487.74509803922	-1725.49019607843
			3485.29411764706	-1723.03921568627
			3482.8431372549	-1720.58823529412
			3480.39215686275	-1720.58823529412
			3480.39215686275	-1718.13725490196
			3477.94117647059	-1715.6862745098
			3475.49019607843	-1713.23529411765
			3473.03921568627	-1710.78431372549
			3473.03921568627	-1708.33333333333
			3470.58823529412	-1705.88235294118
			3468.13725490196	-1703.43137254902
			3465.6862745098	-1700.98039215686
			3463.23529411765	-1698.52941176471
			3463.23529411765	-1696.07843137255
			3460.78431372549	-1693.62745098039
			3458.33333333333	-1691.17647058824
			3455.88235294118	-1688.72549019608
			3453.43137254902	-1686.27450980392
			3453.43137254902	-1683.82352941176
			3450.98039215686	-1683.82352941176
			3450.98039215686	-1681.37254901961
			3448.52941176471	-1678.92156862745
			3448.52941176471	-1676.47058823529
			3446.07843137255	-1674.01960784314
			3443.62745098039	-1671.56862745098
			3443.62745098039	-1669.11764705882
			3441.17647058824	-1666.66666666667
			3438.72549019608	-1666.66666666667
			3438.72549019608	-1664.21568627451
			3436.27450980392	-1661.76470588235
			3436.27450980392	-1659.3137254902
			3433.82352941176	-1659.3137254902
			3433.82352941176	-1656.86274509804
			3431.37254901961	-1654.41176470588
			3431.37254901961	-1651.96078431373
			3428.92156862745	-1649.50980392157
			3426.47058823529	-1647.05882352941
			3426.47058823529	-1644.60784313726
			3424.01960784314	-1642.1568627451
			3421.56862745098	-1639.70588235294
			3421.56862745098	-1637.25490196078
			3419.11764705882	-1634.80392156863
			3419.11764705882	-1632.35294117647
			3416.66666666667	-1629.90196078431
			3414.21568627451	-1627.45098039216
			3414.21568627451	-1625
			3411.76470588235	-1622.54901960784
			3411.76470588235	-1620.09803921569
			3409.3137254902	-1617.64705882353
			3409.3137254902	-1615.19607843137
			3409.3137254902	-1612.74509803922
			3406.86274509804	-1610.29411764706
			3406.86274509804	-1607.8431372549
			3404.41176470588	-1605.39215686275
			3404.41176470588	-1602.94117647059
			3404.41176470588	-1600.49019607843
			3401.96078431373	-1598.03921568627
			3399.50980392157	-1595.58823529412
			3399.50980392157	-1593.13725490196
			3399.50980392157	-1590.6862745098
			3397.05882352941	-1588.23529411765
			3397.05882352941	-1585.78431372549
			3397.05882352941	-1583.33333333333
			3397.05882352941	-1580.88235294118
			3394.60784313726	-1578.43137254902
			3394.60784313726	-1575.98039215686
			3394.60784313726	-1573.52941176471
			3394.60784313726	-1571.07843137255
			3392.1568627451	-1568.62745098039
			3392.1568627451	-1566.17647058824
			3392.1568627451	-1563.72549019608
			3392.1568627451	-1561.27450980392
			3392.1568627451	-1558.82352941176
			3392.1568627451	-1556.37254901961
			3392.1568627451	-1553.92156862745
			3392.1568627451	-1551.47058823529
			3392.1568627451	-1549.01960784314
			3392.1568627451	-1546.56862745098
			3392.1568627451	-1544.11764705882
			3392.1568627451	-1541.66666666667
			3392.1568627451	-1539.21568627451
			3392.1568627451	-1536.76470588235
			3392.1568627451	-1534.3137254902
			3392.1568627451	-1531.86274509804
			3394.60784313726	-1529.41176470588
			3394.60784313726	-1526.96078431373
			3394.60784313726	-1524.50980392157
			3394.60784313726	-1522.05882352941
			3397.05882352941	-1519.60784313726
			3397.05882352941	-1517.1568627451
			3399.50980392157	-1514.70588235294
			3399.50980392157	-1512.25490196078
			3401.96078431373	-1509.80392156863
			3401.96078431373	-1507.35294117647
			3404.41176470588	-1507.35294117647
			3404.41176470588	-1504.90196078431
			3406.86274509804	-1502.45098039216
			3409.3137254902	-1500
			3409.3137254902	-1497.54901960784
			3411.76470588235	-1497.54901960784
			3414.21568627451	-1495.09803921569
			3414.21568627451	-1492.64705882353
			3416.66666666667	-1490.19607843137
			3419.11764705882	-1490.19607843137
			3421.56862745098	-1487.74509803922
			3424.01960784314	-1485.29411764706
			3426.47058823529	-1485.29411764706
			3428.92156862745	-1482.8431372549
			3431.37254901961	-1480.39215686275
			3433.82352941176	-1480.39215686275
			3436.27450980392	-1477.94117647059
			3438.72549019608	-1477.94117647059
			3441.17647058824	-1475.49019607843
			3443.62745098039	-1473.03921568627
			3446.07843137255	-1473.03921568627
			3448.52941176471	-1473.03921568627
			3450.98039215686	-1470.58823529412
			3453.43137254902	-1470.58823529412
			3455.88235294118	-1468.13725490196
			3458.33333333333	-1468.13725490196
			3460.78431372549	-1468.13725490196
			3463.23529411765	-1465.6862745098
			3465.6862745098	-1465.6862745098
			3468.13725490196	-1465.6862745098
			3470.58823529412	-1463.23529411765
			3473.03921568627	-1463.23529411765
			3475.49019607843	-1463.23529411765
			3477.94117647059	-1460.78431372549
			3480.39215686275	-1460.78431372549
			3482.8431372549	-1460.78431372549
			3485.29411764706	-1460.78431372549
			3487.74509803922	-1460.78431372549
			3487.74509803922	-1458.33333333333
			3490.19607843137	-1458.33333333333
			3492.64705882353	-1458.33333333333
			3495.09803921569	-1458.33333333333
			3497.54901960784	-1458.33333333333
			3500	-1455.88235294118
			3502.45098039216	-1455.88235294118
			3504.90196078431	-1455.88235294118
			3507.35294117647	-1455.88235294118
			3509.80392156863	-1455.88235294118
			3512.25490196078	-1455.88235294118
			3514.70588235294	-1455.88235294118
			3517.1568627451	-1453.43137254902
			3519.60784313726	-1453.43137254902
			3522.05882352941	-1453.43137254902
			3524.50980392157	-1453.43137254902
			3526.96078431373	-1453.43137254902
			3529.41176470588	-1453.43137254902
			3531.86274509804	-1453.43137254902
			3534.3137254902	-1453.43137254902
			3536.76470588235	-1450.98039215686
			3539.21568627451	-1450.98039215686
			3541.66666666667	-1450.98039215686
			3544.11764705882	-1450.98039215686
			3546.56862745098	-1450.98039215686
		</C1>
	</curves.scaled>
	<ruler.points type=matrix rownames=TRUE colnames=FALSE nrow=2 ncol=2 as.numeric=TRUE >
		Ruler point 1	3	1877
		Ruler point 2	105	1877
	</ruler.points>
</shapes>

