<shapes type=list>
	<ruler.pixel type=vector names=FALSE length=1 as.numeric=TRUE >102</ruler.pixel>
	<ruler.interval type=vector names=FALSE length=1 as.numeric=TRUE >250</ruler.interval>
	<scaling.units type=vector names=FALSE length=1 as.numeric=FALSE >nm</scaling.units>
	<scaling type=vector names=FALSE length=1 as.numeric=TRUE >2.45098039215686</scaling>
	<landmarks.pixel type=matrix rownames=TRUE colnames=FALSE nrow=4 ncol=2 as.numeric=TRUE >
		1-TopL	1367	515
		2-TopR	1971	730
		3-BotR	1584	1070
		4-BotL	1533	1025
	</landmarks.pixel>
	<landmarks.scaled type=matrix rownames=TRUE colnames=FALSE nrow=4 ncol=2 as.numeric=TRUE >
		1-TopL	3350.49019607843	-1262.25490196078
		2-TopR	4830.88235294118	-1789.21568627451
		3-BotR	3882.35294117647	-2622.54901960784
		4-BotL	3757.35294117647	-2512.25490196078
	</landmarks.scaled>
	<curves.control type=list>
		<C1 type=matrix rownames=FALSE colnames=FALSE nrow=7 ncol=2 as.numeric=TRUE >
			1367	515
			1516	443
			1639	484
			1708	504
			1750	536
			1846	606
			1971	730
		</C1>
		<C2 type=matrix rownames=FALSE colnames=FALSE nrow=7 ncol=2 as.numeric=TRUE >
			1584	1070
			1604	1111
			1575	1105
			1567	1133
			1539	1125
			1469	1100
			1533	1025
		</C2>
	</curves.control>
	<curves.pixel type=list>
		<C1 type=matrix rownames=FALSE colnames=FALSE nrow=638 ncol=2 as.numeric=TRUE >
			1367	515
			1368	514
			1369	514
			1370	514
			1371	513
			1372	513
			1373	512
			1374	512
			1375	511
			1376	511
			1377	510
			1378	510
			1379	510
			1379	509
			1380	509
			1381	508
			1382	508
			1383	508
			1384	507
			1385	507
			1386	506
			1387	506
			1388	506
			1389	505
			1390	504
			1391	504
			1392	504
			1393	503
			1394	503
			1395	502
			1396	502
			1397	502
			1398	501
			1399	501
			1400	500
			1401	500
			1402	500
			1403	499
			1404	499
			1405	498
			1406	498
			1407	498
			1408	497
			1409	497
			1410	496
			1411	496
			1412	496
			1413	495
			1414	495
			1415	494
			1416	494
			1417	494
			1418	493
			1419	493
			1420	493
			1421	492
			1422	492
			1423	492
			1424	491
			1425	491
			1426	491
			1427	490
			1428	490
			1429	490
			1430	489
			1431	489
			1432	489
			1433	488
			1434	488
			1435	487
			1436	487
			1437	487
			1438	487
			1439	486
			1440	486
			1441	486
			1442	485
			1443	485
			1444	485
			1445	484
			1446	484
			1447	484
			1448	484
			1449	483
			1450	483
			1451	483
			1452	483
			1453	482
			1454	482
			1455	482
			1456	481
			1457	481
			1458	481
			1459	481
			1460	480
			1461	480
			1462	480
			1463	480
			1464	479
			1465	479
			1466	479
			1467	479
			1468	479
			1469	478
			1470	478
			1471	478
			1472	478
			1473	477
			1474	477
			1475	477
			1476	477
			1477	476
			1478	476
			1479	476
			1480	476
			1481	476
			1482	475
			1483	475
			1484	475
			1485	475
			1486	475
			1487	475
			1488	474
			1489	474
			1490	474
			1491	474
			1492	474
			1493	474
			1494	473
			1495	473
			1496	473
			1497	473
			1498	473
			1499	473
			1500	472
			1501	472
			1502	472
			1503	472
			1504	472
			1505	472
			1506	472
			1507	472
			1508	471
			1509	471
			1510	471
			1511	471
			1512	471
			1513	471
			1514	471
			1515	471
			1516	471
			1517	471
			1517	470
			1518	470
			1519	470
			1520	470
			1521	470
			1522	470
			1523	470
			1524	470
			1525	470
			1526	470
			1527	470
			1528	470
			1529	470
			1530	470
			1531	470
			1532	469
			1533	469
			1534	469
			1535	469
			1536	469
			1537	469
			1538	469
			1539	469
			1540	469
			1541	469
			1542	469
			1543	469
			1544	469
			1545	469
			1546	469
			1547	469
			1548	469
			1549	469
			1550	469
			1551	469
			1552	469
			1553	469
			1554	469
			1555	469
			1556	469
			1557	469
			1558	469
			1559	469
			1560	469
			1561	469
			1562	470
			1563	470
			1564	470
			1565	470
			1566	470
			1567	470
			1568	470
			1569	470
			1570	470
			1571	470
			1572	470
			1573	470
			1574	470
			1575	470
			1576	471
			1577	471
			1578	471
			1579	471
			1580	471
			1581	471
			1582	471
			1583	471
			1584	472
			1585	472
			1586	472
			1587	472
			1588	472
			1589	472
			1590	472
			1591	472
			1592	473
			1593	473
			1594	473
			1595	473
			1596	473
			1597	473
			1598	474
			1599	474
			1600	474
			1601	474
			1602	474
			1603	475
			1604	475
			1605	475
			1606	475
			1607	475
			1608	475
			1609	476
			1610	476
			1611	476
			1612	476
			1613	477
			1614	477
			1615	477
			1616	477
			1617	478
			1618	478
			1619	478
			1620	478
			1621	479
			1622	479
			1623	479
			1624	479
			1624	480
			1625	480
			1626	480
			1627	480
			1628	481
			1629	481
			1630	481
			1631	482
			1632	482
			1633	482
			1634	482
			1635	483
			1636	483
			1637	483
			1638	484
			1639	484
			1640	484
			1641	484
			1642	485
			1643	485
			1644	485
			1645	486
			1646	486
			1647	486
			1648	487
			1649	487
			1650	487
			1651	488
			1652	488
			1653	488
			1654	489
			1655	489
			1656	489
			1657	489
			1658	490
			1659	490
			1660	491
			1661	491
			1662	491
			1663	492
			1664	492
			1665	492
			1666	493
			1667	493
			1668	493
			1668	494
			1669	494
			1670	494
			1671	494
			1672	495
			1673	495
			1674	495
			1674	496
			1675	496
			1676	496
			1677	497
			1678	497
			1679	497
			1679	498
			1680	498
			1681	498
			1682	499
			1683	499
			1684	499
			1684	500
			1685	500
			1686	500
			1687	501
			1688	501
			1689	502
			1690	502
			1691	502
			1692	503
			1693	503
			1694	504
			1695	504
			1696	505
			1697	505
			1698	505
			1699	506
			1700	506
			1701	507
			1702	508
			1703	508
			1704	508
			1705	509
			1706	509
			1707	510
			1708	510
			1709	511
			1710	511
			1711	512
			1712	512
			1713	513
			1714	513
			1715	514
			1716	514
			1717	515
			1718	516
			1719	516
			1720	517
			1721	517
			1722	518
			1723	518
			1724	519
			1725	519
			1726	520
			1727	521
			1728	521
			1729	522
			1730	522
			1730	523
			1731	523
			1732	523
			1732	524
			1733	524
			1734	525
			1735	526
			1736	526
			1737	527
			1738	528
			1739	528
			1740	529
			1741	529
			1741	530
			1742	530
			1743	531
			1744	531
			1744	532
			1745	532
			1746	533
			1747	534
			1748	534
			1748	535
			1749	535
			1750	536
			1751	537
			1752	538
			1753	538
			1754	539
			1755	540
			1756	541
			1757	541
			1758	542
			1759	543
			1760	543
			1761	544
			1762	545
			1763	546
			1764	547
			1765	547
			1766	548
			1767	548
			1768	549
			1768	550
			1769	550
			1770	551
			1771	551
			1771	552
			1772	553
			1773	553
			1774	554
			1775	555
			1776	556
			1777	556
			1778	557
			1779	558
			1780	558
			1781	559
			1782	560
			1782	561
			1783	561
			1784	562
			1785	563
			1786	564
			1787	564
			1788	565
			1789	566
			1790	566
			1791	567
			1792	568
			1793	569
			1794	569
			1795	570
			1796	571
			1797	572
			1798	573
			1799	574
			1800	574
			1800	575
			1801	575
			1802	576
			1803	577
			1804	578
			1805	579
			1806	580
			1807	580
			1808	581
			1809	582
			1810	583
			1811	584
			1812	585
			1813	585
			1814	586
			1815	587
			1816	588
			1817	589
			1818	590
			1819	590
			1820	591
			1821	592
			1822	593
			1823	594
			1824	595
			1825	596
			1826	596
			1827	597
			1828	598
			1829	599
			1830	600
			1831	600
			1831	601
			1832	601
			1833	602
			1834	603
			1835	604
			1836	605
			1837	605
			1838	606
			1839	607
			1840	608
			1841	609
			1842	610
			1843	610
			1844	611
			1845	612
			1845	613
			1846	613
			1847	614
			1848	615
			1849	616
			1850	617
			1851	617
			1852	618
			1853	619
			1854	620
			1854	621
			1855	621
			1856	622
			1857	623
			1858	624
			1859	625
			1860	625
			1861	626
			1862	627
			1863	628
			1864	629
			1865	630
			1866	630
			1866	631
			1867	632
			1868	633
			1869	634
			1870	634
			1871	635
			1872	636
			1873	637
			1874	638
			1875	639
			1876	640
			1877	640
			1878	641
			1879	642
			1879	643
			1880	644
			1881	645
			1882	645
			1883	646
			1884	647
			1885	648
			1886	649
			1887	650
			1888	651
			1889	652
			1890	652
			1891	653
			1892	654
			1893	655
			1894	656
			1895	657
			1896	658
			1897	659
			1898	660
			1899	661
			1900	662
			1901	662
			1901	663
			1902	664
			1903	664
			1903	665
			1904	665
			1905	666
			1905	667
			1906	667
			1907	668
			1907	669
			1908	669
			1909	670
			1910	671
			1911	672
			1912	673
			1913	674
			1914	675
			1915	676
			1916	676
			1917	677
			1917	678
			1918	679
			1919	680
			1920	680
			1921	681
			1922	682
			1923	683
			1923	684
			1924	685
			1925	685
			1926	686
			1927	687
			1928	688
			1928	689
			1929	689
			1930	690
			1931	691
			1932	692
			1933	693
			1934	693
			1934	694
			1935	695
			1936	696
			1937	697
			1938	698
			1939	698
			1940	699
			1941	700
			1941	701
			1942	702
			1943	703
			1944	703
			1945	704
			1946	705
			1947	706
			1947	707
			1948	708
			1949	709
			1950	709
			1951	710
			1952	711
			1953	712
			1954	713
			1954	714
			1955	715
			1956	715
			1957	716
			1958	717
			1959	718
			1960	719
			1961	720
			1961	721
			1962	721
			1963	722
			1964	723
			1965	724
			1966	725
			1967	726
			1968	727
			1969	728
			1970	729
			1971	730
		</C1>
		<C2 type=matrix rownames=FALSE colnames=FALSE nrow=205 ncol=2 as.numeric=TRUE >
			1584	1070
			1585	1071
			1585	1072
			1586	1073
			1586	1074
			1586	1075
			1587	1076
			1587	1077
			1588	1078
			1588	1079
			1588	1080
			1589	1081
			1589	1082
			1589	1083
			1590	1084
			1590	1085
			1591	1086
			1591	1087
			1591	1088
			1591	1089
			1591	1090
			1592	1091
			1592	1092
			1592	1093
			1592	1094
			1592	1095
			1592	1096
			1592	1097
			1592	1098
			1592	1099
			1592	1100
			1591	1101
			1591	1102
			1590	1103
			1589	1104
			1588	1104
			1587	1105
			1586	1105
			1585	1105
			1584	1106
			1583	1106
			1582	1106
			1581	1106
			1580	1106
			1579	1106
			1578	1106
			1577	1105
			1576	1105
			1575	1106
			1574	1107
			1574	1108
			1574	1109
			1573	1110
			1573	1111
			1572	1112
			1572	1113
			1571	1114
			1571	1115
			1570	1116
			1569	1117
			1569	1118
			1568	1119
			1567	1120
			1566	1121
			1565	1122
			1564	1123
			1563	1123
			1562	1124
			1561	1124
			1560	1125
			1559	1125
			1558	1126
			1557	1126
			1556	1126
			1555	1126
			1554	1127
			1553	1127
			1552	1127
			1551	1127
			1550	1127
			1549	1127
			1548	1127
			1547	1127
			1546	1126
			1545	1126
			1544	1126
			1543	1126
			1542	1126
			1541	1125
			1540	1125
			1539	1125
			1538	1125
			1537	1124
			1536	1124
			1535	1123
			1534	1123
			1533	1123
			1532	1122
			1531	1122
			1530	1121
			1529	1121
			1528	1120
			1527	1120
			1526	1119
			1525	1119
			1524	1118
			1523	1117
			1522	1117
			1521	1116
			1520	1116
			1519	1115
			1518	1115
			1518	1114
			1517	1113
			1516	1113
			1515	1112
			1515	1111
			1514	1111
			1513	1110
			1512	1109
			1511	1108
			1510	1107
			1509	1106
			1509	1105
			1508	1104
			1508	1103
			1507	1102
			1506	1101
			1506	1100
			1505	1099
			1505	1098
			1504	1097
			1504	1096
			1504	1095
			1504	1094
			1503	1093
			1503	1092
			1503	1091
			1503	1090
			1503	1089
			1503	1088
			1502	1087
			1502	1086
			1502	1085
			1502	1084
			1502	1083
			1503	1082
			1503	1081
			1503	1080
			1503	1079
			1503	1078
			1503	1077
			1503	1076
			1504	1075
			1504	1074
			1504	1073
			1504	1072
			1505	1071
			1505	1070
			1505	1069
			1506	1068
			1506	1067
			1507	1066
			1507	1065
			1507	1064
			1508	1063
			1508	1062
			1509	1061
			1509	1060
			1510	1059
			1510	1058
			1511	1057
			1511	1056
			1512	1055
			1512	1054
			1513	1053
			1513	1052
			1514	1051
			1515	1050
			1515	1049
			1516	1048
			1516	1047
			1517	1047
			1517	1046
			1518	1045
			1518	1044
			1519	1043
			1520	1042
			1521	1041
			1521	1040
			1522	1039
			1523	1038
			1524	1037
			1524	1036
			1525	1035
			1526	1034
			1527	1033
			1528	1032
			1528	1031
			1529	1030
			1530	1029
			1531	1028
			1531	1027
			1532	1026
			1533	1025
		</C2>
	</curves.pixel>
	<curves.scaled type=list>
		<C1 type=matrix rownames=FALSE colnames=FALSE nrow=638 ncol=2 as.numeric=TRUE >
			3350.49019607843	-1262.25490196078
			3352.94117647059	-1259.80392156863
			3355.39215686275	-1259.80392156863
			3357.8431372549	-1259.80392156863
			3360.29411764706	-1257.35294117647
			3362.74509803922	-1257.35294117647
			3365.19607843137	-1254.90196078431
			3367.64705882353	-1254.90196078431
			3370.09803921569	-1252.45098039216
			3372.54901960784	-1252.45098039216
			3375	-1250
			3377.45098039216	-1250
			3379.90196078431	-1250
			3379.90196078431	-1247.54901960784
			3382.35294117647	-1247.54901960784
			3384.80392156863	-1245.09803921569
			3387.25490196078	-1245.09803921569
			3389.70588235294	-1245.09803921569
			3392.1568627451	-1242.64705882353
			3394.60784313726	-1242.64705882353
			3397.05882352941	-1240.19607843137
			3399.50980392157	-1240.19607843137
			3401.96078431373	-1240.19607843137
			3404.41176470588	-1237.74509803922
			3406.86274509804	-1235.29411764706
			3409.3137254902	-1235.29411764706
			3411.76470588235	-1235.29411764706
			3414.21568627451	-1232.8431372549
			3416.66666666667	-1232.8431372549
			3419.11764705882	-1230.39215686275
			3421.56862745098	-1230.39215686275
			3424.01960784314	-1230.39215686275
			3426.47058823529	-1227.94117647059
			3428.92156862745	-1227.94117647059
			3431.37254901961	-1225.49019607843
			3433.82352941176	-1225.49019607843
			3436.27450980392	-1225.49019607843
			3438.72549019608	-1223.03921568627
			3441.17647058824	-1223.03921568627
			3443.62745098039	-1220.58823529412
			3446.07843137255	-1220.58823529412
			3448.52941176471	-1220.58823529412
			3450.98039215686	-1218.13725490196
			3453.43137254902	-1218.13725490196
			3455.88235294118	-1215.6862745098
			3458.33333333333	-1215.6862745098
			3460.78431372549	-1215.6862745098
			3463.23529411765	-1213.23529411765
			3465.6862745098	-1213.23529411765
			3468.13725490196	-1210.78431372549
			3470.58823529412	-1210.78431372549
			3473.03921568627	-1210.78431372549
			3475.49019607843	-1208.33333333333
			3477.94117647059	-1208.33333333333
			3480.39215686275	-1208.33333333333
			3482.8431372549	-1205.88235294118
			3485.29411764706	-1205.88235294118
			3487.74509803922	-1205.88235294118
			3490.19607843137	-1203.43137254902
			3492.64705882353	-1203.43137254902
			3495.09803921569	-1203.43137254902
			3497.54901960784	-1200.98039215686
			3500	-1200.98039215686
			3502.45098039216	-1200.98039215686
			3504.90196078431	-1198.52941176471
			3507.35294117647	-1198.52941176471
			3509.80392156863	-1198.52941176471
			3512.25490196078	-1196.07843137255
			3514.70588235294	-1196.07843137255
			3517.1568627451	-1193.62745098039
			3519.60784313726	-1193.62745098039
			3522.05882352941	-1193.62745098039
			3524.50980392157	-1193.62745098039
			3526.96078431373	-1191.17647058824
			3529.41176470588	-1191.17647058824
			3531.86274509804	-1191.17647058824
			3534.3137254902	-1188.72549019608
			3536.76470588235	-1188.72549019608
			3539.21568627451	-1188.72549019608
			3541.66666666667	-1186.27450980392
			3544.11764705882	-1186.27450980392
			3546.56862745098	-1186.27450980392
			3549.01960784314	-1186.27450980392
			3551.47058823529	-1183.82352941176
			3553.92156862745	-1183.82352941176
			3556.37254901961	-1183.82352941176
			3558.82352941176	-1183.82352941176
			3561.27450980392	-1181.37254901961
			3563.72549019608	-1181.37254901961
			3566.17647058824	-1181.37254901961
			3568.62745098039	-1178.92156862745
			3571.07843137255	-1178.92156862745
			3573.52941176471	-1178.92156862745
			3575.98039215686	-1178.92156862745
			3578.43137254902	-1176.47058823529
			3580.88235294118	-1176.47058823529
			3583.33333333333	-1176.47058823529
			3585.78431372549	-1176.47058823529
			3588.23529411765	-1174.01960784314
			3590.6862745098	-1174.01960784314
			3593.13725490196	-1174.01960784314
			3595.58823529412	-1174.01960784314
			3598.03921568627	-1174.01960784314
			3600.49019607843	-1171.56862745098
			3602.94117647059	-1171.56862745098
			3605.39215686275	-1171.56862745098
			3607.8431372549	-1171.56862745098
			3610.29411764706	-1169.11764705882
			3612.74509803922	-1169.11764705882
			3615.19607843137	-1169.11764705882
			3617.64705882353	-1169.11764705882
			3620.09803921569	-1166.66666666667
			3622.54901960784	-1166.66666666667
			3625	-1166.66666666667
			3627.45098039216	-1166.66666666667
			3629.90196078431	-1166.66666666667
			3632.35294117647	-1164.21568627451
			3634.80392156863	-1164.21568627451
			3637.25490196078	-1164.21568627451
			3639.70588235294	-1164.21568627451
			3642.1568627451	-1164.21568627451
			3644.60784313726	-1164.21568627451
			3647.05882352941	-1161.76470588235
			3649.50980392157	-1161.76470588235
			3651.96078431373	-1161.76470588235
			3654.41176470588	-1161.76470588235
			3656.86274509804	-1161.76470588235
			3659.3137254902	-1161.76470588235
			3661.76470588235	-1159.3137254902
			3664.21568627451	-1159.3137254902
			3666.66666666667	-1159.3137254902
			3669.11764705882	-1159.3137254902
			3671.56862745098	-1159.3137254902
			3674.01960784314	-1159.3137254902
			3676.47058823529	-1156.86274509804
			3678.92156862745	-1156.86274509804
			3681.37254901961	-1156.86274509804
			3683.82352941176	-1156.86274509804
			3686.27450980392	-1156.86274509804
			3688.72549019608	-1156.86274509804
			3691.17647058824	-1156.86274509804
			3693.62745098039	-1156.86274509804
			3696.07843137255	-1154.41176470588
			3698.52941176471	-1154.41176470588
			3700.98039215686	-1154.41176470588
			3703.43137254902	-1154.41176470588
			3705.88235294118	-1154.41176470588
			3708.33333333333	-1154.41176470588
			3710.78431372549	-1154.41176470588
			3713.23529411765	-1154.41176470588
			3715.6862745098	-1154.41176470588
			3718.13725490196	-1154.41176470588
			3718.13725490196	-1151.96078431373
			3720.58823529412	-1151.96078431373
			3723.03921568627	-1151.96078431373
			3725.49019607843	-1151.96078431373
			3727.94117647059	-1151.96078431373
			3730.39215686275	-1151.96078431373
			3732.8431372549	-1151.96078431373
			3735.29411764706	-1151.96078431373
			3737.74509803922	-1151.96078431373
			3740.19607843137	-1151.96078431373
			3742.64705882353	-1151.96078431373
			3745.09803921569	-1151.96078431373
			3747.54901960784	-1151.96078431373
			3750	-1151.96078431373
			3752.45098039216	-1151.96078431373
			3754.90196078431	-1149.50980392157
			3757.35294117647	-1149.50980392157
			3759.80392156863	-1149.50980392157
			3762.25490196078	-1149.50980392157
			3764.70588235294	-1149.50980392157
			3767.1568627451	-1149.50980392157
			3769.60784313726	-1149.50980392157
			3772.05882352941	-1149.50980392157
			3774.50980392157	-1149.50980392157
			3776.96078431373	-1149.50980392157
			3779.41176470588	-1149.50980392157
			3781.86274509804	-1149.50980392157
			3784.3137254902	-1149.50980392157
			3786.76470588235	-1149.50980392157
			3789.21568627451	-1149.50980392157
			3791.66666666667	-1149.50980392157
			3794.11764705882	-1149.50980392157
			3796.56862745098	-1149.50980392157
			3799.01960784314	-1149.50980392157
			3801.47058823529	-1149.50980392157
			3803.92156862745	-1149.50980392157
			3806.37254901961	-1149.50980392157
			3808.82352941176	-1149.50980392157
			3811.27450980392	-1149.50980392157
			3813.72549019608	-1149.50980392157
			3816.17647058824	-1149.50980392157
			3818.62745098039	-1149.50980392157
			3821.07843137255	-1149.50980392157
			3823.52941176471	-1149.50980392157
			3825.98039215686	-1149.50980392157
			3828.43137254902	-1151.96078431373
			3830.88235294118	-1151.96078431373
			3833.33333333333	-1151.96078431373
			3835.78431372549	-1151.96078431373
			3838.23529411765	-1151.96078431373
			3840.6862745098	-1151.96078431373
			3843.13725490196	-1151.96078431373
			3845.58823529412	-1151.96078431373
			3848.03921568627	-1151.96078431373
			3850.49019607843	-1151.96078431373
			3852.94117647059	-1151.96078431373
			3855.39215686275	-1151.96078431373
			3857.8431372549	-1151.96078431373
			3860.29411764706	-1151.96078431373
			3862.74509803922	-1154.41176470588
			3865.19607843137	-1154.41176470588
			3867.64705882353	-1154.41176470588
			3870.09803921569	-1154.41176470588
			3872.54901960784	-1154.41176470588
			3875	-1154.41176470588
			3877.45098039216	-1154.41176470588
			3879.90196078431	-1154.41176470588
			3882.35294117647	-1156.86274509804
			3884.80392156863	-1156.86274509804
			3887.25490196078	-1156.86274509804
			3889.70588235294	-1156.86274509804
			3892.1568627451	-1156.86274509804
			3894.60784313726	-1156.86274509804
			3897.05882352941	-1156.86274509804
			3899.50980392157	-1156.86274509804
			3901.96078431373	-1159.3137254902
			3904.41176470588	-1159.3137254902
			3906.86274509804	-1159.3137254902
			3909.3137254902	-1159.3137254902
			3911.76470588235	-1159.3137254902
			3914.21568627451	-1159.3137254902
			3916.66666666667	-1161.76470588235
			3919.11764705882	-1161.76470588235
			3921.56862745098	-1161.76470588235
			3924.01960784314	-1161.76470588235
			3926.47058823529	-1161.76470588235
			3928.92156862745	-1164.21568627451
			3931.37254901961	-1164.21568627451
			3933.82352941176	-1164.21568627451
			3936.27450980392	-1164.21568627451
			3938.72549019608	-1164.21568627451
			3941.17647058824	-1164.21568627451
			3943.62745098039	-1166.66666666667
			3946.07843137255	-1166.66666666667
			3948.52941176471	-1166.66666666667
			3950.98039215686	-1166.66666666667
			3953.43137254902	-1169.11764705882
			3955.88235294118	-1169.11764705882
			3958.33333333333	-1169.11764705882
			3960.78431372549	-1169.11764705882
			3963.23529411765	-1171.56862745098
			3965.6862745098	-1171.56862745098
			3968.13725490196	-1171.56862745098
			3970.58823529412	-1171.56862745098
			3973.03921568627	-1174.01960784314
			3975.49019607843	-1174.01960784314
			3977.94117647059	-1174.01960784314
			3980.39215686275	-1174.01960784314
			3980.39215686275	-1176.47058823529
			3982.8431372549	-1176.47058823529
			3985.29411764706	-1176.47058823529
			3987.74509803922	-1176.47058823529
			3990.19607843137	-1178.92156862745
			3992.64705882353	-1178.92156862745
			3995.09803921569	-1178.92156862745
			3997.54901960784	-1181.37254901961
			4000	-1181.37254901961
			4002.45098039216	-1181.37254901961
			4004.90196078431	-1181.37254901961
			4007.35294117647	-1183.82352941176
			4009.80392156863	-1183.82352941176
			4012.25490196078	-1183.82352941176
			4014.70588235294	-1186.27450980392
			4017.1568627451	-1186.27450980392
			4019.60784313726	-1186.27450980392
			4022.05882352941	-1186.27450980392
			4024.50980392157	-1188.72549019608
			4026.96078431373	-1188.72549019608
			4029.41176470588	-1188.72549019608
			4031.86274509804	-1191.17647058824
			4034.3137254902	-1191.17647058824
			4036.76470588235	-1191.17647058824
			4039.21568627451	-1193.62745098039
			4041.66666666667	-1193.62745098039
			4044.11764705882	-1193.62745098039
			4046.56862745098	-1196.07843137255
			4049.01960784314	-1196.07843137255
			4051.47058823529	-1196.07843137255
			4053.92156862745	-1198.52941176471
			4056.37254901961	-1198.52941176471
			4058.82352941176	-1198.52941176471
			4061.27450980392	-1198.52941176471
			4063.72549019608	-1200.98039215686
			4066.17647058824	-1200.98039215686
			4068.62745098039	-1203.43137254902
			4071.07843137255	-1203.43137254902
			4073.52941176471	-1203.43137254902
			4075.98039215686	-1205.88235294118
			4078.43137254902	-1205.88235294118
			4080.88235294118	-1205.88235294118
			4083.33333333333	-1208.33333333333
			4085.78431372549	-1208.33333333333
			4088.23529411765	-1208.33333333333
			4088.23529411765	-1210.78431372549
			4090.6862745098	-1210.78431372549
			4093.13725490196	-1210.78431372549
			4095.58823529412	-1210.78431372549
			4098.03921568627	-1213.23529411765
			4100.49019607843	-1213.23529411765
			4102.94117647059	-1213.23529411765
			4102.94117647059	-1215.6862745098
			4105.39215686275	-1215.6862745098
			4107.8431372549	-1215.6862745098
			4110.29411764706	-1218.13725490196
			4112.74509803922	-1218.13725490196
			4115.19607843137	-1218.13725490196
			4115.19607843137	-1220.58823529412
			4117.64705882353	-1220.58823529412
			4120.09803921569	-1220.58823529412
			4122.54901960784	-1223.03921568627
			4125	-1223.03921568627
			4127.45098039216	-1223.03921568627
			4127.45098039216	-1225.49019607843
			4129.90196078431	-1225.49019607843
			4132.35294117647	-1225.49019607843
			4134.80392156863	-1227.94117647059
			4137.25490196078	-1227.94117647059
			4139.70588235294	-1230.39215686275
			4142.1568627451	-1230.39215686275
			4144.60784313726	-1230.39215686275
			4147.05882352941	-1232.8431372549
			4149.50980392157	-1232.8431372549
			4151.96078431373	-1235.29411764706
			4154.41176470588	-1235.29411764706
			4156.86274509804	-1237.74509803922
			4159.3137254902	-1237.74509803922
			4161.76470588235	-1237.74509803922
			4164.21568627451	-1240.19607843137
			4166.66666666667	-1240.19607843137
			4169.11764705882	-1242.64705882353
			4171.56862745098	-1245.09803921569
			4174.01960784314	-1245.09803921569
			4176.47058823529	-1245.09803921569
			4178.92156862745	-1247.54901960784
			4181.37254901961	-1247.54901960784
			4183.82352941176	-1250
			4186.27450980392	-1250
			4188.72549019608	-1252.45098039216
			4191.17647058824	-1252.45098039216
			4193.62745098039	-1254.90196078431
			4196.07843137255	-1254.90196078431
			4198.52941176471	-1257.35294117647
			4200.98039215686	-1257.35294117647
			4203.43137254902	-1259.80392156863
			4205.88235294118	-1259.80392156863
			4208.33333333333	-1262.25490196078
			4210.78431372549	-1264.70588235294
			4213.23529411765	-1264.70588235294
			4215.6862745098	-1267.1568627451
			4218.13725490196	-1267.1568627451
			4220.58823529412	-1269.60784313726
			4223.03921568627	-1269.60784313726
			4225.49019607843	-1272.05882352941
			4227.94117647059	-1272.05882352941
			4230.39215686275	-1274.50980392157
			4232.8431372549	-1276.96078431373
			4235.29411764706	-1276.96078431373
			4237.74509803922	-1279.41176470588
			4240.19607843137	-1279.41176470588
			4240.19607843137	-1281.86274509804
			4242.64705882353	-1281.86274509804
			4245.09803921569	-1281.86274509804
			4245.09803921569	-1284.3137254902
			4247.54901960784	-1284.3137254902
			4250	-1286.76470588235
			4252.45098039216	-1289.21568627451
			4254.90196078431	-1289.21568627451
			4257.35294117647	-1291.66666666667
			4259.80392156863	-1294.11764705882
			4262.25490196078	-1294.11764705882
			4264.70588235294	-1296.56862745098
			4267.1568627451	-1296.56862745098
			4267.1568627451	-1299.01960784314
			4269.60784313726	-1299.01960784314
			4272.05882352941	-1301.47058823529
			4274.50980392157	-1301.47058823529
			4274.50980392157	-1303.92156862745
			4276.96078431373	-1303.92156862745
			4279.41176470588	-1306.37254901961
			4281.86274509804	-1308.82352941176
			4284.3137254902	-1308.82352941176
			4284.3137254902	-1311.27450980392
			4286.76470588235	-1311.27450980392
			4289.21568627451	-1313.72549019608
			4291.66666666667	-1316.17647058824
			4294.11764705882	-1318.62745098039
			4296.56862745098	-1318.62745098039
			4299.01960784314	-1321.07843137255
			4301.47058823529	-1323.52941176471
			4303.92156862745	-1325.98039215686
			4306.37254901961	-1325.98039215686
			4308.82352941176	-1328.43137254902
			4311.27450980392	-1330.88235294118
			4313.72549019608	-1330.88235294118
			4316.17647058824	-1333.33333333333
			4318.62745098039	-1335.78431372549
			4321.07843137255	-1338.23529411765
			4323.52941176471	-1340.6862745098
			4325.98039215686	-1340.6862745098
			4328.43137254902	-1343.13725490196
			4330.88235294118	-1343.13725490196
			4333.33333333333	-1345.58823529412
			4333.33333333333	-1348.03921568627
			4335.78431372549	-1348.03921568627
			4338.23529411765	-1350.49019607843
			4340.6862745098	-1350.49019607843
			4340.6862745098	-1352.94117647059
			4343.13725490196	-1355.39215686275
			4345.58823529412	-1355.39215686275
			4348.03921568627	-1357.8431372549
			4350.49019607843	-1360.29411764706
			4352.94117647059	-1362.74509803922
			4355.39215686275	-1362.74509803922
			4357.8431372549	-1365.19607843137
			4360.29411764706	-1367.64705882353
			4362.74509803922	-1367.64705882353
			4365.19607843137	-1370.09803921569
			4367.64705882353	-1372.54901960784
			4367.64705882353	-1375
			4370.09803921569	-1375
			4372.54901960784	-1377.45098039216
			4375	-1379.90196078431
			4377.45098039216	-1382.35294117647
			4379.90196078431	-1382.35294117647
			4382.35294117647	-1384.80392156863
			4384.80392156863	-1387.25490196078
			4387.25490196078	-1387.25490196078
			4389.70588235294	-1389.70588235294
			4392.1568627451	-1392.1568627451
			4394.60784313726	-1394.60784313726
			4397.05882352941	-1394.60784313726
			4399.50980392157	-1397.05882352941
			4401.96078431373	-1399.50980392157
			4404.41176470588	-1401.96078431373
			4406.86274509804	-1404.41176470588
			4409.3137254902	-1406.86274509804
			4411.76470588235	-1406.86274509804
			4411.76470588235	-1409.3137254902
			4414.21568627451	-1409.3137254902
			4416.66666666667	-1411.76470588235
			4419.11764705882	-1414.21568627451
			4421.56862745098	-1416.66666666667
			4424.01960784314	-1419.11764705882
			4426.47058823529	-1421.56862745098
			4428.92156862745	-1421.56862745098
			4431.37254901961	-1424.01960784314
			4433.82352941176	-1426.47058823529
			4436.27450980392	-1428.92156862745
			4438.72549019608	-1431.37254901961
			4441.17647058824	-1433.82352941176
			4443.62745098039	-1433.82352941176
			4446.07843137255	-1436.27450980392
			4448.52941176471	-1438.72549019608
			4450.98039215686	-1441.17647058824
			4453.43137254902	-1443.62745098039
			4455.88235294118	-1446.07843137255
			4458.33333333333	-1446.07843137255
			4460.78431372549	-1448.52941176471
			4463.23529411765	-1450.98039215686
			4465.6862745098	-1453.43137254902
			4468.13725490196	-1455.88235294118
			4470.58823529412	-1458.33333333333
			4473.03921568627	-1460.78431372549
			4475.49019607843	-1460.78431372549
			4477.94117647059	-1463.23529411765
			4480.39215686275	-1465.6862745098
			4482.8431372549	-1468.13725490196
			4485.29411764706	-1470.58823529412
			4487.74509803922	-1470.58823529412
			4487.74509803922	-1473.03921568627
			4490.19607843137	-1473.03921568627
			4492.64705882353	-1475.49019607843
			4495.09803921569	-1477.94117647059
			4497.54901960784	-1480.39215686275
			4500	-1482.8431372549
			4502.45098039216	-1482.8431372549
			4504.90196078431	-1485.29411764706
			4507.35294117647	-1487.74509803922
			4509.80392156863	-1490.19607843137
			4512.25490196078	-1492.64705882353
			4514.70588235294	-1495.09803921569
			4517.1568627451	-1495.09803921569
			4519.60784313726	-1497.54901960784
			4522.05882352941	-1500
			4522.05882352941	-1502.45098039216
			4524.50980392157	-1502.45098039216
			4526.96078431373	-1504.90196078431
			4529.41176470588	-1507.35294117647
			4531.86274509804	-1509.80392156863
			4534.3137254902	-1512.25490196078
			4536.76470588235	-1512.25490196078
			4539.21568627451	-1514.70588235294
			4541.66666666667	-1517.1568627451
			4544.11764705882	-1519.60784313726
			4544.11764705882	-1522.05882352941
			4546.56862745098	-1522.05882352941
			4549.01960784314	-1524.50980392157
			4551.47058823529	-1526.96078431373
			4553.92156862745	-1529.41176470588
			4556.37254901961	-1531.86274509804
			4558.82352941176	-1531.86274509804
			4561.27450980392	-1534.3137254902
			4563.72549019608	-1536.76470588235
			4566.17647058824	-1539.21568627451
			4568.62745098039	-1541.66666666667
			4571.07843137255	-1544.11764705882
			4573.52941176471	-1544.11764705882
			4573.52941176471	-1546.56862745098
			4575.98039215686	-1549.01960784314
			4578.43137254902	-1551.47058823529
			4580.88235294118	-1553.92156862745
			4583.33333333333	-1553.92156862745
			4585.78431372549	-1556.37254901961
			4588.23529411765	-1558.82352941176
			4590.6862745098	-1561.27450980392
			4593.13725490196	-1563.72549019608
			4595.58823529412	-1566.17647058824
			4598.03921568627	-1568.62745098039
			4600.49019607843	-1568.62745098039
			4602.94117647059	-1571.07843137255
			4605.39215686275	-1573.52941176471
			4605.39215686275	-1575.98039215686
			4607.8431372549	-1578.43137254902
			4610.29411764706	-1580.88235294118
			4612.74509803922	-1580.88235294118
			4615.19607843137	-1583.33333333333
			4617.64705882353	-1585.78431372549
			4620.09803921569	-1588.23529411765
			4622.54901960784	-1590.6862745098
			4625	-1593.13725490196
			4627.45098039216	-1595.58823529412
			4629.90196078431	-1598.03921568627
			4632.35294117647	-1598.03921568627
			4634.80392156863	-1600.49019607843
			4637.25490196078	-1602.94117647059
			4639.70588235294	-1605.39215686275
			4642.1568627451	-1607.8431372549
			4644.60784313726	-1610.29411764706
			4647.05882352941	-1612.74509803922
			4649.50980392157	-1615.19607843137
			4651.96078431373	-1617.64705882353
			4654.41176470588	-1620.09803921569
			4656.86274509804	-1622.54901960784
			4659.3137254902	-1622.54901960784
			4659.3137254902	-1625
			4661.76470588235	-1627.45098039216
			4664.21568627451	-1627.45098039216
			4664.21568627451	-1629.90196078431
			4666.66666666667	-1629.90196078431
			4669.11764705882	-1632.35294117647
			4669.11764705882	-1634.80392156863
			4671.56862745098	-1634.80392156863
			4674.01960784314	-1637.25490196078
			4674.01960784314	-1639.70588235294
			4676.47058823529	-1639.70588235294
			4678.92156862745	-1642.1568627451
			4681.37254901961	-1644.60784313726
			4683.82352941176	-1647.05882352941
			4686.27450980392	-1649.50980392157
			4688.72549019608	-1651.96078431373
			4691.17647058824	-1654.41176470588
			4693.62745098039	-1656.86274509804
			4696.07843137255	-1656.86274509804
			4698.52941176471	-1659.3137254902
			4698.52941176471	-1661.76470588235
			4700.98039215686	-1664.21568627451
			4703.43137254902	-1666.66666666667
			4705.88235294118	-1666.66666666667
			4708.33333333333	-1669.11764705882
			4710.78431372549	-1671.56862745098
			4713.23529411765	-1674.01960784314
			4713.23529411765	-1676.47058823529
			4715.6862745098	-1678.92156862745
			4718.13725490196	-1678.92156862745
			4720.58823529412	-1681.37254901961
			4723.03921568627	-1683.82352941176
			4725.49019607843	-1686.27450980392
			4725.49019607843	-1688.72549019608
			4727.94117647059	-1688.72549019608
			4730.39215686275	-1691.17647058824
			4732.8431372549	-1693.62745098039
			4735.29411764706	-1696.07843137255
			4737.74509803922	-1698.52941176471
			4740.19607843137	-1698.52941176471
			4740.19607843137	-1700.98039215686
			4742.64705882353	-1703.43137254902
			4745.09803921569	-1705.88235294118
			4747.54901960784	-1708.33333333333
			4750	-1710.78431372549
			4752.45098039216	-1710.78431372549
			4754.90196078431	-1713.23529411765
			4757.35294117647	-1715.6862745098
			4757.35294117647	-1718.13725490196
			4759.80392156863	-1720.58823529412
			4762.25490196078	-1723.03921568627
			4764.70588235294	-1723.03921568627
			4767.1568627451	-1725.49019607843
			4769.60784313726	-1727.94117647059
			4772.05882352941	-1730.39215686275
			4772.05882352941	-1732.8431372549
			4774.50980392157	-1735.29411764706
			4776.96078431373	-1737.74509803922
			4779.41176470588	-1737.74509803922
			4781.86274509804	-1740.19607843137
			4784.3137254902	-1742.64705882353
			4786.76470588235	-1745.09803921569
			4789.21568627451	-1747.54901960784
			4789.21568627451	-1750
			4791.66666666667	-1752.45098039216
			4794.11764705882	-1752.45098039216
			4796.56862745098	-1754.90196078431
			4799.01960784314	-1757.35294117647
			4801.47058823529	-1759.80392156863
			4803.92156862745	-1762.25490196078
			4806.37254901961	-1764.70588235294
			4806.37254901961	-1767.1568627451
			4808.82352941176	-1767.1568627451
			4811.27450980392	-1769.60784313726
			4813.72549019608	-1772.05882352941
			4816.17647058824	-1774.50980392157
			4818.62745098039	-1776.96078431373
			4821.07843137255	-1779.41176470588
			4823.52941176471	-1781.86274509804
			4825.98039215686	-1784.3137254902
			4828.43137254902	-1786.76470588235
			4830.88235294118	-1789.21568627451
		</C1>
		<C2 type=matrix rownames=FALSE colnames=FALSE nrow=205 ncol=2 as.numeric=TRUE >
			3882.35294117647	-2622.54901960784
			3884.80392156863	-2625
			3884.80392156863	-2627.45098039216
			3887.25490196078	-2629.90196078431
			3887.25490196078	-2632.35294117647
			3887.25490196078	-2634.80392156863
			3889.70588235294	-2637.25490196078
			3889.70588235294	-2639.70588235294
			3892.1568627451	-2642.1568627451
			3892.1568627451	-2644.60784313726
			3892.1568627451	-2647.05882352941
			3894.60784313726	-2649.50980392157
			3894.60784313726	-2651.96078431373
			3894.60784313726	-2654.41176470588
			3897.05882352941	-2656.86274509804
			3897.05882352941	-2659.3137254902
			3899.50980392157	-2661.76470588235
			3899.50980392157	-2664.21568627451
			3899.50980392157	-2666.66666666667
			3899.50980392157	-2669.11764705882
			3899.50980392157	-2671.56862745098
			3901.96078431373	-2674.01960784314
			3901.96078431373	-2676.47058823529
			3901.96078431373	-2678.92156862745
			3901.96078431373	-2681.37254901961
			3901.96078431373	-2683.82352941176
			3901.96078431373	-2686.27450980392
			3901.96078431373	-2688.72549019608
			3901.96078431373	-2691.17647058824
			3901.96078431373	-2693.62745098039
			3901.96078431373	-2696.07843137255
			3899.50980392157	-2698.52941176471
			3899.50980392157	-2700.98039215686
			3897.05882352941	-2703.43137254902
			3894.60784313726	-2705.88235294118
			3892.1568627451	-2705.88235294118
			3889.70588235294	-2708.33333333333
			3887.25490196078	-2708.33333333333
			3884.80392156863	-2708.33333333333
			3882.35294117647	-2710.78431372549
			3879.90196078431	-2710.78431372549
			3877.45098039216	-2710.78431372549
			3875	-2710.78431372549
			3872.54901960784	-2710.78431372549
			3870.09803921569	-2710.78431372549
			3867.64705882353	-2710.78431372549
			3865.19607843137	-2708.33333333333
			3862.74509803922	-2708.33333333333
			3860.29411764706	-2710.78431372549
			3857.8431372549	-2713.23529411765
			3857.8431372549	-2715.6862745098
			3857.8431372549	-2718.13725490196
			3855.39215686275	-2720.58823529412
			3855.39215686275	-2723.03921568627
			3852.94117647059	-2725.49019607843
			3852.94117647059	-2727.94117647059
			3850.49019607843	-2730.39215686275
			3850.49019607843	-2732.8431372549
			3848.03921568627	-2735.29411764706
			3845.58823529412	-2737.74509803922
			3845.58823529412	-2740.19607843137
			3843.13725490196	-2742.64705882353
			3840.6862745098	-2745.09803921569
			3838.23529411765	-2747.54901960784
			3835.78431372549	-2750
			3833.33333333333	-2752.45098039216
			3830.88235294118	-2752.45098039216
			3828.43137254902	-2754.90196078431
			3825.98039215686	-2754.90196078431
			3823.52941176471	-2757.35294117647
			3821.07843137255	-2757.35294117647
			3818.62745098039	-2759.80392156863
			3816.17647058824	-2759.80392156863
			3813.72549019608	-2759.80392156863
			3811.27450980392	-2759.80392156863
			3808.82352941176	-2762.25490196078
			3806.37254901961	-2762.25490196078
			3803.92156862745	-2762.25490196078
			3801.47058823529	-2762.25490196078
			3799.01960784314	-2762.25490196078
			3796.56862745098	-2762.25490196078
			3794.11764705882	-2762.25490196078
			3791.66666666667	-2762.25490196078
			3789.21568627451	-2759.80392156863
			3786.76470588235	-2759.80392156863
			3784.3137254902	-2759.80392156863
			3781.86274509804	-2759.80392156863
			3779.41176470588	-2759.80392156863
			3776.96078431373	-2757.35294117647
			3774.50980392157	-2757.35294117647
			3772.05882352941	-2757.35294117647
			3769.60784313726	-2757.35294117647
			3767.1568627451	-2754.90196078431
			3764.70588235294	-2754.90196078431
			3762.25490196078	-2752.45098039216
			3759.80392156863	-2752.45098039216
			3757.35294117647	-2752.45098039216
			3754.90196078431	-2750
			3752.45098039216	-2750
			3750	-2747.54901960784
			3747.54901960784	-2747.54901960784
			3745.09803921569	-2745.09803921569
			3742.64705882353	-2745.09803921569
			3740.19607843137	-2742.64705882353
			3737.74509803922	-2742.64705882353
			3735.29411764706	-2740.19607843137
			3732.8431372549	-2737.74509803922
			3730.39215686275	-2737.74509803922
			3727.94117647059	-2735.29411764706
			3725.49019607843	-2735.29411764706
			3723.03921568627	-2732.8431372549
			3720.58823529412	-2732.8431372549
			3720.58823529412	-2730.39215686275
			3718.13725490196	-2727.94117647059
			3715.6862745098	-2727.94117647059
			3713.23529411765	-2725.49019607843
			3713.23529411765	-2723.03921568627
			3710.78431372549	-2723.03921568627
			3708.33333333333	-2720.58823529412
			3705.88235294118	-2718.13725490196
			3703.43137254902	-2715.6862745098
			3700.98039215686	-2713.23529411765
			3698.52941176471	-2710.78431372549
			3698.52941176471	-2708.33333333333
			3696.07843137255	-2705.88235294118
			3696.07843137255	-2703.43137254902
			3693.62745098039	-2700.98039215686
			3691.17647058824	-2698.52941176471
			3691.17647058824	-2696.07843137255
			3688.72549019608	-2693.62745098039
			3688.72549019608	-2691.17647058824
			3686.27450980392	-2688.72549019608
			3686.27450980392	-2686.27450980392
			3686.27450980392	-2683.82352941176
			3686.27450980392	-2681.37254901961
			3683.82352941176	-2678.92156862745
			3683.82352941176	-2676.47058823529
			3683.82352941176	-2674.01960784314
			3683.82352941176	-2671.56862745098
			3683.82352941176	-2669.11764705882
			3683.82352941176	-2666.66666666667
			3681.37254901961	-2664.21568627451
			3681.37254901961	-2661.76470588235
			3681.37254901961	-2659.3137254902
			3681.37254901961	-2656.86274509804
			3681.37254901961	-2654.41176470588
			3683.82352941176	-2651.96078431373
			3683.82352941176	-2649.50980392157
			3683.82352941176	-2647.05882352941
			3683.82352941176	-2644.60784313726
			3683.82352941176	-2642.1568627451
			3683.82352941176	-2639.70588235294
			3683.82352941176	-2637.25490196078
			3686.27450980392	-2634.80392156863
			3686.27450980392	-2632.35294117647
			3686.27450980392	-2629.90196078431
			3686.27450980392	-2627.45098039216
			3688.72549019608	-2625
			3688.72549019608	-2622.54901960784
			3688.72549019608	-2620.09803921569
			3691.17647058824	-2617.64705882353
			3691.17647058824	-2615.19607843137
			3693.62745098039	-2612.74509803922
			3693.62745098039	-2610.29411764706
			3693.62745098039	-2607.8431372549
			3696.07843137255	-2605.39215686275
			3696.07843137255	-2602.94117647059
			3698.52941176471	-2600.49019607843
			3698.52941176471	-2598.03921568627
			3700.98039215686	-2595.58823529412
			3700.98039215686	-2593.13725490196
			3703.43137254902	-2590.6862745098
			3703.43137254902	-2588.23529411765
			3705.88235294118	-2585.78431372549
			3705.88235294118	-2583.33333333333
			3708.33333333333	-2580.88235294118
			3708.33333333333	-2578.43137254902
			3710.78431372549	-2575.98039215686
			3713.23529411765	-2573.52941176471
			3713.23529411765	-2571.07843137255
			3715.6862745098	-2568.62745098039
			3715.6862745098	-2566.17647058824
			3718.13725490196	-2566.17647058824
			3718.13725490196	-2563.72549019608
			3720.58823529412	-2561.27450980392
			3720.58823529412	-2558.82352941176
			3723.03921568627	-2556.37254901961
			3725.49019607843	-2553.92156862745
			3727.94117647059	-2551.47058823529
			3727.94117647059	-2549.01960784314
			3730.39215686275	-2546.56862745098
			3732.8431372549	-2544.11764705882
			3735.29411764706	-2541.66666666667
			3735.29411764706	-2539.21568627451
			3737.74509803922	-2536.76470588235
			3740.19607843137	-2534.3137254902
			3742.64705882353	-2531.86274509804
			3745.09803921569	-2529.41176470588
			3745.09803921569	-2526.96078431373
			3747.54901960784	-2524.50980392157
			3750	-2522.05882352941
			3752.45098039216	-2519.60784313726
			3752.45098039216	-2517.1568627451
			3754.90196078431	-2514.70588235294
			3757.35294117647	-2512.25490196078
		</C2>
	</curves.scaled>
	<ruler.points type=matrix rownames=TRUE colnames=FALSE nrow=2 ncol=2 as.numeric=TRUE >
		Ruler point 1	3	1877
		Ruler point 2	105	1877
	</ruler.points>
</shapes>

