<shapes type=list>
	<ruler.pixel type=vector names=FALSE length=1 as.numeric=TRUE >102</ruler.pixel>
	<ruler.interval type=vector names=FALSE length=1 as.numeric=TRUE >250</ruler.interval>
	<scaling.units type=vector names=FALSE length=1 as.numeric=FALSE >nm</scaling.units>
	<scaling type=vector names=FALSE length=1 as.numeric=TRUE >2.45098039215686</scaling>
	<landmarks.pixel type=matrix rownames=TRUE colnames=FALSE nrow=10 ncol=2 as.numeric=TRUE >
		1-Pore1R	1334	526
		2-Pore1L	1252	528
		3-Pore2T	728	710
		4-Pore2B	744	802
		5-Pore3T	862	1138
		6-Pore3B	941	1197
		7-Pore4L	1747	1246
		8-Pore4R	1908	1238
		9-Anchor	2052	1228
		10-Tip	2026	674
	</landmarks.pixel>
	<landmarks.scaled type=matrix rownames=TRUE colnames=FALSE nrow=10 ncol=2 as.numeric=TRUE >
		1-Pore1R	3269.60784313726	-1289.21568627451
		2-Pore1L	3068.62745098039	-1294.11764705882
		3-Pore2T	1784.3137254902	-1740.19607843137
		4-Pore2B	1823.52941176471	-1965.6862745098
		5-Pore3T	2112.74509803922	-2789.21568627451
		6-Pore3B	2306.37254901961	-2933.82352941176
		7-Pore4L	4281.86274509804	-3053.92156862745
		8-Pore4R	4676.47058823529	-3034.3137254902
		9-Anchor	5029.41176470588	-3009.80392156863
		10-Tip	4965.6862745098	-1651.96078431373
	</landmarks.scaled>
	<curves.control type=list>
		<C1 type=matrix rownames=FALSE colnames=FALSE nrow=7 ncol=2 as.numeric=TRUE >
			2052	1228
			2022	1093
			2011	928
			1999	844
			1930	808
			1842	708
			2026	674
		</C1>
	</curves.control>
	<curves.pixel type=list>
		<C1 type=matrix rownames=FALSE colnames=FALSE nrow=661 ncol=2 as.numeric=TRUE >
			2052	1228
			2052	1227
			2051	1226
			2051	1225
			2051	1224
			2051	1223
			2051	1222
			2050	1221
			2050	1220
			2050	1219
			2050	1218
			2050	1217
			2049	1216
			2049	1215
			2049	1214
			2049	1213
			2048	1212
			2048	1211
			2048	1210
			2048	1209
			2048	1208
			2048	1207
			2047	1207
			2047	1206
			2047	1205
			2047	1204
			2047	1203
			2046	1202
			2046	1201
			2046	1200
			2046	1199
			2046	1198
			2045	1197
			2045	1196
			2045	1195
			2045	1194
			2045	1193
			2044	1192
			2044	1191
			2044	1190
			2044	1189
			2044	1188
			2043	1187
			2043	1186
			2043	1185
			2043	1184
			2043	1183
			2042	1182
			2042	1181
			2042	1180
			2042	1179
			2042	1178
			2041	1177
			2041	1176
			2041	1175
			2041	1174
			2041	1173
			2041	1172
			2040	1171
			2040	1170
			2040	1169
			2040	1168
			2040	1167
			2040	1166
			2039	1165
			2039	1164
			2039	1163
			2039	1162
			2039	1161
			2038	1160
			2038	1159
			2038	1158
			2038	1157
			2038	1156
			2038	1155
			2037	1154
			2037	1153
			2037	1152
			2037	1151
			2037	1150
			2037	1149
			2036	1148
			2036	1147
			2036	1146
			2036	1145
			2036	1144
			2036	1143
			2035	1143
			2035	1142
			2035	1141
			2035	1140
			2035	1139
			2035	1138
			2034	1137
			2034	1136
			2034	1135
			2034	1134
			2034	1133
			2034	1132
			2033	1131
			2033	1130
			2033	1129
			2033	1128
			2033	1127
			2033	1126
			2032	1125
			2032	1124
			2032	1123
			2032	1122
			2032	1121
			2032	1120
			2032	1119
			2031	1118
			2031	1117
			2031	1116
			2031	1115
			2031	1114
			2031	1113
			2031	1112
			2030	1111
			2030	1110
			2030	1109
			2030	1108
			2030	1107
			2030	1106
			2029	1105
			2029	1104
			2029	1103
			2029	1102
			2029	1101
			2029	1100
			2029	1099
			2029	1098
			2028	1097
			2028	1096
			2028	1095
			2028	1094
			2028	1093
			2028	1092
			2028	1091
			2027	1091
			2027	1090
			2027	1089
			2027	1088
			2027	1087
			2027	1086
			2027	1085
			2027	1084
			2026	1083
			2026	1082
			2026	1081
			2026	1080
			2026	1079
			2026	1078
			2026	1077
			2026	1076
			2025	1076
			2025	1075
			2025	1074
			2025	1073
			2025	1072
			2025	1071
			2025	1070
			2025	1069
			2024	1068
			2024	1067
			2024	1066
			2024	1065
			2024	1064
			2024	1063
			2024	1062
			2024	1061
			2023	1060
			2023	1059
			2023	1058
			2023	1057
			2023	1056
			2023	1055
			2023	1054
			2023	1053
			2023	1052
			2022	1052
			2022	1051
			2022	1050
			2022	1049
			2022	1048
			2022	1047
			2022	1046
			2022	1045
			2021	1044
			2021	1043
			2021	1042
			2021	1041
			2021	1040
			2021	1039
			2021	1038
			2021	1037
			2021	1036
			2020	1035
			2020	1034
			2020	1033
			2020	1032
			2020	1031
			2020	1030
			2020	1029
			2020	1028
			2020	1027
			2019	1026
			2019	1025
			2019	1024
			2019	1023
			2019	1022
			2019	1021
			2019	1020
			2019	1019
			2019	1018
			2019	1017
			2018	1016
			2018	1015
			2018	1014
			2018	1013
			2018	1012
			2018	1011
			2018	1010
			2018	1009
			2018	1008
			2018	1007
			2017	1006
			2017	1005
			2017	1004
			2017	1003
			2017	1002
			2017	1001
			2017	1000
			2017	999
			2017	998
			2017	997
			2016	996
			2016	995
			2016	994
			2016	993
			2016	992
			2016	991
			2016	990
			2016	989
			2016	988
			2016	987
			2016	986
			2015	985
			2015	984
			2015	983
			2015	982
			2015	981
			2015	980
			2015	979
			2015	978
			2015	977
			2015	976
			2015	975
			2014	974
			2014	973
			2014	972
			2014	971
			2014	970
			2014	969
			2014	968
			2014	967
			2014	966
			2014	965
			2014	964
			2014	963
			2014	962
			2013	961
			2013	960
			2013	959
			2013	958
			2013	957
			2013	956
			2013	955
			2013	954
			2013	953
			2013	952
			2013	951
			2013	950
			2012	949
			2012	948
			2012	947
			2012	946
			2012	945
			2012	944
			2012	943
			2012	942
			2012	941
			2012	940
			2012	939
			2012	938
			2012	937
			2012	936
			2011	935
			2011	934
			2011	933
			2011	932
			2011	931
			2011	930
			2011	929
			2011	928
			2011	927
			2011	926
			2011	925
			2010	924
			2010	923
			2010	922
			2010	921
			2010	920
			2010	919
			2009	918
			2009	917
			2009	916
			2009	915
			2009	914
			2008	914
			2008	913
			2008	912
			2008	911
			2008	910
			2008	909
			2007	909
			2007	908
			2007	907
			2007	906
			2006	905
			2006	904
			2006	903
			2006	902
			2005	901
			2005	900
			2005	899
			2004	898
			2004	897
			2004	896
			2004	895
			2003	895
			2003	894
			2003	893
			2002	892
			2002	891
			2002	890
			2001	889
			2001	888
			2001	887
			2000	886
			2000	885
			1999	884
			1999	883
			1999	882
			1998	881
			1998	880
			1997	879
			1997	878
			1996	877
			1996	876
			1996	875
			1995	875
			1995	874
			1995	873
			1994	873
			1994	872
			1994	871
			1993	871
			1993	870
			1993	869
			1992	868
			1992	867
			1991	866
			1990	865
			1990	864
			1989	863
			1988	862
			1988	861
			1987	860
			1987	859
			1986	858
			1985	857
			1985	856
			1984	855
			1984	854
			1983	853
			1982	852
			1981	851
			1980	850
			1979	849
			1979	848
			1978	847
			1977	846
			1976	845
			1976	844
			1975	844
			1975	843
			1974	842
			1973	841
			1972	840
			1971	839
			1970	838
			1969	837
			1968	836
			1967	835
			1967	834
			1966	834
			1965	833
			1964	832
			1963	831
			1962	830
			1961	829
			1960	828
			1959	827
			1958	827
			1957	826
			1956	825
			1955	824
			1954	823
			1953	822
			1952	822
			1952	821
			1951	821
			1950	820
			1949	819
			1948	819
			1947	818
			1946	818
			1945	817
			1944	816
			1943	815
			1942	815
			1941	814
			1940	813
			1939	813
			1938	813
			1938	812
			1937	812
			1936	811
			1935	811
			1934	810
			1933	810
			1932	809
			1931	809
			1930	808
			1930	807
			1929	807
			1928	806
			1928	805
			1927	805
			1927	804
			1926	803
			1925	803
			1925	802
			1924	801
			1924	800
			1923	800
			1923	799
			1922	798
			1921	797
			1920	796
			1919	795
			1919	794
			1918	793
			1918	792
			1917	792
			1917	791
			1916	790
			1915	789
			1915	788
			1914	788
			1914	787
			1913	786
			1913	785
			1912	784
			1912	783
			1911	782
			1911	781
			1910	780
			1910	779
			1909	778
			1909	777
			1908	776
			1907	775
			1907	774
			1907	773
			1906	772
			1906	771
			1905	770
			1905	769
			1905	768
			1905	767
			1904	767
			1904	766
			1904	765
			1904	764
			1903	764
			1903	763
			1903	762
			1903	761
			1903	760
			1902	759
			1902	758
			1902	757
			1902	756
			1902	755
			1902	754
			1902	753
			1902	752
			1902	751
			1902	750
			1902	749
			1902	748
			1902	747
			1902	746
			1902	745
			1902	744
			1902	743
			1902	742
			1903	741
			1903	740
			1903	739
			1903	738
			1904	737
			1904	736
			1904	735
			1905	734
			1905	733
			1906	732
			1906	731
			1906	730
			1907	730
			1907	729
			1908	728
			1908	727
			1909	726
			1910	725
			1910	724
			1911	723
			1912	722
			1913	721
			1914	720
			1915	719
			1916	718
			1916	717
			1917	716
			1918	715
			1919	715
			1920	714
			1921	713
			1922	712
			1923	711
			1924	711
			1925	710
			1926	709
			1927	708
			1928	707
			1929	707
			1930	706
			1931	705
			1932	705
			1933	705
			1933	704
			1934	704
			1935	703
			1936	703
			1936	702
			1937	702
			1938	701
			1939	701
			1940	701
			1940	700
			1941	700
			1942	699
			1943	699
			1944	699
			1944	698
			1945	698
			1946	697
			1947	697
			1948	696
			1949	696
			1950	696
			1951	695
			1952	695
			1953	694
			1954	694
			1955	693
			1956	693
			1957	693
			1958	692
			1959	692
			1960	692
			1961	691
			1962	691
			1963	690
			1964	690
			1965	690
			1966	689
			1967	689
			1968	688
			1969	688
			1970	688
			1971	688
			1972	687
			1973	687
			1974	687
			1975	686
			1976	686
			1977	686
			1978	685
			1979	685
			1980	685
			1981	684
			1982	684
			1983	684
			1984	684
			1985	683
			1986	683
			1987	683
			1988	682
			1989	682
			1990	682
			1991	682
			1992	681
			1993	681
			1994	681
			1995	681
			1996	680
			1997	680
			1998	680
			1999	680
			2000	679
			2001	679
			2002	679
			2003	679
			2004	678
			2005	678
			2006	678
			2007	678
			2008	678
			2009	677
			2010	677
			2011	677
			2012	677
			2013	677
			2013	676
			2014	676
			2015	676
			2016	676
			2017	676
			2018	676
			2019	675
			2020	675
			2021	675
			2022	675
			2023	675
			2024	674
			2025	674
			2026	674
		</C1>
	</curves.pixel>
	<curves.scaled type=list>
		<C1 type=matrix rownames=FALSE colnames=FALSE nrow=661 ncol=2 as.numeric=TRUE >
			5029.41176470588	-3009.80392156863
			5029.41176470588	-3007.35294117647
			5026.96078431373	-3004.90196078431
			5026.96078431373	-3002.45098039216
			5026.96078431373	-3000
			5026.96078431373	-2997.54901960784
			5026.96078431373	-2995.09803921569
			5024.50980392157	-2992.64705882353
			5024.50980392157	-2990.19607843137
			5024.50980392157	-2987.74509803922
			5024.50980392157	-2985.29411764706
			5024.50980392157	-2982.8431372549
			5022.05882352941	-2980.39215686275
			5022.05882352941	-2977.94117647059
			5022.05882352941	-2975.49019607843
			5022.05882352941	-2973.03921568627
			5019.60784313726	-2970.58823529412
			5019.60784313726	-2968.13725490196
			5019.60784313726	-2965.6862745098
			5019.60784313726	-2963.23529411765
			5019.60784313726	-2960.78431372549
			5019.60784313726	-2958.33333333333
			5017.1568627451	-2958.33333333333
			5017.1568627451	-2955.88235294118
			5017.1568627451	-2953.43137254902
			5017.1568627451	-2950.98039215686
			5017.1568627451	-2948.52941176471
			5014.70588235294	-2946.07843137255
			5014.70588235294	-2943.62745098039
			5014.70588235294	-2941.17647058824
			5014.70588235294	-2938.72549019608
			5014.70588235294	-2936.27450980392
			5012.25490196078	-2933.82352941176
			5012.25490196078	-2931.37254901961
			5012.25490196078	-2928.92156862745
			5012.25490196078	-2926.47058823529
			5012.25490196078	-2924.01960784314
			5009.80392156863	-2921.56862745098
			5009.80392156863	-2919.11764705882
			5009.80392156863	-2916.66666666667
			5009.80392156863	-2914.21568627451
			5009.80392156863	-2911.76470588235
			5007.35294117647	-2909.3137254902
			5007.35294117647	-2906.86274509804
			5007.35294117647	-2904.41176470588
			5007.35294117647	-2901.96078431373
			5007.35294117647	-2899.50980392157
			5004.90196078431	-2897.05882352941
			5004.90196078431	-2894.60784313726
			5004.90196078431	-2892.1568627451
			5004.90196078431	-2889.70588235294
			5004.90196078431	-2887.25490196078
			5002.45098039216	-2884.80392156863
			5002.45098039216	-2882.35294117647
			5002.45098039216	-2879.90196078431
			5002.45098039216	-2877.45098039216
			5002.45098039216	-2875
			5002.45098039216	-2872.54901960784
			5000	-2870.09803921569
			5000	-2867.64705882353
			5000	-2865.19607843137
			5000	-2862.74509803922
			5000	-2860.29411764706
			5000	-2857.8431372549
			4997.54901960784	-2855.39215686275
			4997.54901960784	-2852.94117647059
			4997.54901960784	-2850.49019607843
			4997.54901960784	-2848.03921568627
			4997.54901960784	-2845.58823529412
			4995.09803921569	-2843.13725490196
			4995.09803921569	-2840.6862745098
			4995.09803921569	-2838.23529411765
			4995.09803921569	-2835.78431372549
			4995.09803921569	-2833.33333333333
			4995.09803921569	-2830.88235294118
			4992.64705882353	-2828.43137254902
			4992.64705882353	-2825.98039215686
			4992.64705882353	-2823.52941176471
			4992.64705882353	-2821.07843137255
			4992.64705882353	-2818.62745098039
			4992.64705882353	-2816.17647058824
			4990.19607843137	-2813.72549019608
			4990.19607843137	-2811.27450980392
			4990.19607843137	-2808.82352941176
			4990.19607843137	-2806.37254901961
			4990.19607843137	-2803.92156862745
			4990.19607843137	-2801.47058823529
			4987.74509803922	-2801.47058823529
			4987.74509803922	-2799.01960784314
			4987.74509803922	-2796.56862745098
			4987.74509803922	-2794.11764705882
			4987.74509803922	-2791.66666666667
			4987.74509803922	-2789.21568627451
			4985.29411764706	-2786.76470588235
			4985.29411764706	-2784.3137254902
			4985.29411764706	-2781.86274509804
			4985.29411764706	-2779.41176470588
			4985.29411764706	-2776.96078431373
			4985.29411764706	-2774.50980392157
			4982.8431372549	-2772.05882352941
			4982.8431372549	-2769.60784313726
			4982.8431372549	-2767.1568627451
			4982.8431372549	-2764.70588235294
			4982.8431372549	-2762.25490196078
			4982.8431372549	-2759.80392156863
			4980.39215686275	-2757.35294117647
			4980.39215686275	-2754.90196078431
			4980.39215686275	-2752.45098039216
			4980.39215686275	-2750
			4980.39215686275	-2747.54901960784
			4980.39215686275	-2745.09803921569
			4980.39215686275	-2742.64705882353
			4977.94117647059	-2740.19607843137
			4977.94117647059	-2737.74509803922
			4977.94117647059	-2735.29411764706
			4977.94117647059	-2732.8431372549
			4977.94117647059	-2730.39215686275
			4977.94117647059	-2727.94117647059
			4977.94117647059	-2725.49019607843
			4975.49019607843	-2723.03921568627
			4975.49019607843	-2720.58823529412
			4975.49019607843	-2718.13725490196
			4975.49019607843	-2715.6862745098
			4975.49019607843	-2713.23529411765
			4975.49019607843	-2710.78431372549
			4973.03921568627	-2708.33333333333
			4973.03921568627	-2705.88235294118
			4973.03921568627	-2703.43137254902
			4973.03921568627	-2700.98039215686
			4973.03921568627	-2698.52941176471
			4973.03921568627	-2696.07843137255
			4973.03921568627	-2693.62745098039
			4973.03921568627	-2691.17647058824
			4970.58823529412	-2688.72549019608
			4970.58823529412	-2686.27450980392
			4970.58823529412	-2683.82352941176
			4970.58823529412	-2681.37254901961
			4970.58823529412	-2678.92156862745
			4970.58823529412	-2676.47058823529
			4970.58823529412	-2674.01960784314
			4968.13725490196	-2674.01960784314
			4968.13725490196	-2671.56862745098
			4968.13725490196	-2669.11764705882
			4968.13725490196	-2666.66666666667
			4968.13725490196	-2664.21568627451
			4968.13725490196	-2661.76470588235
			4968.13725490196	-2659.3137254902
			4968.13725490196	-2656.86274509804
			4965.6862745098	-2654.41176470588
			4965.6862745098	-2651.96078431373
			4965.6862745098	-2649.50980392157
			4965.6862745098	-2647.05882352941
			4965.6862745098	-2644.60784313726
			4965.6862745098	-2642.1568627451
			4965.6862745098	-2639.70588235294
			4965.6862745098	-2637.25490196078
			4963.23529411765	-2637.25490196078
			4963.23529411765	-2634.80392156863
			4963.23529411765	-2632.35294117647
			4963.23529411765	-2629.90196078431
			4963.23529411765	-2627.45098039216
			4963.23529411765	-2625
			4963.23529411765	-2622.54901960784
			4963.23529411765	-2620.09803921569
			4960.78431372549	-2617.64705882353
			4960.78431372549	-2615.19607843137
			4960.78431372549	-2612.74509803922
			4960.78431372549	-2610.29411764706
			4960.78431372549	-2607.8431372549
			4960.78431372549	-2605.39215686275
			4960.78431372549	-2602.94117647059
			4960.78431372549	-2600.49019607843
			4958.33333333333	-2598.03921568627
			4958.33333333333	-2595.58823529412
			4958.33333333333	-2593.13725490196
			4958.33333333333	-2590.6862745098
			4958.33333333333	-2588.23529411765
			4958.33333333333	-2585.78431372549
			4958.33333333333	-2583.33333333333
			4958.33333333333	-2580.88235294118
			4958.33333333333	-2578.43137254902
			4955.88235294118	-2578.43137254902
			4955.88235294118	-2575.98039215686
			4955.88235294118	-2573.52941176471
			4955.88235294118	-2571.07843137255
			4955.88235294118	-2568.62745098039
			4955.88235294118	-2566.17647058824
			4955.88235294118	-2563.72549019608
			4955.88235294118	-2561.27450980392
			4953.43137254902	-2558.82352941176
			4953.43137254902	-2556.37254901961
			4953.43137254902	-2553.92156862745
			4953.43137254902	-2551.47058823529
			4953.43137254902	-2549.01960784314
			4953.43137254902	-2546.56862745098
			4953.43137254902	-2544.11764705882
			4953.43137254902	-2541.66666666667
			4953.43137254902	-2539.21568627451
			4950.98039215686	-2536.76470588235
			4950.98039215686	-2534.3137254902
			4950.98039215686	-2531.86274509804
			4950.98039215686	-2529.41176470588
			4950.98039215686	-2526.96078431373
			4950.98039215686	-2524.50980392157
			4950.98039215686	-2522.05882352941
			4950.98039215686	-2519.60784313726
			4950.98039215686	-2517.1568627451
			4948.52941176471	-2514.70588235294
			4948.52941176471	-2512.25490196078
			4948.52941176471	-2509.80392156863
			4948.52941176471	-2507.35294117647
			4948.52941176471	-2504.90196078431
			4948.52941176471	-2502.45098039216
			4948.52941176471	-2500
			4948.52941176471	-2497.54901960784
			4948.52941176471	-2495.09803921569
			4948.52941176471	-2492.64705882353
			4946.07843137255	-2490.19607843137
			4946.07843137255	-2487.74509803922
			4946.07843137255	-2485.29411764706
			4946.07843137255	-2482.8431372549
			4946.07843137255	-2480.39215686275
			4946.07843137255	-2477.94117647059
			4946.07843137255	-2475.49019607843
			4946.07843137255	-2473.03921568627
			4946.07843137255	-2470.58823529412
			4946.07843137255	-2468.13725490196
			4943.62745098039	-2465.6862745098
			4943.62745098039	-2463.23529411765
			4943.62745098039	-2460.78431372549
			4943.62745098039	-2458.33333333333
			4943.62745098039	-2455.88235294118
			4943.62745098039	-2453.43137254902
			4943.62745098039	-2450.98039215686
			4943.62745098039	-2448.52941176471
			4943.62745098039	-2446.07843137255
			4943.62745098039	-2443.62745098039
			4941.17647058824	-2441.17647058824
			4941.17647058824	-2438.72549019608
			4941.17647058824	-2436.27450980392
			4941.17647058824	-2433.82352941176
			4941.17647058824	-2431.37254901961
			4941.17647058824	-2428.92156862745
			4941.17647058824	-2426.47058823529
			4941.17647058824	-2424.01960784314
			4941.17647058824	-2421.56862745098
			4941.17647058824	-2419.11764705882
			4941.17647058824	-2416.66666666667
			4938.72549019608	-2414.21568627451
			4938.72549019608	-2411.76470588235
			4938.72549019608	-2409.3137254902
			4938.72549019608	-2406.86274509804
			4938.72549019608	-2404.41176470588
			4938.72549019608	-2401.96078431373
			4938.72549019608	-2399.50980392157
			4938.72549019608	-2397.05882352941
			4938.72549019608	-2394.60784313726
			4938.72549019608	-2392.1568627451
			4938.72549019608	-2389.70588235294
			4936.27450980392	-2387.25490196078
			4936.27450980392	-2384.80392156863
			4936.27450980392	-2382.35294117647
			4936.27450980392	-2379.90196078431
			4936.27450980392	-2377.45098039216
			4936.27450980392	-2375
			4936.27450980392	-2372.54901960784
			4936.27450980392	-2370.09803921569
			4936.27450980392	-2367.64705882353
			4936.27450980392	-2365.19607843137
			4936.27450980392	-2362.74509803922
			4936.27450980392	-2360.29411764706
			4936.27450980392	-2357.8431372549
			4933.82352941176	-2355.39215686275
			4933.82352941176	-2352.94117647059
			4933.82352941176	-2350.49019607843
			4933.82352941176	-2348.03921568627
			4933.82352941176	-2345.58823529412
			4933.82352941176	-2343.13725490196
			4933.82352941176	-2340.6862745098
			4933.82352941176	-2338.23529411765
			4933.82352941176	-2335.78431372549
			4933.82352941176	-2333.33333333333
			4933.82352941176	-2330.88235294118
			4933.82352941176	-2328.43137254902
			4931.37254901961	-2325.98039215686
			4931.37254901961	-2323.52941176471
			4931.37254901961	-2321.07843137255
			4931.37254901961	-2318.62745098039
			4931.37254901961	-2316.17647058824
			4931.37254901961	-2313.72549019608
			4931.37254901961	-2311.27450980392
			4931.37254901961	-2308.82352941176
			4931.37254901961	-2306.37254901961
			4931.37254901961	-2303.92156862745
			4931.37254901961	-2301.47058823529
			4931.37254901961	-2299.01960784314
			4931.37254901961	-2296.56862745098
			4931.37254901961	-2294.11764705882
			4928.92156862745	-2291.66666666667
			4928.92156862745	-2289.21568627451
			4928.92156862745	-2286.76470588235
			4928.92156862745	-2284.3137254902
			4928.92156862745	-2281.86274509804
			4928.92156862745	-2279.41176470588
			4928.92156862745	-2276.96078431373
			4928.92156862745	-2274.50980392157
			4928.92156862745	-2272.05882352941
			4928.92156862745	-2269.60784313726
			4928.92156862745	-2267.1568627451
			4926.47058823529	-2264.70588235294
			4926.47058823529	-2262.25490196078
			4926.47058823529	-2259.80392156863
			4926.47058823529	-2257.35294117647
			4926.47058823529	-2254.90196078431
			4926.47058823529	-2252.45098039216
			4924.01960784314	-2250
			4924.01960784314	-2247.54901960784
			4924.01960784314	-2245.09803921569
			4924.01960784314	-2242.64705882353
			4924.01960784314	-2240.19607843137
			4921.56862745098	-2240.19607843137
			4921.56862745098	-2237.74509803922
			4921.56862745098	-2235.29411764706
			4921.56862745098	-2232.8431372549
			4921.56862745098	-2230.39215686275
			4921.56862745098	-2227.94117647059
			4919.11764705882	-2227.94117647059
			4919.11764705882	-2225.49019607843
			4919.11764705882	-2223.03921568627
			4919.11764705882	-2220.58823529412
			4916.66666666667	-2218.13725490196
			4916.66666666667	-2215.6862745098
			4916.66666666667	-2213.23529411765
			4916.66666666667	-2210.78431372549
			4914.21568627451	-2208.33333333333
			4914.21568627451	-2205.88235294118
			4914.21568627451	-2203.43137254902
			4911.76470588235	-2200.98039215686
			4911.76470588235	-2198.52941176471
			4911.76470588235	-2196.07843137255
			4911.76470588235	-2193.62745098039
			4909.3137254902	-2193.62745098039
			4909.3137254902	-2191.17647058824
			4909.3137254902	-2188.72549019608
			4906.86274509804	-2186.27450980392
			4906.86274509804	-2183.82352941176
			4906.86274509804	-2181.37254901961
			4904.41176470588	-2178.92156862745
			4904.41176470588	-2176.47058823529
			4904.41176470588	-2174.01960784314
			4901.96078431373	-2171.56862745098
			4901.96078431373	-2169.11764705882
			4899.50980392157	-2166.66666666667
			4899.50980392157	-2164.21568627451
			4899.50980392157	-2161.76470588235
			4897.05882352941	-2159.3137254902
			4897.05882352941	-2156.86274509804
			4894.60784313726	-2154.41176470588
			4894.60784313726	-2151.96078431373
			4892.1568627451	-2149.50980392157
			4892.1568627451	-2147.05882352941
			4892.1568627451	-2144.60784313726
			4889.70588235294	-2144.60784313726
			4889.70588235294	-2142.1568627451
			4889.70588235294	-2139.70588235294
			4887.25490196078	-2139.70588235294
			4887.25490196078	-2137.25490196078
			4887.25490196078	-2134.80392156863
			4884.80392156863	-2134.80392156863
			4884.80392156863	-2132.35294117647
			4884.80392156863	-2129.90196078431
			4882.35294117647	-2127.45098039216
			4882.35294117647	-2125
			4879.90196078431	-2122.54901960784
			4877.45098039216	-2120.09803921569
			4877.45098039216	-2117.64705882353
			4875	-2115.19607843137
			4872.54901960784	-2112.74509803922
			4872.54901960784	-2110.29411764706
			4870.09803921569	-2107.8431372549
			4870.09803921569	-2105.39215686275
			4867.64705882353	-2102.94117647059
			4865.19607843137	-2100.49019607843
			4865.19607843137	-2098.03921568627
			4862.74509803922	-2095.58823529412
			4862.74509803922	-2093.13725490196
			4860.29411764706	-2090.6862745098
			4857.8431372549	-2088.23529411765
			4855.39215686275	-2085.78431372549
			4852.94117647059	-2083.33333333333
			4850.49019607843	-2080.88235294118
			4850.49019607843	-2078.43137254902
			4848.03921568627	-2075.98039215686
			4845.58823529412	-2073.52941176471
			4843.13725490196	-2071.07843137255
			4843.13725490196	-2068.62745098039
			4840.6862745098	-2068.62745098039
			4840.6862745098	-2066.17647058824
			4838.23529411765	-2063.72549019608
			4835.78431372549	-2061.27450980392
			4833.33333333333	-2058.82352941176
			4830.88235294118	-2056.37254901961
			4828.43137254902	-2053.92156862745
			4825.98039215686	-2051.47058823529
			4823.52941176471	-2049.01960784314
			4821.07843137255	-2046.56862745098
			4821.07843137255	-2044.11764705882
			4818.62745098039	-2044.11764705882
			4816.17647058824	-2041.66666666667
			4813.72549019608	-2039.21568627451
			4811.27450980392	-2036.76470588235
			4808.82352941176	-2034.3137254902
			4806.37254901961	-2031.86274509804
			4803.92156862745	-2029.41176470588
			4801.47058823529	-2026.96078431373
			4799.01960784314	-2026.96078431373
			4796.56862745098	-2024.50980392157
			4794.11764705882	-2022.05882352941
			4791.66666666667	-2019.60784313726
			4789.21568627451	-2017.1568627451
			4786.76470588235	-2014.70588235294
			4784.3137254902	-2014.70588235294
			4784.3137254902	-2012.25490196078
			4781.86274509804	-2012.25490196078
			4779.41176470588	-2009.80392156863
			4776.96078431373	-2007.35294117647
			4774.50980392157	-2007.35294117647
			4772.05882352941	-2004.90196078431
			4769.60784313726	-2004.90196078431
			4767.1568627451	-2002.45098039216
			4764.70588235294	-2000
			4762.25490196078	-1997.54901960784
			4759.80392156863	-1997.54901960784
			4757.35294117647	-1995.09803921569
			4754.90196078431	-1992.64705882353
			4752.45098039216	-1992.64705882353
			4750	-1992.64705882353
			4750	-1990.19607843137
			4747.54901960784	-1990.19607843137
			4745.09803921569	-1987.74509803922
			4742.64705882353	-1987.74509803922
			4740.19607843137	-1985.29411764706
			4737.74509803922	-1985.29411764706
			4735.29411764706	-1982.8431372549
			4732.8431372549	-1982.8431372549
			4730.39215686275	-1980.39215686275
			4730.39215686275	-1977.94117647059
			4727.94117647059	-1977.94117647059
			4725.49019607843	-1975.49019607843
			4725.49019607843	-1973.03921568627
			4723.03921568627	-1973.03921568627
			4723.03921568627	-1970.58823529412
			4720.58823529412	-1968.13725490196
			4718.13725490196	-1968.13725490196
			4718.13725490196	-1965.6862745098
			4715.6862745098	-1963.23529411765
			4715.6862745098	-1960.78431372549
			4713.23529411765	-1960.78431372549
			4713.23529411765	-1958.33333333333
			4710.78431372549	-1955.88235294118
			4708.33333333333	-1953.43137254902
			4705.88235294118	-1950.98039215686
			4703.43137254902	-1948.52941176471
			4703.43137254902	-1946.07843137255
			4700.98039215686	-1943.62745098039
			4700.98039215686	-1941.17647058824
			4698.52941176471	-1941.17647058824
			4698.52941176471	-1938.72549019608
			4696.07843137255	-1936.27450980392
			4693.62745098039	-1933.82352941176
			4693.62745098039	-1931.37254901961
			4691.17647058824	-1931.37254901961
			4691.17647058824	-1928.92156862745
			4688.72549019608	-1926.47058823529
			4688.72549019608	-1924.01960784314
			4686.27450980392	-1921.56862745098
			4686.27450980392	-1919.11764705882
			4683.82352941176	-1916.66666666667
			4683.82352941176	-1914.21568627451
			4681.37254901961	-1911.76470588235
			4681.37254901961	-1909.3137254902
			4678.92156862745	-1906.86274509804
			4678.92156862745	-1904.41176470588
			4676.47058823529	-1901.96078431373
			4674.01960784314	-1899.50980392157
			4674.01960784314	-1897.05882352941
			4674.01960784314	-1894.60784313726
			4671.56862745098	-1892.1568627451
			4671.56862745098	-1889.70588235294
			4669.11764705882	-1887.25490196078
			4669.11764705882	-1884.80392156863
			4669.11764705882	-1882.35294117647
			4669.11764705882	-1879.90196078431
			4666.66666666667	-1879.90196078431
			4666.66666666667	-1877.45098039216
			4666.66666666667	-1875
			4666.66666666667	-1872.54901960784
			4664.21568627451	-1872.54901960784
			4664.21568627451	-1870.09803921569
			4664.21568627451	-1867.64705882353
			4664.21568627451	-1865.19607843137
			4664.21568627451	-1862.74509803922
			4661.76470588235	-1860.29411764706
			4661.76470588235	-1857.8431372549
			4661.76470588235	-1855.39215686275
			4661.76470588235	-1852.94117647059
			4661.76470588235	-1850.49019607843
			4661.76470588235	-1848.03921568627
			4661.76470588235	-1845.58823529412
			4661.76470588235	-1843.13725490196
			4661.76470588235	-1840.6862745098
			4661.76470588235	-1838.23529411765
			4661.76470588235	-1835.78431372549
			4661.76470588235	-1833.33333333333
			4661.76470588235	-1830.88235294118
			4661.76470588235	-1828.43137254902
			4661.76470588235	-1825.98039215686
			4661.76470588235	-1823.52941176471
			4661.76470588235	-1821.07843137255
			4661.76470588235	-1818.62745098039
			4664.21568627451	-1816.17647058824
			4664.21568627451	-1813.72549019608
			4664.21568627451	-1811.27450980392
			4664.21568627451	-1808.82352941176
			4666.66666666667	-1806.37254901961
			4666.66666666667	-1803.92156862745
			4666.66666666667	-1801.47058823529
			4669.11764705882	-1799.01960784314
			4669.11764705882	-1796.56862745098
			4671.56862745098	-1794.11764705882
			4671.56862745098	-1791.66666666667
			4671.56862745098	-1789.21568627451
			4674.01960784314	-1789.21568627451
			4674.01960784314	-1786.76470588235
			4676.47058823529	-1784.3137254902
			4676.47058823529	-1781.86274509804
			4678.92156862745	-1779.41176470588
			4681.37254901961	-1776.96078431373
			4681.37254901961	-1774.50980392157
			4683.82352941176	-1772.05882352941
			4686.27450980392	-1769.60784313726
			4688.72549019608	-1767.1568627451
			4691.17647058824	-1764.70588235294
			4693.62745098039	-1762.25490196078
			4696.07843137255	-1759.80392156863
			4696.07843137255	-1757.35294117647
			4698.52941176471	-1754.90196078431
			4700.98039215686	-1752.45098039216
			4703.43137254902	-1752.45098039216
			4705.88235294118	-1750
			4708.33333333333	-1747.54901960784
			4710.78431372549	-1745.09803921569
			4713.23529411765	-1742.64705882353
			4715.6862745098	-1742.64705882353
			4718.13725490196	-1740.19607843137
			4720.58823529412	-1737.74509803922
			4723.03921568627	-1735.29411764706
			4725.49019607843	-1732.8431372549
			4727.94117647059	-1732.8431372549
			4730.39215686275	-1730.39215686275
			4732.8431372549	-1727.94117647059
			4735.29411764706	-1727.94117647059
			4737.74509803922	-1727.94117647059
			4737.74509803922	-1725.49019607843
			4740.19607843137	-1725.49019607843
			4742.64705882353	-1723.03921568627
			4745.09803921569	-1723.03921568627
			4745.09803921569	-1720.58823529412
			4747.54901960784	-1720.58823529412
			4750	-1718.13725490196
			4752.45098039216	-1718.13725490196
			4754.90196078431	-1718.13725490196
			4754.90196078431	-1715.6862745098
			4757.35294117647	-1715.6862745098
			4759.80392156863	-1713.23529411765
			4762.25490196078	-1713.23529411765
			4764.70588235294	-1713.23529411765
			4764.70588235294	-1710.78431372549
			4767.1568627451	-1710.78431372549
			4769.60784313726	-1708.33333333333
			4772.05882352941	-1708.33333333333
			4774.50980392157	-1705.88235294118
			4776.96078431373	-1705.88235294118
			4779.41176470588	-1705.88235294118
			4781.86274509804	-1703.43137254902
			4784.3137254902	-1703.43137254902
			4786.76470588235	-1700.98039215686
			4789.21568627451	-1700.98039215686
			4791.66666666667	-1698.52941176471
			4794.11764705882	-1698.52941176471
			4796.56862745098	-1698.52941176471
			4799.01960784314	-1696.07843137255
			4801.47058823529	-1696.07843137255
			4803.92156862745	-1696.07843137255
			4806.37254901961	-1693.62745098039
			4808.82352941176	-1693.62745098039
			4811.27450980392	-1691.17647058824
			4813.72549019608	-1691.17647058824
			4816.17647058824	-1691.17647058824
			4818.62745098039	-1688.72549019608
			4821.07843137255	-1688.72549019608
			4823.52941176471	-1686.27450980392
			4825.98039215686	-1686.27450980392
			4828.43137254902	-1686.27450980392
			4830.88235294118	-1686.27450980392
			4833.33333333333	-1683.82352941176
			4835.78431372549	-1683.82352941176
			4838.23529411765	-1683.82352941176
			4840.6862745098	-1681.37254901961
			4843.13725490196	-1681.37254901961
			4845.58823529412	-1681.37254901961
			4848.03921568627	-1678.92156862745
			4850.49019607843	-1678.92156862745
			4852.94117647059	-1678.92156862745
			4855.39215686275	-1676.47058823529
			4857.8431372549	-1676.47058823529
			4860.29411764706	-1676.47058823529
			4862.74509803922	-1676.47058823529
			4865.19607843137	-1674.01960784314
			4867.64705882353	-1674.01960784314
			4870.09803921569	-1674.01960784314
			4872.54901960784	-1671.56862745098
			4875	-1671.56862745098
			4877.45098039216	-1671.56862745098
			4879.90196078431	-1671.56862745098
			4882.35294117647	-1669.11764705882
			4884.80392156863	-1669.11764705882
			4887.25490196078	-1669.11764705882
			4889.70588235294	-1669.11764705882
			4892.1568627451	-1666.66666666667
			4894.60784313726	-1666.66666666667
			4897.05882352941	-1666.66666666667
			4899.50980392157	-1666.66666666667
			4901.96078431373	-1664.21568627451
			4904.41176470588	-1664.21568627451
			4906.86274509804	-1664.21568627451
			4909.3137254902	-1664.21568627451
			4911.76470588235	-1661.76470588235
			4914.21568627451	-1661.76470588235
			4916.66666666667	-1661.76470588235
			4919.11764705882	-1661.76470588235
			4921.56862745098	-1661.76470588235
			4924.01960784314	-1659.3137254902
			4926.47058823529	-1659.3137254902
			4928.92156862745	-1659.3137254902
			4931.37254901961	-1659.3137254902
			4933.82352941176	-1659.3137254902
			4933.82352941176	-1656.86274509804
			4936.27450980392	-1656.86274509804
			4938.72549019608	-1656.86274509804
			4941.17647058824	-1656.86274509804
			4943.62745098039	-1656.86274509804
			4946.07843137255	-1656.86274509804
			4948.52941176471	-1654.41176470588
			4950.98039215686	-1654.41176470588
			4953.43137254902	-1654.41176470588
			4955.88235294118	-1654.41176470588
			4958.33333333333	-1654.41176470588
			4960.78431372549	-1651.96078431373
			4963.23529411765	-1651.96078431373
			4965.6862745098	-1651.96078431373
		</C1>
	</curves.scaled>
	<ruler.points type=matrix rownames=TRUE colnames=FALSE nrow=2 ncol=2 as.numeric=TRUE >
		Ruler point 1	3	1877
		Ruler point 2	105	1877
	</ruler.points>
</shapes>

