<shapes type=list>
	<ruler.pixel type=vector names=FALSE length=1 as.numeric=TRUE >102</ruler.pixel>
	<ruler.interval type=vector names=FALSE length=1 as.numeric=TRUE >250</ruler.interval>
	<scaling.units type=vector names=FALSE length=1 as.numeric=FALSE >nm</scaling.units>
	<scaling type=vector names=FALSE length=1 as.numeric=TRUE >2.45098039215686</scaling>
	<landmarks.pixel type=matrix rownames=TRUE colnames=FALSE nrow=4 ncol=2 as.numeric=TRUE >
		1-TopL	1601	584
		2-TopR	2498	708
		3-BotR	2109	1229
		4-BotL	1998	1220
	</landmarks.pixel>
	<landmarks.scaled type=matrix rownames=TRUE colnames=FALSE nrow=4 ncol=2 as.numeric=TRUE >
		1-TopL	3924.01960784314	-1431.37254901961
		2-TopR	6122.54901960784	-1735.29411764706
		3-BotR	5169.11764705882	-3012.25490196078
		4-BotL	4897.05882352941	-2990.19607843137
	</landmarks.scaled>
	<curves.control type=list>
		<C1 type=matrix rownames=FALSE colnames=FALSE nrow=7 ncol=2 as.numeric=TRUE >
			1601	584
			1671	537
			1751	496
			2025	407
			2288	557
			2435	595
			2498	708
		</C1>
		<C2 type=matrix rownames=FALSE colnames=FALSE nrow=9 ncol=2 as.numeric=TRUE >
			2109	1229
			2136	1251
			2152	1271
			2152	1300
			2094	1298
			2039	1340
			2000	1277
			1995	1245
			1998	1220
		</C2>
	</curves.control>
	<curves.pixel type=list>
		<C1 type=matrix rownames=FALSE colnames=FALSE nrow=944 ncol=2 as.numeric=TRUE >
			1601	584
			1602	583
			1603	583
			1604	582
			1605	581
			1606	581
			1607	580
			1608	579
			1609	578
			1610	578
			1611	577
			1612	576
			1613	576
			1614	575
			1615	574
			1616	574
			1617	573
			1618	572
			1619	572
			1620	572
			1620	571
			1621	571
			1622	570
			1623	570
			1624	569
			1625	568
			1626	568
			1627	567
			1628	567
			1628	566
			1629	566
			1630	565
			1631	565
			1631	564
			1632	564
			1633	563
			1634	563
			1634	562
			1635	562
			1636	561
			1637	561
			1637	560
			1638	560
			1639	560
			1640	559
			1641	558
			1642	558
			1643	557
			1644	556
			1645	556
			1646	555
			1647	555
			1647	554
			1648	554
			1649	553
			1650	552
			1651	552
			1652	551
			1653	551
			1654	550
			1655	550
			1656	549
			1657	549
			1658	548
			1658	547
			1659	547
			1660	546
			1661	546
			1662	545
			1663	545
			1664	544
			1665	544
			1666	543
			1667	542
			1668	542
			1669	541
			1670	541
			1671	540
			1672	539
			1673	539
			1674	538
			1675	538
			1676	537
			1677	536
			1678	536
			1679	535
			1680	535
			1680	534
			1681	534
			1682	533
			1683	533
			1684	533
			1685	532
			1686	531
			1687	531
			1688	530
			1689	529
			1690	529
			1691	528
			1692	528
			1693	527
			1694	527
			1695	526
			1696	526
			1697	525
			1698	524
			1699	524
			1700	523
			1701	523
			1702	522
			1703	522
			1704	521
			1705	521
			1706	520
			1707	519
			1708	519
			1709	518
			1710	518
			1711	517
			1712	517
			1713	516
			1714	516
			1715	515
			1716	514
			1717	514
			1718	513
			1719	513
			1720	512
			1721	512
			1722	511
			1723	511
			1724	510
			1725	510
			1726	509
			1727	508
			1728	508
			1729	507
			1730	507
			1731	506
			1732	506
			1733	505
			1734	505
			1735	504
			1736	504
			1737	503
			1738	503
			1739	502
			1740	501
			1741	501
			1742	500
			1743	500
			1744	499
			1745	499
			1746	499
			1746	498
			1747	498
			1748	498
			1748	497
			1749	497
			1750	496
			1751	496
			1752	496
			1753	495
			1754	495
			1755	495
			1756	494
			1757	494
			1758	494
			1759	493
			1760	493
			1761	493
			1762	493
			1763	492
			1764	492
			1765	491
			1766	491
			1767	491
			1768	491
			1769	490
			1770	490
			1771	490
			1772	490
			1773	489
			1774	489
			1775	489
			1776	488
			1777	488
			1778	488
			1779	488
			1780	487
			1781	487
			1782	487
			1783	486
			1784	486
			1785	486
			1786	486
			1787	485
			1788	485
			1789	485
			1790	485
			1790	484
			1791	484
			1792	484
			1793	484
			1794	484
			1795	483
			1796	483
			1797	483
			1798	483
			1799	482
			1800	482
			1801	482
			1802	481
			1803	481
			1804	481
			1805	481
			1806	480
			1807	480
			1808	480
			1809	480
			1810	480
			1811	479
			1812	479
			1813	479
			1814	479
			1815	478
			1816	478
			1817	478
			1818	478
			1819	478
			1820	477
			1821	477
			1822	477
			1823	477
			1824	477
			1825	476
			1826	476
			1827	476
			1828	476
			1829	476
			1830	475
			1831	475
			1832	475
			1833	475
			1834	475
			1835	474
			1836	474
			1837	474
			1838	474
			1839	473
			1840	473
			1841	473
			1842	473
			1843	473
			1844	473
			1845	472
			1846	472
			1847	472
			1848	472
			1849	472
			1850	472
			1851	471
			1852	471
			1853	471
			1854	471
			1855	471
			1856	471
			1857	470
			1858	470
			1859	470
			1860	470
			1861	470
			1862	470
			1863	469
			1864	469
			1865	469
			1866	469
			1867	469
			1868	469
			1869	469
			1870	468
			1871	468
			1872	468
			1873	468
			1874	468
			1875	468
			1876	468
			1877	468
			1878	468
			1878	467
			1879	467
			1880	467
			1881	467
			1882	467
			1883	467
			1884	467
			1885	467
			1886	467
			1887	466
			1888	466
			1889	466
			1890	466
			1891	466
			1892	466
			1893	466
			1894	466
			1895	466
			1896	466
			1897	466
			1897	465
			1898	465
			1899	465
			1900	465
			1901	465
			1902	465
			1903	465
			1904	465
			1905	465
			1906	465
			1907	465
			1908	465
			1909	464
			1910	464
			1911	464
			1912	464
			1913	464
			1914	464
			1915	464
			1916	464
			1917	464
			1918	464
			1919	464
			1920	464
			1921	464
			1922	464
			1923	464
			1924	464
			1925	464
			1926	463
			1927	463
			1928	463
			1929	463
			1930	463
			1931	463
			1932	463
			1933	463
			1934	463
			1935	463
			1936	463
			1937	463
			1938	463
			1939	463
			1940	463
			1941	463
			1942	463
			1943	463
			1944	463
			1945	463
			1946	463
			1947	463
			1948	463
			1949	463
			1950	463
			1951	463
			1952	463
			1953	463
			1954	463
			1955	463
			1956	463
			1957	463
			1958	463
			1959	463
			1960	463
			1961	463
			1962	463
			1963	463
			1964	463
			1965	463
			1966	463
			1967	463
			1968	463
			1969	463
			1970	463
			1971	463
			1972	463
			1973	463
			1974	463
			1975	463
			1976	463
			1977	463
			1978	463
			1979	463
			1980	463
			1981	463
			1982	464
			1983	464
			1984	464
			1985	464
			1986	464
			1987	464
			1988	464
			1989	464
			1990	464
			1991	464
			1992	464
			1993	464
			1994	464
			1995	464
			1996	464
			1997	464
			1998	465
			1999	465
			2000	465
			2001	465
			2002	465
			2003	465
			2004	465
			2005	465
			2006	465
			2007	465
			2008	465
			2009	465
			2010	466
			2011	466
			2012	466
			2013	466
			2014	466
			2015	466
			2016	466
			2017	466
			2018	466
			2019	466
			2020	467
			2021	467
			2022	467
			2023	467
			2024	467
			2025	467
			2026	467
			2027	467
			2028	467
			2029	468
			2030	468
			2031	468
			2032	468
			2033	468
			2034	468
			2035	468
			2036	469
			2037	469
			2038	469
			2039	469
			2040	469
			2041	469
			2042	469
			2043	470
			2044	470
			2045	470
			2046	470
			2047	470
			2048	470
			2049	470
			2050	471
			2051	471
			2052	471
			2053	471
			2054	471
			2055	471
			2056	472
			2057	472
			2058	472
			2059	472
			2060	472
			2061	472
			2062	473
			2063	473
			2064	473
			2065	473
			2066	473
			2067	474
			2068	474
			2069	474
			2070	474
			2071	474
			2072	475
			2073	475
			2074	475
			2075	475
			2076	475
			2077	476
			2078	476
			2079	476
			2080	476
			2081	476
			2082	477
			2083	477
			2084	477
			2085	477
			2086	477
			2087	478
			2088	478
			2089	478
			2090	478
			2091	479
			2092	479
			2093	479
			2094	479
			2095	480
			2096	480
			2097	480
			2098	480
			2099	480
			2100	481
			2101	481
			2102	481
			2103	481
			2104	482
			2105	482
			2106	482
			2107	482
			2108	483
			2109	483
			2110	483
			2111	483
			2112	484
			2113	484
			2114	484
			2115	485
			2116	485
			2117	485
			2118	485
			2119	486
			2120	486
			2121	486
			2122	486
			2123	487
			2124	487
			2125	487
			2126	488
			2127	488
			2128	488
			2129	488
			2130	489
			2131	489
			2132	489
			2133	490
			2134	490
			2135	490
			2136	491
			2137	491
			2138	491
			2139	491
			2140	492
			2141	492
			2142	492
			2143	493
			2144	493
			2145	493
			2146	494
			2147	494
			2148	494
			2149	495
			2150	495
			2151	495
			2152	496
			2153	496
			2154	496
			2155	497
			2156	497
			2157	497
			2158	498
			2159	498
			2160	498
			2161	499
			2162	499
			2163	499
			2164	500
			2165	500
			2166	500
			2167	501
			2168	501
			2169	501
			2170	502
			2171	502
			2172	503
			2173	503
			2174	503
			2175	504
			2176	504
			2177	504
			2178	505
			2179	505
			2180	505
			2181	506
			2182	506
			2183	507
			2184	507
			2185	507
			2186	508
			2187	508
			2187	509
			2188	509
			2189	509
			2190	510
			2191	510
			2192	511
			2193	511
			2194	511
			2195	512
			2196	512
			2197	513
			2198	513
			2199	513
			2200	514
			2201	514
			2202	515
			2203	515
			2204	515
			2205	516
			2206	516
			2207	517
			2208	517
			2209	518
			2210	518
			2211	518
			2212	519
			2213	519
			2214	520
			2215	520
			2216	521
			2217	521
			2218	521
			2219	522
			2220	522
			2221	523
			2222	523
			2223	524
			2224	524
			2225	525
			2226	525
			2227	525
			2228	526
			2229	526
			2230	527
			2231	527
			2232	528
			2233	528
			2234	529
			2235	529
			2236	530
			2237	530
			2238	531
			2239	531
			2240	532
			2241	532
			2242	533
			2243	533
			2244	533
			2245	534
			2246	534
			2247	535
			2248	535
			2249	536
			2250	536
			2251	537
			2252	537
			2253	538
			2254	538
			2255	539
			2256	539
			2256	540
			2257	540
			2258	541
			2259	541
			2260	542
			2261	542
			2262	543
			2263	543
			2264	544
			2265	545
			2266	545
			2267	546
			2268	546
			2269	547
			2270	547
			2271	548
			2272	548
			2273	549
			2274	549
			2275	550
			2276	550
			2277	551
			2278	551
			2279	552
			2280	553
			2281	553
			2282	554
			2283	554
			2284	555
			2285	555
			2286	556
			2287	556
			2288	557
			2289	557
			2290	557
			2291	558
			2292	558
			2293	558
			2294	559
			2295	559
			2296	559
			2297	559
			2298	560
			2299	560
			2300	560
			2301	561
			2302	561
			2303	561
			2304	561
			2305	562
			2306	562
			2307	562
			2308	563
			2309	563
			2310	563
			2311	564
			2312	564
			2313	564
			2314	564
			2315	565
			2316	565
			2317	566
			2318	566
			2319	566
			2320	566
			2320	567
			2321	567
			2322	567
			2323	567
			2324	568
			2325	568
			2326	569
			2327	569
			2328	569
			2329	570
			2330	570
			2331	570
			2332	571
			2333	571
			2334	571
			2335	572
			2336	572
			2337	573
			2338	573
			2339	573
			2340	574
			2341	574
			2342	575
			2343	575
			2344	576
			2345	576
			2346	576
			2347	577
			2348	577
			2349	578
			2350	578
			2351	578
			2352	579
			2353	579
			2354	580
			2355	580
			2356	581
			2357	581
			2358	582
			2359	582
			2360	582
			2361	583
			2362	584
			2363	584
			2364	584
			2365	585
			2366	585
			2367	586
			2368	586
			2369	587
			2370	587
			2371	587
			2371	588
			2372	588
			2373	589
			2374	589
			2375	590
			2376	590
			2377	591
			2378	592
			2379	592
			2380	593
			2381	593
			2382	594
			2383	594
			2384	595
			2385	595
			2386	596
			2387	597
			2388	597
			2389	598
			2390	598
			2391	599
			2392	599
			2393	600
			2394	601
			2395	601
			2396	602
			2397	602
			2398	603
			2399	604
			2400	604
			2401	605
			2402	605
			2403	606
			2404	607
			2405	607
			2406	608
			2407	609
			2408	610
			2409	611
			2410	611
			2411	611
			2411	612
			2412	612
			2413	613
			2414	614
			2415	615
			2416	615
			2417	616
			2418	616
			2418	617
			2419	618
			2420	618
			2421	619
			2422	619
			2422	620
			2423	621
			2424	621
			2425	622
			2426	623
			2427	624
			2428	624
			2429	625
			2430	626
			2431	627
			2432	628
			2433	629
			2434	630
			2435	630
			2436	631
			2437	632
			2438	633
			2439	634
			2440	635
			2441	636
			2442	636
			2442	637
			2443	638
			2444	638
			2444	639
			2445	640
			2446	640
			2447	641
			2447	642
			2448	642
			2449	643
			2449	644
			2450	644
			2451	645
			2451	646
			2452	646
			2453	647
			2453	648
			2454	648
			2455	649
			2455	650
			2456	651
			2457	651
			2457	652
			2458	653
			2459	653
			2459	654
			2460	655
			2461	656
			2462	657
			2463	658
			2464	659
			2464	660
			2465	661
			2466	662
			2467	662
			2467	663
			2468	664
			2469	665
			2470	666
			2470	667
			2471	668
			2472	669
			2473	670
			2473	671
			2474	672
			2475	672
			2475	673
			2476	674
			2477	675
			2478	676
			2478	677
			2479	678
			2480	679
			2480	680
			2481	681
			2482	682
			2482	683
			2483	684
			2484	685
			2484	686
			2485	687
			2486	688
			2486	689
			2487	690
			2488	691
			2488	692
			2489	693
			2490	694
			2490	695
			2491	696
			2491	697
			2492	698
			2493	699
			2493	700
			2494	701
			2494	702
			2495	703
			2496	704
			2496	705
			2497	706
			2497	707
			2498	708
		</C1>
		<C2 type=matrix rownames=FALSE colnames=FALSE nrow=284 ncol=2 as.numeric=TRUE >
			2109	1229
			2110	1230
			2111	1231
			2112	1231
			2113	1232
			2114	1233
			2114	1234
			2115	1234
			2116	1235
			2117	1236
			2118	1236
			2118	1237
			2119	1238
			2120	1238
			2121	1239
			2122	1240
			2123	1241
			2124	1242
			2125	1243
			2126	1244
			2127	1244
			2128	1245
			2128	1246
			2129	1247
			2130	1248
			2131	1248
			2132	1249
			2133	1250
			2134	1251
			2134	1252
			2135	1252
			2136	1253
			2137	1254
			2138	1255
			2138	1256
			2139	1256
			2140	1257
			2141	1258
			2141	1259
			2142	1259
			2143	1260
			2143	1261
			2144	1262
			2145	1263
			2146	1263
			2146	1264
			2147	1265
			2148	1266
			2149	1267
			2150	1268
			2150	1269
			2151	1270
			2152	1271
			2152	1272
			2152	1273
			2152	1274
			2152	1275
			2152	1276
			2151	1277
			2151	1278
			2151	1279
			2150	1280
			2150	1281
			2149	1282
			2149	1283
			2148	1284
			2148	1285
			2147	1285
			2146	1286
			2145	1287
			2145	1288
			2144	1288
			2143	1289
			2142	1290
			2141	1290
			2140	1291
			2139	1292
			2138	1292
			2137	1293
			2136	1293
			2135	1293
			2134	1294
			2133	1294
			2132	1294
			2131	1295
			2130	1295
			2129	1295
			2128	1296
			2127	1296
			2126	1296
			2125	1296
			2124	1296
			2123	1297
			2122	1297
			2121	1297
			2120	1297
			2119	1297
			2118	1297
			2117	1297
			2116	1297
			2115	1298
			2114	1298
			2113	1298
			2112	1298
			2111	1298
			2110	1298
			2109	1298
			2108	1298
			2107	1298
			2106	1298
			2105	1298
			2104	1298
			2103	1298
			2102	1298
			2101	1298
			2100	1298
			2099	1298
			2098	1298
			2097	1298
			2096	1298
			2095	1298
			2094	1298
			2093	1299
			2092	1300
			2091	1300
			2090	1301
			2089	1301
			2089	1302
			2088	1302
			2087	1303
			2086	1304
			2085	1304
			2085	1305
			2084	1305
			2083	1306
			2082	1306
			2081	1306
			2080	1307
			2079	1308
			2078	1308
			2077	1309
			2076	1309
			2075	1310
			2074	1310
			2073	1310
			2072	1311
			2071	1311
			2070	1312
			2069	1312
			2068	1312
			2067	1312
			2066	1313
			2065	1313
			2064	1313
			2063	1314
			2062	1314
			2061	1314
			2060	1314
			2059	1314
			2058	1314
			2057	1315
			2056	1315
			2055	1315
			2054	1315
			2053	1315
			2052	1315
			2051	1315
			2050	1315
			2049	1315
			2048	1315
			2047	1314
			2046	1314
			2045	1314
			2044	1314
			2043	1314
			2042	1313
			2041	1313
			2040	1313
			2039	1313
			2038	1312
			2037	1312
			2036	1312
			2035	1311
			2034	1311
			2033	1310
			2032	1310
			2031	1309
			2030	1308
			2029	1308
			2028	1307
			2027	1307
			2026	1306
			2025	1305
			2024	1305
			2023	1304
			2022	1303
			2021	1302
			2020	1302
			2020	1301
			2019	1301
			2018	1300
			2017	1299
			2017	1298
			2016	1298
			2015	1297
			2015	1296
			2014	1296
			2013	1295
			2012	1294
			2012	1293
			2011	1292
			2010	1292
			2010	1291
			2009	1290
			2008	1289
			2008	1288
			2007	1287
			2006	1286
			2005	1285
			2005	1284
			2004	1283
			2003	1282
			2003	1281
			2002	1280
			2001	1279
			2001	1278
			2000	1277
			2000	1276
			2000	1275
			2000	1274
			1999	1273
			1999	1272
			1999	1271
			1999	1270
			1999	1269
			1999	1268
			1999	1267
			1998	1266
			1998	1265
			1998	1264
			1998	1263
			1998	1262
			1998	1261
			1998	1260
			1998	1259
			1998	1258
			1998	1257
			1998	1256
			1997	1255
			1997	1254
			1997	1253
			1997	1252
			1997	1251
			1997	1250
			1997	1249
			1997	1248
			1997	1247
			1997	1246
			1997	1245
			1997	1244
			1997	1243
			1997	1242
			1997	1241
			1997	1240
			1997	1239
			1997	1238
			1997	1237
			1997	1236
			1997	1235
			1997	1234
			1997	1233
			1997	1232
			1997	1231
			1997	1230
			1997	1229
			1997	1228
			1997	1227
			1997	1226
			1998	1225
			1998	1224
			1998	1223
			1998	1222
			1998	1221
			1998	1220
		</C2>
	</curves.pixel>
	<curves.scaled type=list>
		<C1 type=matrix rownames=FALSE colnames=FALSE nrow=944 ncol=2 as.numeric=TRUE >
			3924.01960784314	-1431.37254901961
			3926.47058823529	-1428.92156862745
			3928.92156862745	-1428.92156862745
			3931.37254901961	-1426.47058823529
			3933.82352941176	-1424.01960784314
			3936.27450980392	-1424.01960784314
			3938.72549019608	-1421.56862745098
			3941.17647058824	-1419.11764705882
			3943.62745098039	-1416.66666666667
			3946.07843137255	-1416.66666666667
			3948.52941176471	-1414.21568627451
			3950.98039215686	-1411.76470588235
			3953.43137254902	-1411.76470588235
			3955.88235294118	-1409.3137254902
			3958.33333333333	-1406.86274509804
			3960.78431372549	-1406.86274509804
			3963.23529411765	-1404.41176470588
			3965.6862745098	-1401.96078431373
			3968.13725490196	-1401.96078431373
			3970.58823529412	-1401.96078431373
			3970.58823529412	-1399.50980392157
			3973.03921568627	-1399.50980392157
			3975.49019607843	-1397.05882352941
			3977.94117647059	-1397.05882352941
			3980.39215686275	-1394.60784313726
			3982.8431372549	-1392.1568627451
			3985.29411764706	-1392.1568627451
			3987.74509803922	-1389.70588235294
			3990.19607843137	-1389.70588235294
			3990.19607843137	-1387.25490196078
			3992.64705882353	-1387.25490196078
			3995.09803921569	-1384.80392156863
			3997.54901960784	-1384.80392156863
			3997.54901960784	-1382.35294117647
			4000	-1382.35294117647
			4002.45098039216	-1379.90196078431
			4004.90196078431	-1379.90196078431
			4004.90196078431	-1377.45098039216
			4007.35294117647	-1377.45098039216
			4009.80392156863	-1375
			4012.25490196078	-1375
			4012.25490196078	-1372.54901960784
			4014.70588235294	-1372.54901960784
			4017.1568627451	-1372.54901960784
			4019.60784313726	-1370.09803921569
			4022.05882352941	-1367.64705882353
			4024.50980392157	-1367.64705882353
			4026.96078431373	-1365.19607843137
			4029.41176470588	-1362.74509803922
			4031.86274509804	-1362.74509803922
			4034.3137254902	-1360.29411764706
			4036.76470588235	-1360.29411764706
			4036.76470588235	-1357.8431372549
			4039.21568627451	-1357.8431372549
			4041.66666666667	-1355.39215686275
			4044.11764705882	-1352.94117647059
			4046.56862745098	-1352.94117647059
			4049.01960784314	-1350.49019607843
			4051.47058823529	-1350.49019607843
			4053.92156862745	-1348.03921568627
			4056.37254901961	-1348.03921568627
			4058.82352941176	-1345.58823529412
			4061.27450980392	-1345.58823529412
			4063.72549019608	-1343.13725490196
			4063.72549019608	-1340.6862745098
			4066.17647058824	-1340.6862745098
			4068.62745098039	-1338.23529411765
			4071.07843137255	-1338.23529411765
			4073.52941176471	-1335.78431372549
			4075.98039215686	-1335.78431372549
			4078.43137254902	-1333.33333333333
			4080.88235294118	-1333.33333333333
			4083.33333333333	-1330.88235294118
			4085.78431372549	-1328.43137254902
			4088.23529411765	-1328.43137254902
			4090.6862745098	-1325.98039215686
			4093.13725490196	-1325.98039215686
			4095.58823529412	-1323.52941176471
			4098.03921568627	-1321.07843137255
			4100.49019607843	-1321.07843137255
			4102.94117647059	-1318.62745098039
			4105.39215686275	-1318.62745098039
			4107.8431372549	-1316.17647058824
			4110.29411764706	-1313.72549019608
			4112.74509803922	-1313.72549019608
			4115.19607843137	-1311.27450980392
			4117.64705882353	-1311.27450980392
			4117.64705882353	-1308.82352941176
			4120.09803921569	-1308.82352941176
			4122.54901960784	-1306.37254901961
			4125	-1306.37254901961
			4127.45098039216	-1306.37254901961
			4129.90196078431	-1303.92156862745
			4132.35294117647	-1301.47058823529
			4134.80392156863	-1301.47058823529
			4137.25490196078	-1299.01960784314
			4139.70588235294	-1296.56862745098
			4142.1568627451	-1296.56862745098
			4144.60784313726	-1294.11764705882
			4147.05882352941	-1294.11764705882
			4149.50980392157	-1291.66666666667
			4151.96078431373	-1291.66666666667
			4154.41176470588	-1289.21568627451
			4156.86274509804	-1289.21568627451
			4159.3137254902	-1286.76470588235
			4161.76470588235	-1284.3137254902
			4164.21568627451	-1284.3137254902
			4166.66666666667	-1281.86274509804
			4169.11764705882	-1281.86274509804
			4171.56862745098	-1279.41176470588
			4174.01960784314	-1279.41176470588
			4176.47058823529	-1276.96078431373
			4178.92156862745	-1276.96078431373
			4181.37254901961	-1274.50980392157
			4183.82352941176	-1272.05882352941
			4186.27450980392	-1272.05882352941
			4188.72549019608	-1269.60784313726
			4191.17647058824	-1269.60784313726
			4193.62745098039	-1267.1568627451
			4196.07843137255	-1267.1568627451
			4198.52941176471	-1264.70588235294
			4200.98039215686	-1264.70588235294
			4203.43137254902	-1262.25490196078
			4205.88235294118	-1259.80392156863
			4208.33333333333	-1259.80392156863
			4210.78431372549	-1257.35294117647
			4213.23529411765	-1257.35294117647
			4215.6862745098	-1254.90196078431
			4218.13725490196	-1254.90196078431
			4220.58823529412	-1252.45098039216
			4223.03921568627	-1252.45098039216
			4225.49019607843	-1250
			4227.94117647059	-1250
			4230.39215686275	-1247.54901960784
			4232.8431372549	-1245.09803921569
			4235.29411764706	-1245.09803921569
			4237.74509803922	-1242.64705882353
			4240.19607843137	-1242.64705882353
			4242.64705882353	-1240.19607843137
			4245.09803921569	-1240.19607843137
			4247.54901960784	-1237.74509803922
			4250	-1237.74509803922
			4252.45098039216	-1235.29411764706
			4254.90196078431	-1235.29411764706
			4257.35294117647	-1232.8431372549
			4259.80392156863	-1232.8431372549
			4262.25490196078	-1230.39215686275
			4264.70588235294	-1227.94117647059
			4267.1568627451	-1227.94117647059
			4269.60784313726	-1225.49019607843
			4272.05882352941	-1225.49019607843
			4274.50980392157	-1223.03921568627
			4276.96078431373	-1223.03921568627
			4279.41176470588	-1223.03921568627
			4279.41176470588	-1220.58823529412
			4281.86274509804	-1220.58823529412
			4284.3137254902	-1220.58823529412
			4284.3137254902	-1218.13725490196
			4286.76470588235	-1218.13725490196
			4289.21568627451	-1215.6862745098
			4291.66666666667	-1215.6862745098
			4294.11764705882	-1215.6862745098
			4296.56862745098	-1213.23529411765
			4299.01960784314	-1213.23529411765
			4301.47058823529	-1213.23529411765
			4303.92156862745	-1210.78431372549
			4306.37254901961	-1210.78431372549
			4308.82352941176	-1210.78431372549
			4311.27450980392	-1208.33333333333
			4313.72549019608	-1208.33333333333
			4316.17647058824	-1208.33333333333
			4318.62745098039	-1208.33333333333
			4321.07843137255	-1205.88235294118
			4323.52941176471	-1205.88235294118
			4325.98039215686	-1203.43137254902
			4328.43137254902	-1203.43137254902
			4330.88235294118	-1203.43137254902
			4333.33333333333	-1203.43137254902
			4335.78431372549	-1200.98039215686
			4338.23529411765	-1200.98039215686
			4340.6862745098	-1200.98039215686
			4343.13725490196	-1200.98039215686
			4345.58823529412	-1198.52941176471
			4348.03921568627	-1198.52941176471
			4350.49019607843	-1198.52941176471
			4352.94117647059	-1196.07843137255
			4355.39215686275	-1196.07843137255
			4357.8431372549	-1196.07843137255
			4360.29411764706	-1196.07843137255
			4362.74509803922	-1193.62745098039
			4365.19607843137	-1193.62745098039
			4367.64705882353	-1193.62745098039
			4370.09803921569	-1191.17647058824
			4372.54901960784	-1191.17647058824
			4375	-1191.17647058824
			4377.45098039216	-1191.17647058824
			4379.90196078431	-1188.72549019608
			4382.35294117647	-1188.72549019608
			4384.80392156863	-1188.72549019608
			4387.25490196078	-1188.72549019608
			4387.25490196078	-1186.27450980392
			4389.70588235294	-1186.27450980392
			4392.1568627451	-1186.27450980392
			4394.60784313726	-1186.27450980392
			4397.05882352941	-1186.27450980392
			4399.50980392157	-1183.82352941176
			4401.96078431373	-1183.82352941176
			4404.41176470588	-1183.82352941176
			4406.86274509804	-1183.82352941176
			4409.3137254902	-1181.37254901961
			4411.76470588235	-1181.37254901961
			4414.21568627451	-1181.37254901961
			4416.66666666667	-1178.92156862745
			4419.11764705882	-1178.92156862745
			4421.56862745098	-1178.92156862745
			4424.01960784314	-1178.92156862745
			4426.47058823529	-1176.47058823529
			4428.92156862745	-1176.47058823529
			4431.37254901961	-1176.47058823529
			4433.82352941176	-1176.47058823529
			4436.27450980392	-1176.47058823529
			4438.72549019608	-1174.01960784314
			4441.17647058824	-1174.01960784314
			4443.62745098039	-1174.01960784314
			4446.07843137255	-1174.01960784314
			4448.52941176471	-1171.56862745098
			4450.98039215686	-1171.56862745098
			4453.43137254902	-1171.56862745098
			4455.88235294118	-1171.56862745098
			4458.33333333333	-1171.56862745098
			4460.78431372549	-1169.11764705882
			4463.23529411765	-1169.11764705882
			4465.6862745098	-1169.11764705882
			4468.13725490196	-1169.11764705882
			4470.58823529412	-1169.11764705882
			4473.03921568627	-1166.66666666667
			4475.49019607843	-1166.66666666667
			4477.94117647059	-1166.66666666667
			4480.39215686275	-1166.66666666667
			4482.8431372549	-1166.66666666667
			4485.29411764706	-1164.21568627451
			4487.74509803922	-1164.21568627451
			4490.19607843137	-1164.21568627451
			4492.64705882353	-1164.21568627451
			4495.09803921569	-1164.21568627451
			4497.54901960784	-1161.76470588235
			4500	-1161.76470588235
			4502.45098039216	-1161.76470588235
			4504.90196078431	-1161.76470588235
			4507.35294117647	-1159.3137254902
			4509.80392156863	-1159.3137254902
			4512.25490196078	-1159.3137254902
			4514.70588235294	-1159.3137254902
			4517.1568627451	-1159.3137254902
			4519.60784313726	-1159.3137254902
			4522.05882352941	-1156.86274509804
			4524.50980392157	-1156.86274509804
			4526.96078431373	-1156.86274509804
			4529.41176470588	-1156.86274509804
			4531.86274509804	-1156.86274509804
			4534.3137254902	-1156.86274509804
			4536.76470588235	-1154.41176470588
			4539.21568627451	-1154.41176470588
			4541.66666666667	-1154.41176470588
			4544.11764705882	-1154.41176470588
			4546.56862745098	-1154.41176470588
			4549.01960784314	-1154.41176470588
			4551.47058823529	-1151.96078431373
			4553.92156862745	-1151.96078431373
			4556.37254901961	-1151.96078431373
			4558.82352941176	-1151.96078431373
			4561.27450980392	-1151.96078431373
			4563.72549019608	-1151.96078431373
			4566.17647058824	-1149.50980392157
			4568.62745098039	-1149.50980392157
			4571.07843137255	-1149.50980392157
			4573.52941176471	-1149.50980392157
			4575.98039215686	-1149.50980392157
			4578.43137254902	-1149.50980392157
			4580.88235294118	-1149.50980392157
			4583.33333333333	-1147.05882352941
			4585.78431372549	-1147.05882352941
			4588.23529411765	-1147.05882352941
			4590.6862745098	-1147.05882352941
			4593.13725490196	-1147.05882352941
			4595.58823529412	-1147.05882352941
			4598.03921568627	-1147.05882352941
			4600.49019607843	-1147.05882352941
			4602.94117647059	-1147.05882352941
			4602.94117647059	-1144.60784313726
			4605.39215686275	-1144.60784313726
			4607.8431372549	-1144.60784313726
			4610.29411764706	-1144.60784313726
			4612.74509803922	-1144.60784313726
			4615.19607843137	-1144.60784313726
			4617.64705882353	-1144.60784313726
			4620.09803921569	-1144.60784313726
			4622.54901960784	-1144.60784313726
			4625	-1142.1568627451
			4627.45098039216	-1142.1568627451
			4629.90196078431	-1142.1568627451
			4632.35294117647	-1142.1568627451
			4634.80392156863	-1142.1568627451
			4637.25490196078	-1142.1568627451
			4639.70588235294	-1142.1568627451
			4642.1568627451	-1142.1568627451
			4644.60784313726	-1142.1568627451
			4647.05882352941	-1142.1568627451
			4649.50980392157	-1142.1568627451
			4649.50980392157	-1139.70588235294
			4651.96078431373	-1139.70588235294
			4654.41176470588	-1139.70588235294
			4656.86274509804	-1139.70588235294
			4659.3137254902	-1139.70588235294
			4661.76470588235	-1139.70588235294
			4664.21568627451	-1139.70588235294
			4666.66666666667	-1139.70588235294
			4669.11764705882	-1139.70588235294
			4671.56862745098	-1139.70588235294
			4674.01960784314	-1139.70588235294
			4676.47058823529	-1139.70588235294
			4678.92156862745	-1137.25490196078
			4681.37254901961	-1137.25490196078
			4683.82352941176	-1137.25490196078
			4686.27450980392	-1137.25490196078
			4688.72549019608	-1137.25490196078
			4691.17647058824	-1137.25490196078
			4693.62745098039	-1137.25490196078
			4696.07843137255	-1137.25490196078
			4698.52941176471	-1137.25490196078
			4700.98039215686	-1137.25490196078
			4703.43137254902	-1137.25490196078
			4705.88235294118	-1137.25490196078
			4708.33333333333	-1137.25490196078
			4710.78431372549	-1137.25490196078
			4713.23529411765	-1137.25490196078
			4715.6862745098	-1137.25490196078
			4718.13725490196	-1137.25490196078
			4720.58823529412	-1134.80392156863
			4723.03921568627	-1134.80392156863
			4725.49019607843	-1134.80392156863
			4727.94117647059	-1134.80392156863
			4730.39215686275	-1134.80392156863
			4732.8431372549	-1134.80392156863
			4735.29411764706	-1134.80392156863
			4737.74509803922	-1134.80392156863
			4740.19607843137	-1134.80392156863
			4742.64705882353	-1134.80392156863
			4745.09803921569	-1134.80392156863
			4747.54901960784	-1134.80392156863
			4750	-1134.80392156863
			4752.45098039216	-1134.80392156863
			4754.90196078431	-1134.80392156863
			4757.35294117647	-1134.80392156863
			4759.80392156863	-1134.80392156863
			4762.25490196078	-1134.80392156863
			4764.70588235294	-1134.80392156863
			4767.1568627451	-1134.80392156863
			4769.60784313726	-1134.80392156863
			4772.05882352941	-1134.80392156863
			4774.50980392157	-1134.80392156863
			4776.96078431373	-1134.80392156863
			4779.41176470588	-1134.80392156863
			4781.86274509804	-1134.80392156863
			4784.3137254902	-1134.80392156863
			4786.76470588235	-1134.80392156863
			4789.21568627451	-1134.80392156863
			4791.66666666667	-1134.80392156863
			4794.11764705882	-1134.80392156863
			4796.56862745098	-1134.80392156863
			4799.01960784314	-1134.80392156863
			4801.47058823529	-1134.80392156863
			4803.92156862745	-1134.80392156863
			4806.37254901961	-1134.80392156863
			4808.82352941176	-1134.80392156863
			4811.27450980392	-1134.80392156863
			4813.72549019608	-1134.80392156863
			4816.17647058824	-1134.80392156863
			4818.62745098039	-1134.80392156863
			4821.07843137255	-1134.80392156863
			4823.52941176471	-1134.80392156863
			4825.98039215686	-1134.80392156863
			4828.43137254902	-1134.80392156863
			4830.88235294118	-1134.80392156863
			4833.33333333333	-1134.80392156863
			4835.78431372549	-1134.80392156863
			4838.23529411765	-1134.80392156863
			4840.6862745098	-1134.80392156863
			4843.13725490196	-1134.80392156863
			4845.58823529412	-1134.80392156863
			4848.03921568627	-1134.80392156863
			4850.49019607843	-1134.80392156863
			4852.94117647059	-1134.80392156863
			4855.39215686275	-1134.80392156863
			4857.8431372549	-1137.25490196078
			4860.29411764706	-1137.25490196078
			4862.74509803922	-1137.25490196078
			4865.19607843137	-1137.25490196078
			4867.64705882353	-1137.25490196078
			4870.09803921569	-1137.25490196078
			4872.54901960784	-1137.25490196078
			4875	-1137.25490196078
			4877.45098039216	-1137.25490196078
			4879.90196078431	-1137.25490196078
			4882.35294117647	-1137.25490196078
			4884.80392156863	-1137.25490196078
			4887.25490196078	-1137.25490196078
			4889.70588235294	-1137.25490196078
			4892.1568627451	-1137.25490196078
			4894.60784313726	-1137.25490196078
			4897.05882352941	-1139.70588235294
			4899.50980392157	-1139.70588235294
			4901.96078431373	-1139.70588235294
			4904.41176470588	-1139.70588235294
			4906.86274509804	-1139.70588235294
			4909.3137254902	-1139.70588235294
			4911.76470588235	-1139.70588235294
			4914.21568627451	-1139.70588235294
			4916.66666666667	-1139.70588235294
			4919.11764705882	-1139.70588235294
			4921.56862745098	-1139.70588235294
			4924.01960784314	-1139.70588235294
			4926.47058823529	-1142.1568627451
			4928.92156862745	-1142.1568627451
			4931.37254901961	-1142.1568627451
			4933.82352941176	-1142.1568627451
			4936.27450980392	-1142.1568627451
			4938.72549019608	-1142.1568627451
			4941.17647058824	-1142.1568627451
			4943.62745098039	-1142.1568627451
			4946.07843137255	-1142.1568627451
			4948.52941176471	-1142.1568627451
			4950.98039215686	-1144.60784313726
			4953.43137254902	-1144.60784313726
			4955.88235294118	-1144.60784313726
			4958.33333333333	-1144.60784313726
			4960.78431372549	-1144.60784313726
			4963.23529411765	-1144.60784313726
			4965.6862745098	-1144.60784313726
			4968.13725490196	-1144.60784313726
			4970.58823529412	-1144.60784313726
			4973.03921568627	-1147.05882352941
			4975.49019607843	-1147.05882352941
			4977.94117647059	-1147.05882352941
			4980.39215686275	-1147.05882352941
			4982.8431372549	-1147.05882352941
			4985.29411764706	-1147.05882352941
			4987.74509803922	-1147.05882352941
			4990.19607843137	-1149.50980392157
			4992.64705882353	-1149.50980392157
			4995.09803921569	-1149.50980392157
			4997.54901960784	-1149.50980392157
			5000	-1149.50980392157
			5002.45098039216	-1149.50980392157
			5004.90196078431	-1149.50980392157
			5007.35294117647	-1151.96078431373
			5009.80392156863	-1151.96078431373
			5012.25490196078	-1151.96078431373
			5014.70588235294	-1151.96078431373
			5017.1568627451	-1151.96078431373
			5019.60784313726	-1151.96078431373
			5022.05882352941	-1151.96078431373
			5024.50980392157	-1154.41176470588
			5026.96078431373	-1154.41176470588
			5029.41176470588	-1154.41176470588
			5031.86274509804	-1154.41176470588
			5034.3137254902	-1154.41176470588
			5036.76470588235	-1154.41176470588
			5039.21568627451	-1156.86274509804
			5041.66666666667	-1156.86274509804
			5044.11764705882	-1156.86274509804
			5046.56862745098	-1156.86274509804
			5049.01960784314	-1156.86274509804
			5051.47058823529	-1156.86274509804
			5053.92156862745	-1159.3137254902
			5056.37254901961	-1159.3137254902
			5058.82352941176	-1159.3137254902
			5061.27450980392	-1159.3137254902
			5063.72549019608	-1159.3137254902
			5066.17647058824	-1161.76470588235
			5068.62745098039	-1161.76470588235
			5071.07843137255	-1161.76470588235
			5073.52941176471	-1161.76470588235
			5075.98039215686	-1161.76470588235
			5078.43137254902	-1164.21568627451
			5080.88235294118	-1164.21568627451
			5083.33333333333	-1164.21568627451
			5085.78431372549	-1164.21568627451
			5088.23529411765	-1164.21568627451
			5090.6862745098	-1166.66666666667
			5093.13725490196	-1166.66666666667
			5095.58823529412	-1166.66666666667
			5098.03921568627	-1166.66666666667
			5100.49019607843	-1166.66666666667
			5102.94117647059	-1169.11764705882
			5105.39215686275	-1169.11764705882
			5107.8431372549	-1169.11764705882
			5110.29411764706	-1169.11764705882
			5112.74509803922	-1169.11764705882
			5115.19607843137	-1171.56862745098
			5117.64705882353	-1171.56862745098
			5120.09803921569	-1171.56862745098
			5122.54901960784	-1171.56862745098
			5125	-1174.01960784314
			5127.45098039216	-1174.01960784314
			5129.90196078431	-1174.01960784314
			5132.35294117647	-1174.01960784314
			5134.80392156863	-1176.47058823529
			5137.25490196078	-1176.47058823529
			5139.70588235294	-1176.47058823529
			5142.1568627451	-1176.47058823529
			5144.60784313726	-1176.47058823529
			5147.05882352941	-1178.92156862745
			5149.50980392157	-1178.92156862745
			5151.96078431373	-1178.92156862745
			5154.41176470588	-1178.92156862745
			5156.86274509804	-1181.37254901961
			5159.3137254902	-1181.37254901961
			5161.76470588235	-1181.37254901961
			5164.21568627451	-1181.37254901961
			5166.66666666667	-1183.82352941176
			5169.11764705882	-1183.82352941176
			5171.56862745098	-1183.82352941176
			5174.01960784314	-1183.82352941176
			5176.47058823529	-1186.27450980392
			5178.92156862745	-1186.27450980392
			5181.37254901961	-1186.27450980392
			5183.82352941176	-1188.72549019608
			5186.27450980392	-1188.72549019608
			5188.72549019608	-1188.72549019608
			5191.17647058824	-1188.72549019608
			5193.62745098039	-1191.17647058824
			5196.07843137255	-1191.17647058824
			5198.52941176471	-1191.17647058824
			5200.98039215686	-1191.17647058824
			5203.43137254902	-1193.62745098039
			5205.88235294118	-1193.62745098039
			5208.33333333333	-1193.62745098039
			5210.78431372549	-1196.07843137255
			5213.23529411765	-1196.07843137255
			5215.6862745098	-1196.07843137255
			5218.13725490196	-1196.07843137255
			5220.58823529412	-1198.52941176471
			5223.03921568627	-1198.52941176471
			5225.49019607843	-1198.52941176471
			5227.94117647059	-1200.98039215686
			5230.39215686275	-1200.98039215686
			5232.8431372549	-1200.98039215686
			5235.29411764706	-1203.43137254902
			5237.74509803922	-1203.43137254902
			5240.19607843137	-1203.43137254902
			5242.64705882353	-1203.43137254902
			5245.09803921569	-1205.88235294118
			5247.54901960784	-1205.88235294118
			5250	-1205.88235294118
			5252.45098039216	-1208.33333333333
			5254.90196078431	-1208.33333333333
			5257.35294117647	-1208.33333333333
			5259.80392156863	-1210.78431372549
			5262.25490196078	-1210.78431372549
			5264.70588235294	-1210.78431372549
			5267.1568627451	-1213.23529411765
			5269.60784313726	-1213.23529411765
			5272.05882352941	-1213.23529411765
			5274.50980392157	-1215.6862745098
			5276.96078431373	-1215.6862745098
			5279.41176470588	-1215.6862745098
			5281.86274509804	-1218.13725490196
			5284.3137254902	-1218.13725490196
			5286.76470588235	-1218.13725490196
			5289.21568627451	-1220.58823529412
			5291.66666666667	-1220.58823529412
			5294.11764705882	-1220.58823529412
			5296.56862745098	-1223.03921568627
			5299.01960784314	-1223.03921568627
			5301.47058823529	-1223.03921568627
			5303.92156862745	-1225.49019607843
			5306.37254901961	-1225.49019607843
			5308.82352941176	-1225.49019607843
			5311.27450980392	-1227.94117647059
			5313.72549019608	-1227.94117647059
			5316.17647058824	-1227.94117647059
			5318.62745098039	-1230.39215686275
			5321.07843137255	-1230.39215686275
			5323.52941176471	-1232.8431372549
			5325.98039215686	-1232.8431372549
			5328.43137254902	-1232.8431372549
			5330.88235294118	-1235.29411764706
			5333.33333333333	-1235.29411764706
			5335.78431372549	-1235.29411764706
			5338.23529411765	-1237.74509803922
			5340.6862745098	-1237.74509803922
			5343.13725490196	-1237.74509803922
			5345.58823529412	-1240.19607843137
			5348.03921568627	-1240.19607843137
			5350.49019607843	-1242.64705882353
			5352.94117647059	-1242.64705882353
			5355.39215686275	-1242.64705882353
			5357.8431372549	-1245.09803921569
			5360.29411764706	-1245.09803921569
			5360.29411764706	-1247.54901960784
			5362.74509803922	-1247.54901960784
			5365.19607843137	-1247.54901960784
			5367.64705882353	-1250
			5370.09803921569	-1250
			5372.54901960784	-1252.45098039216
			5375	-1252.45098039216
			5377.45098039216	-1252.45098039216
			5379.90196078431	-1254.90196078431
			5382.35294117647	-1254.90196078431
			5384.80392156863	-1257.35294117647
			5387.25490196078	-1257.35294117647
			5389.70588235294	-1257.35294117647
			5392.1568627451	-1259.80392156863
			5394.60784313726	-1259.80392156863
			5397.05882352941	-1262.25490196078
			5399.50980392157	-1262.25490196078
			5401.96078431373	-1262.25490196078
			5404.41176470588	-1264.70588235294
			5406.86274509804	-1264.70588235294
			5409.3137254902	-1267.1568627451
			5411.76470588235	-1267.1568627451
			5414.21568627451	-1269.60784313726
			5416.66666666667	-1269.60784313726
			5419.11764705882	-1269.60784313726
			5421.56862745098	-1272.05882352941
			5424.01960784314	-1272.05882352941
			5426.47058823529	-1274.50980392157
			5428.92156862745	-1274.50980392157
			5431.37254901961	-1276.96078431373
			5433.82352941176	-1276.96078431373
			5436.27450980392	-1276.96078431373
			5438.72549019608	-1279.41176470588
			5441.17647058824	-1279.41176470588
			5443.62745098039	-1281.86274509804
			5446.07843137255	-1281.86274509804
			5448.52941176471	-1284.3137254902
			5450.98039215686	-1284.3137254902
			5453.43137254902	-1286.76470588235
			5455.88235294118	-1286.76470588235
			5458.33333333333	-1286.76470588235
			5460.78431372549	-1289.21568627451
			5463.23529411765	-1289.21568627451
			5465.6862745098	-1291.66666666667
			5468.13725490196	-1291.66666666667
			5470.58823529412	-1294.11764705882
			5473.03921568627	-1294.11764705882
			5475.49019607843	-1296.56862745098
			5477.94117647059	-1296.56862745098
			5480.39215686275	-1299.01960784314
			5482.8431372549	-1299.01960784314
			5485.29411764706	-1301.47058823529
			5487.74509803922	-1301.47058823529
			5490.19607843137	-1303.92156862745
			5492.64705882353	-1303.92156862745
			5495.09803921569	-1306.37254901961
			5497.54901960784	-1306.37254901961
			5500	-1306.37254901961
			5502.45098039216	-1308.82352941176
			5504.90196078431	-1308.82352941176
			5507.35294117647	-1311.27450980392
			5509.80392156863	-1311.27450980392
			5512.25490196078	-1313.72549019608
			5514.70588235294	-1313.72549019608
			5517.1568627451	-1316.17647058824
			5519.60784313726	-1316.17647058824
			5522.05882352941	-1318.62745098039
			5524.50980392157	-1318.62745098039
			5526.96078431373	-1321.07843137255
			5529.41176470588	-1321.07843137255
			5529.41176470588	-1323.52941176471
			5531.86274509804	-1323.52941176471
			5534.3137254902	-1325.98039215686
			5536.76470588235	-1325.98039215686
			5539.21568627451	-1328.43137254902
			5541.66666666667	-1328.43137254902
			5544.11764705882	-1330.88235294118
			5546.56862745098	-1330.88235294118
			5549.01960784314	-1333.33333333333
			5551.47058823529	-1335.78431372549
			5553.92156862745	-1335.78431372549
			5556.37254901961	-1338.23529411765
			5558.82352941176	-1338.23529411765
			5561.27450980392	-1340.6862745098
			5563.72549019608	-1340.6862745098
			5566.17647058824	-1343.13725490196
			5568.62745098039	-1343.13725490196
			5571.07843137255	-1345.58823529412
			5573.52941176471	-1345.58823529412
			5575.98039215686	-1348.03921568627
			5578.43137254902	-1348.03921568627
			5580.88235294118	-1350.49019607843
			5583.33333333333	-1350.49019607843
			5585.78431372549	-1352.94117647059
			5588.23529411765	-1355.39215686275
			5590.6862745098	-1355.39215686275
			5593.13725490196	-1357.8431372549
			5595.58823529412	-1357.8431372549
			5598.03921568627	-1360.29411764706
			5600.49019607843	-1360.29411764706
			5602.94117647059	-1362.74509803922
			5605.39215686275	-1362.74509803922
			5607.8431372549	-1365.19607843137
			5610.29411764706	-1365.19607843137
			5612.74509803922	-1365.19607843137
			5615.19607843137	-1367.64705882353
			5617.64705882353	-1367.64705882353
			5620.09803921569	-1367.64705882353
			5622.54901960784	-1370.09803921569
			5625	-1370.09803921569
			5627.45098039216	-1370.09803921569
			5629.90196078431	-1370.09803921569
			5632.35294117647	-1372.54901960784
			5634.80392156863	-1372.54901960784
			5637.25490196078	-1372.54901960784
			5639.70588235294	-1375
			5642.1568627451	-1375
			5644.60784313726	-1375
			5647.05882352941	-1375
			5649.50980392157	-1377.45098039216
			5651.96078431373	-1377.45098039216
			5654.41176470588	-1377.45098039216
			5656.86274509804	-1379.90196078431
			5659.3137254902	-1379.90196078431
			5661.76470588235	-1379.90196078431
			5664.21568627451	-1382.35294117647
			5666.66666666667	-1382.35294117647
			5669.11764705882	-1382.35294117647
			5671.56862745098	-1382.35294117647
			5674.01960784314	-1384.80392156863
			5676.47058823529	-1384.80392156863
			5678.92156862745	-1387.25490196078
			5681.37254901961	-1387.25490196078
			5683.82352941176	-1387.25490196078
			5686.27450980392	-1387.25490196078
			5686.27450980392	-1389.70588235294
			5688.72549019608	-1389.70588235294
			5691.17647058824	-1389.70588235294
			5693.62745098039	-1389.70588235294
			5696.07843137255	-1392.1568627451
			5698.52941176471	-1392.1568627451
			5700.98039215686	-1394.60784313726
			5703.43137254902	-1394.60784313726
			5705.88235294118	-1394.60784313726
			5708.33333333333	-1397.05882352941
			5710.78431372549	-1397.05882352941
			5713.23529411765	-1397.05882352941
			5715.6862745098	-1399.50980392157
			5718.13725490196	-1399.50980392157
			5720.58823529412	-1399.50980392157
			5723.03921568627	-1401.96078431373
			5725.49019607843	-1401.96078431373
			5727.94117647059	-1404.41176470588
			5730.39215686275	-1404.41176470588
			5732.8431372549	-1404.41176470588
			5735.29411764706	-1406.86274509804
			5737.74509803922	-1406.86274509804
			5740.19607843137	-1409.3137254902
			5742.64705882353	-1409.3137254902
			5745.09803921569	-1411.76470588235
			5747.54901960784	-1411.76470588235
			5750	-1411.76470588235
			5752.45098039216	-1414.21568627451
			5754.90196078431	-1414.21568627451
			5757.35294117647	-1416.66666666667
			5759.80392156863	-1416.66666666667
			5762.25490196078	-1416.66666666667
			5764.70588235294	-1419.11764705882
			5767.1568627451	-1419.11764705882
			5769.60784313726	-1421.56862745098
			5772.05882352941	-1421.56862745098
			5774.50980392157	-1424.01960784314
			5776.96078431373	-1424.01960784314
			5779.41176470588	-1426.47058823529
			5781.86274509804	-1426.47058823529
			5784.3137254902	-1426.47058823529
			5786.76470588235	-1428.92156862745
			5789.21568627451	-1431.37254901961
			5791.66666666667	-1431.37254901961
			5794.11764705882	-1431.37254901961
			5796.56862745098	-1433.82352941176
			5799.01960784314	-1433.82352941176
			5801.47058823529	-1436.27450980392
			5803.92156862745	-1436.27450980392
			5806.37254901961	-1438.72549019608
			5808.82352941176	-1438.72549019608
			5811.27450980392	-1438.72549019608
			5811.27450980392	-1441.17647058824
			5813.72549019608	-1441.17647058824
			5816.17647058824	-1443.62745098039
			5818.62745098039	-1443.62745098039
			5821.07843137255	-1446.07843137255
			5823.52941176471	-1446.07843137255
			5825.98039215686	-1448.52941176471
			5828.43137254902	-1450.98039215686
			5830.88235294118	-1450.98039215686
			5833.33333333333	-1453.43137254902
			5835.78431372549	-1453.43137254902
			5838.23529411765	-1455.88235294118
			5840.6862745098	-1455.88235294118
			5843.13725490196	-1458.33333333333
			5845.58823529412	-1458.33333333333
			5848.03921568627	-1460.78431372549
			5850.49019607843	-1463.23529411765
			5852.94117647059	-1463.23529411765
			5855.39215686275	-1465.6862745098
			5857.8431372549	-1465.6862745098
			5860.29411764706	-1468.13725490196
			5862.74509803922	-1468.13725490196
			5865.19607843137	-1470.58823529412
			5867.64705882353	-1473.03921568627
			5870.09803921569	-1473.03921568627
			5872.54901960784	-1475.49019607843
			5875	-1475.49019607843
			5877.45098039216	-1477.94117647059
			5879.90196078431	-1480.39215686275
			5882.35294117647	-1480.39215686275
			5884.80392156863	-1482.8431372549
			5887.25490196078	-1482.8431372549
			5889.70588235294	-1485.29411764706
			5892.1568627451	-1487.74509803922
			5894.60784313726	-1487.74509803922
			5897.05882352941	-1490.19607843137
			5899.50980392157	-1492.64705882353
			5901.96078431373	-1495.09803921569
			5904.41176470588	-1497.54901960784
			5906.86274509804	-1497.54901960784
			5909.3137254902	-1497.54901960784
			5909.3137254902	-1500
			5911.76470588235	-1500
			5914.21568627451	-1502.45098039216
			5916.66666666667	-1504.90196078431
			5919.11764705882	-1507.35294117647
			5921.56862745098	-1507.35294117647
			5924.01960784314	-1509.80392156863
			5926.47058823529	-1509.80392156863
			5926.47058823529	-1512.25490196078
			5928.92156862745	-1514.70588235294
			5931.37254901961	-1514.70588235294
			5933.82352941176	-1517.1568627451
			5936.27450980392	-1517.1568627451
			5936.27450980392	-1519.60784313726
			5938.72549019608	-1522.05882352941
			5941.17647058824	-1522.05882352941
			5943.62745098039	-1524.50980392157
			5946.07843137255	-1526.96078431373
			5948.52941176471	-1529.41176470588
			5950.98039215686	-1529.41176470588
			5953.43137254902	-1531.86274509804
			5955.88235294118	-1534.3137254902
			5958.33333333333	-1536.76470588235
			5960.78431372549	-1539.21568627451
			5963.23529411765	-1541.66666666667
			5965.6862745098	-1544.11764705882
			5968.13725490196	-1544.11764705882
			5970.58823529412	-1546.56862745098
			5973.03921568628	-1549.01960784314
			5975.49019607843	-1551.47058823529
			5977.94117647059	-1553.92156862745
			5980.39215686275	-1556.37254901961
			5982.8431372549	-1558.82352941176
			5985.29411764706	-1558.82352941176
			5985.29411764706	-1561.27450980392
			5987.74509803922	-1563.72549019608
			5990.19607843137	-1563.72549019608
			5990.19607843137	-1566.17647058824
			5992.64705882353	-1568.62745098039
			5995.09803921569	-1568.62745098039
			5997.54901960784	-1571.07843137255
			5997.54901960784	-1573.52941176471
			6000	-1573.52941176471
			6002.45098039216	-1575.98039215686
			6002.45098039216	-1578.43137254902
			6004.90196078431	-1578.43137254902
			6007.35294117647	-1580.88235294118
			6007.35294117647	-1583.33333333333
			6009.80392156863	-1583.33333333333
			6012.25490196078	-1585.78431372549
			6012.25490196078	-1588.23529411765
			6014.70588235294	-1588.23529411765
			6017.1568627451	-1590.6862745098
			6017.1568627451	-1593.13725490196
			6019.60784313726	-1595.58823529412
			6022.05882352941	-1595.58823529412
			6022.05882352941	-1598.03921568627
			6024.50980392157	-1600.49019607843
			6026.96078431373	-1600.49019607843
			6026.96078431373	-1602.94117647059
			6029.41176470588	-1605.39215686275
			6031.86274509804	-1607.8431372549
			6034.3137254902	-1610.29411764706
			6036.76470588235	-1612.74509803922
			6039.21568627451	-1615.19607843137
			6039.21568627451	-1617.64705882353
			6041.66666666667	-1620.09803921569
			6044.11764705882	-1622.54901960784
			6046.56862745098	-1622.54901960784
			6046.56862745098	-1625
			6049.01960784314	-1627.45098039216
			6051.47058823529	-1629.90196078431
			6053.92156862745	-1632.35294117647
			6053.92156862745	-1634.80392156863
			6056.37254901961	-1637.25490196078
			6058.82352941176	-1639.70588235294
			6061.27450980392	-1642.1568627451
			6061.27450980392	-1644.60784313726
			6063.72549019608	-1647.05882352941
			6066.17647058824	-1647.05882352941
			6066.17647058824	-1649.50980392157
			6068.62745098039	-1651.96078431373
			6071.07843137255	-1654.41176470588
			6073.52941176471	-1656.86274509804
			6073.52941176471	-1659.3137254902
			6075.98039215686	-1661.76470588235
			6078.43137254902	-1664.21568627451
			6078.43137254902	-1666.66666666667
			6080.88235294118	-1669.11764705882
			6083.33333333333	-1671.56862745098
			6083.33333333333	-1674.01960784314
			6085.78431372549	-1676.47058823529
			6088.23529411765	-1678.92156862745
			6088.23529411765	-1681.37254901961
			6090.6862745098	-1683.82352941176
			6093.13725490196	-1686.27450980392
			6093.13725490196	-1688.72549019608
			6095.58823529412	-1691.17647058824
			6098.03921568628	-1693.62745098039
			6098.03921568628	-1696.07843137255
			6100.49019607843	-1698.52941176471
			6102.94117647059	-1700.98039215686
			6102.94117647059	-1703.43137254902
			6105.39215686275	-1705.88235294118
			6105.39215686275	-1708.33333333333
			6107.8431372549	-1710.78431372549
			6110.29411764706	-1713.23529411765
			6110.29411764706	-1715.6862745098
			6112.74509803922	-1718.13725490196
			6112.74509803922	-1720.58823529412
			6115.19607843137	-1723.03921568627
			6117.64705882353	-1725.49019607843
			6117.64705882353	-1727.94117647059
			6120.09803921569	-1730.39215686275
			6120.09803921569	-1732.8431372549
			6122.54901960784	-1735.29411764706
		</C1>
		<C2 type=matrix rownames=FALSE colnames=FALSE nrow=284 ncol=2 as.numeric=TRUE >
			5169.11764705882	-3012.25490196078
			5171.56862745098	-3014.70588235294
			5174.01960784314	-3017.1568627451
			5176.47058823529	-3017.1568627451
			5178.92156862745	-3019.60784313726
			5181.37254901961	-3022.05882352941
			5181.37254901961	-3024.50980392157
			5183.82352941176	-3024.50980392157
			5186.27450980392	-3026.96078431373
			5188.72549019608	-3029.41176470588
			5191.17647058824	-3029.41176470588
			5191.17647058824	-3031.86274509804
			5193.62745098039	-3034.3137254902
			5196.07843137255	-3034.3137254902
			5198.52941176471	-3036.76470588235
			5200.98039215686	-3039.21568627451
			5203.43137254902	-3041.66666666667
			5205.88235294118	-3044.11764705882
			5208.33333333333	-3046.56862745098
			5210.78431372549	-3049.01960784314
			5213.23529411765	-3049.01960784314
			5215.6862745098	-3051.47058823529
			5215.6862745098	-3053.92156862745
			5218.13725490196	-3056.37254901961
			5220.58823529412	-3058.82352941176
			5223.03921568627	-3058.82352941176
			5225.49019607843	-3061.27450980392
			5227.94117647059	-3063.72549019608
			5230.39215686275	-3066.17647058824
			5230.39215686275	-3068.62745098039
			5232.8431372549	-3068.62745098039
			5235.29411764706	-3071.07843137255
			5237.74509803922	-3073.52941176471
			5240.19607843137	-3075.98039215686
			5240.19607843137	-3078.43137254902
			5242.64705882353	-3078.43137254902
			5245.09803921569	-3080.88235294118
			5247.54901960784	-3083.33333333333
			5247.54901960784	-3085.78431372549
			5250	-3085.78431372549
			5252.45098039216	-3088.23529411765
			5252.45098039216	-3090.6862745098
			5254.90196078431	-3093.13725490196
			5257.35294117647	-3095.58823529412
			5259.80392156863	-3095.58823529412
			5259.80392156863	-3098.03921568627
			5262.25490196078	-3100.49019607843
			5264.70588235294	-3102.94117647059
			5267.1568627451	-3105.39215686275
			5269.60784313726	-3107.8431372549
			5269.60784313726	-3110.29411764706
			5272.05882352941	-3112.74509803922
			5274.50980392157	-3115.19607843137
			5274.50980392157	-3117.64705882353
			5274.50980392157	-3120.09803921569
			5274.50980392157	-3122.54901960784
			5274.50980392157	-3125
			5274.50980392157	-3127.45098039216
			5272.05882352941	-3129.90196078431
			5272.05882352941	-3132.35294117647
			5272.05882352941	-3134.80392156863
			5269.60784313726	-3137.25490196078
			5269.60784313726	-3139.70588235294
			5267.1568627451	-3142.1568627451
			5267.1568627451	-3144.60784313726
			5264.70588235294	-3147.05882352941
			5264.70588235294	-3149.50980392157
			5262.25490196078	-3149.50980392157
			5259.80392156863	-3151.96078431373
			5257.35294117647	-3154.41176470588
			5257.35294117647	-3156.86274509804
			5254.90196078431	-3156.86274509804
			5252.45098039216	-3159.3137254902
			5250	-3161.76470588235
			5247.54901960784	-3161.76470588235
			5245.09803921569	-3164.21568627451
			5242.64705882353	-3166.66666666667
			5240.19607843137	-3166.66666666667
			5237.74509803922	-3169.11764705882
			5235.29411764706	-3169.11764705882
			5232.8431372549	-3169.11764705882
			5230.39215686275	-3171.56862745098
			5227.94117647059	-3171.56862745098
			5225.49019607843	-3171.56862745098
			5223.03921568627	-3174.01960784314
			5220.58823529412	-3174.01960784314
			5218.13725490196	-3174.01960784314
			5215.6862745098	-3176.47058823529
			5213.23529411765	-3176.47058823529
			5210.78431372549	-3176.47058823529
			5208.33333333333	-3176.47058823529
			5205.88235294118	-3176.47058823529
			5203.43137254902	-3178.92156862745
			5200.98039215686	-3178.92156862745
			5198.52941176471	-3178.92156862745
			5196.07843137255	-3178.92156862745
			5193.62745098039	-3178.92156862745
			5191.17647058824	-3178.92156862745
			5188.72549019608	-3178.92156862745
			5186.27450980392	-3178.92156862745
			5183.82352941176	-3181.37254901961
			5181.37254901961	-3181.37254901961
			5178.92156862745	-3181.37254901961
			5176.47058823529	-3181.37254901961
			5174.01960784314	-3181.37254901961
			5171.56862745098	-3181.37254901961
			5169.11764705882	-3181.37254901961
			5166.66666666667	-3181.37254901961
			5164.21568627451	-3181.37254901961
			5161.76470588235	-3181.37254901961
			5159.3137254902	-3181.37254901961
			5156.86274509804	-3181.37254901961
			5154.41176470588	-3181.37254901961
			5151.96078431373	-3181.37254901961
			5149.50980392157	-3181.37254901961
			5147.05882352941	-3181.37254901961
			5144.60784313726	-3181.37254901961
			5142.1568627451	-3181.37254901961
			5139.70588235294	-3181.37254901961
			5137.25490196078	-3181.37254901961
			5134.80392156863	-3181.37254901961
			5132.35294117647	-3181.37254901961
			5129.90196078431	-3183.82352941176
			5127.45098039216	-3186.27450980392
			5125	-3186.27450980392
			5122.54901960784	-3188.72549019608
			5120.09803921569	-3188.72549019608
			5120.09803921569	-3191.17647058824
			5117.64705882353	-3191.17647058824
			5115.19607843137	-3193.62745098039
			5112.74509803922	-3196.07843137255
			5110.29411764706	-3196.07843137255
			5110.29411764706	-3198.52941176471
			5107.8431372549	-3198.52941176471
			5105.39215686275	-3200.98039215686
			5102.94117647059	-3200.98039215686
			5100.49019607843	-3200.98039215686
			5098.03921568627	-3203.43137254902
			5095.58823529412	-3205.88235294118
			5093.13725490196	-3205.88235294118
			5090.6862745098	-3208.33333333333
			5088.23529411765	-3208.33333333333
			5085.78431372549	-3210.78431372549
			5083.33333333333	-3210.78431372549
			5080.88235294118	-3210.78431372549
			5078.43137254902	-3213.23529411765
			5075.98039215686	-3213.23529411765
			5073.52941176471	-3215.6862745098
			5071.07843137255	-3215.6862745098
			5068.62745098039	-3215.6862745098
			5066.17647058824	-3215.6862745098
			5063.72549019608	-3218.13725490196
			5061.27450980392	-3218.13725490196
			5058.82352941176	-3218.13725490196
			5056.37254901961	-3220.58823529412
			5053.92156862745	-3220.58823529412
			5051.47058823529	-3220.58823529412
			5049.01960784314	-3220.58823529412
			5046.56862745098	-3220.58823529412
			5044.11764705882	-3220.58823529412
			5041.66666666667	-3223.03921568627
			5039.21568627451	-3223.03921568627
			5036.76470588235	-3223.03921568627
			5034.3137254902	-3223.03921568627
			5031.86274509804	-3223.03921568627
			5029.41176470588	-3223.03921568627
			5026.96078431373	-3223.03921568627
			5024.50980392157	-3223.03921568627
			5022.05882352941	-3223.03921568627
			5019.60784313726	-3223.03921568627
			5017.1568627451	-3220.58823529412
			5014.70588235294	-3220.58823529412
			5012.25490196078	-3220.58823529412
			5009.80392156863	-3220.58823529412
			5007.35294117647	-3220.58823529412
			5004.90196078431	-3218.13725490196
			5002.45098039216	-3218.13725490196
			5000	-3218.13725490196
			4997.54901960784	-3218.13725490196
			4995.09803921569	-3215.6862745098
			4992.64705882353	-3215.6862745098
			4990.19607843137	-3215.6862745098
			4987.74509803922	-3213.23529411765
			4985.29411764706	-3213.23529411765
			4982.8431372549	-3210.78431372549
			4980.39215686275	-3210.78431372549
			4977.94117647059	-3208.33333333333
			4975.49019607843	-3205.88235294118
			4973.03921568627	-3205.88235294118
			4970.58823529412	-3203.43137254902
			4968.13725490196	-3203.43137254902
			4965.6862745098	-3200.98039215686
			4963.23529411765	-3198.52941176471
			4960.78431372549	-3198.52941176471
			4958.33333333333	-3196.07843137255
			4955.88235294118	-3193.62745098039
			4953.43137254902	-3191.17647058824
			4950.98039215686	-3191.17647058824
			4950.98039215686	-3188.72549019608
			4948.52941176471	-3188.72549019608
			4946.07843137255	-3186.27450980392
			4943.62745098039	-3183.82352941176
			4943.62745098039	-3181.37254901961
			4941.17647058824	-3181.37254901961
			4938.72549019608	-3178.92156862745
			4938.72549019608	-3176.47058823529
			4936.27450980392	-3176.47058823529
			4933.82352941176	-3174.01960784314
			4931.37254901961	-3171.56862745098
			4931.37254901961	-3169.11764705882
			4928.92156862745	-3166.66666666667
			4926.47058823529	-3166.66666666667
			4926.47058823529	-3164.21568627451
			4924.01960784314	-3161.76470588235
			4921.56862745098	-3159.3137254902
			4921.56862745098	-3156.86274509804
			4919.11764705882	-3154.41176470588
			4916.66666666667	-3151.96078431373
			4914.21568627451	-3149.50980392157
			4914.21568627451	-3147.05882352941
			4911.76470588235	-3144.60784313726
			4909.3137254902	-3142.1568627451
			4909.3137254902	-3139.70588235294
			4906.86274509804	-3137.25490196078
			4904.41176470588	-3134.80392156863
			4904.41176470588	-3132.35294117647
			4901.96078431373	-3129.90196078431
			4901.96078431373	-3127.45098039216
			4901.96078431373	-3125
			4901.96078431373	-3122.54901960784
			4899.50980392157	-3120.09803921569
			4899.50980392157	-3117.64705882353
			4899.50980392157	-3115.19607843137
			4899.50980392157	-3112.74509803922
			4899.50980392157	-3110.29411764706
			4899.50980392157	-3107.8431372549
			4899.50980392157	-3105.39215686275
			4897.05882352941	-3102.94117647059
			4897.05882352941	-3100.49019607843
			4897.05882352941	-3098.03921568627
			4897.05882352941	-3095.58823529412
			4897.05882352941	-3093.13725490196
			4897.05882352941	-3090.6862745098
			4897.05882352941	-3088.23529411765
			4897.05882352941	-3085.78431372549
			4897.05882352941	-3083.33333333333
			4897.05882352941	-3080.88235294118
			4897.05882352941	-3078.43137254902
			4894.60784313726	-3075.98039215686
			4894.60784313726	-3073.52941176471
			4894.60784313726	-3071.07843137255
			4894.60784313726	-3068.62745098039
			4894.60784313726	-3066.17647058824
			4894.60784313726	-3063.72549019608
			4894.60784313726	-3061.27450980392
			4894.60784313726	-3058.82352941176
			4894.60784313726	-3056.37254901961
			4894.60784313726	-3053.92156862745
			4894.60784313726	-3051.47058823529
			4894.60784313726	-3049.01960784314
			4894.60784313726	-3046.56862745098
			4894.60784313726	-3044.11764705882
			4894.60784313726	-3041.66666666667
			4894.60784313726	-3039.21568627451
			4894.60784313726	-3036.76470588235
			4894.60784313726	-3034.3137254902
			4894.60784313726	-3031.86274509804
			4894.60784313726	-3029.41176470588
			4894.60784313726	-3026.96078431373
			4894.60784313726	-3024.50980392157
			4894.60784313726	-3022.05882352941
			4894.60784313726	-3019.60784313726
			4894.60784313726	-3017.1568627451
			4894.60784313726	-3014.70588235294
			4894.60784313726	-3012.25490196078
			4894.60784313726	-3009.80392156863
			4894.60784313726	-3007.35294117647
			4894.60784313726	-3004.90196078431
			4897.05882352941	-3002.45098039216
			4897.05882352941	-3000
			4897.05882352941	-2997.54901960784
			4897.05882352941	-2995.09803921569
			4897.05882352941	-2992.64705882353
			4897.05882352941	-2990.19607843137
		</C2>
	</curves.scaled>
	<ruler.points type=matrix rownames=TRUE colnames=FALSE nrow=2 ncol=2 as.numeric=TRUE >
		Ruler point 1	3	1877
		Ruler point 2	105	1877
	</ruler.points>
</shapes>

