<shapes type=list>
	<ruler.pixel type=vector names=FALSE length=1 as.numeric=TRUE >102</ruler.pixel>
	<ruler.interval type=vector names=FALSE length=1 as.numeric=TRUE >250</ruler.interval>
	<scaling.units type=vector names=FALSE length=1 as.numeric=FALSE >nm</scaling.units>
	<scaling type=vector names=FALSE length=1 as.numeric=TRUE >2.45098039215686</scaling>
	<landmarks.pixel type=matrix rownames=TRUE colnames=FALSE nrow=10 ncol=2 as.numeric=TRUE >
		1-Pore1R	1111	800
		2-Pore1L	1043	806
		3-Pore2T	742	931
		4-Pore2B	747	986
		5-Pore3T	872	1202
		6-Pore3B	922	1249
		7-Pore4L	1368	1273
		8-Pore4R	1472	1237
		9-Anchor	1557	1225
		10-Tip	1478	873
	</landmarks.pixel>
	<landmarks.scaled type=matrix rownames=TRUE colnames=FALSE nrow=10 ncol=2 as.numeric=TRUE >
		1-Pore1R	2723.03921568627	-1960.78431372549
		2-Pore1L	2556.37254901961	-1975.49019607843
		3-Pore2T	1818.62745098039	-2281.86274509804
		4-Pore2B	1830.88235294118	-2416.66666666667
		5-Pore3T	2137.25490196078	-2946.07843137255
		6-Pore3B	2259.80392156863	-3061.27450980392
		7-Pore4L	3352.94117647059	-3120.09803921569
		8-Pore4R	3607.8431372549	-3031.86274509804
		9-Anchor	3816.17647058824	-3002.45098039216
		10-Tip	3622.54901960784	-2139.70588235294
	</landmarks.scaled>
	<curves.control type=list>
		<C1 type=matrix rownames=FALSE colnames=FALSE nrow=7 ncol=2 as.numeric=TRUE >
			1557	1225
			1529	1158
			1506	1037
			1500	995
			1467	961
			1436	908
			1478	873
		</C1>
	</curves.control>
	<curves.pixel type=list>
		<C1 type=matrix rownames=FALSE colnames=FALSE nrow=362 ncol=2 as.numeric=TRUE >
			1557	1225
			1557	1224
			1556	1223
			1556	1222
			1555	1221
			1555	1220
			1554	1219
			1554	1218
			1554	1217
			1553	1216
			1553	1215
			1552	1214
			1552	1213
			1552	1212
			1552	1211
			1551	1210
			1551	1209
			1550	1208
			1550	1207
			1549	1206
			1549	1205
			1549	1204
			1548	1203
			1548	1202
			1548	1201
			1547	1200
			1547	1199
			1547	1198
			1546	1197
			1546	1196
			1546	1195
			1545	1194
			1545	1193
			1545	1192
			1544	1191
			1544	1190
			1544	1189
			1543	1188
			1543	1187
			1543	1186
			1542	1185
			1542	1184
			1542	1183
			1541	1182
			1541	1181
			1541	1180
			1540	1179
			1540	1178
			1540	1177
			1539	1176
			1539	1175
			1539	1174
			1539	1173
			1538	1172
			1538	1171
			1538	1170
			1537	1169
			1537	1168
			1537	1167
			1536	1166
			1536	1165
			1536	1164
			1535	1163
			1535	1162
			1535	1161
			1535	1160
			1534	1159
			1534	1158
			1534	1157
			1533	1156
			1533	1155
			1533	1154
			1533	1153
			1532	1153
			1532	1152
			1532	1151
			1532	1150
			1531	1149
			1531	1148
			1531	1147
			1531	1146
			1530	1145
			1530	1144
			1530	1143
			1530	1142
			1529	1141
			1529	1140
			1529	1139
			1529	1138
			1528	1137
			1528	1136
			1528	1135
			1527	1134
			1527	1133
			1527	1132
			1527	1131
			1526	1130
			1526	1129
			1526	1128
			1526	1127
			1525	1126
			1525	1125
			1525	1124
			1525	1123
			1524	1122
			1524	1121
			1524	1120
			1524	1119
			1523	1118
			1523	1117
			1523	1116
			1523	1115
			1522	1114
			1522	1113
			1522	1112
			1522	1111
			1521	1110
			1521	1109
			1521	1108
			1521	1107
			1521	1106
			1520	1105
			1520	1104
			1520	1103
			1520	1102
			1519	1101
			1519	1100
			1519	1099
			1519	1098
			1518	1097
			1518	1096
			1518	1095
			1518	1094
			1518	1093
			1517	1092
			1517	1091
			1517	1090
			1517	1089
			1516	1088
			1516	1087
			1516	1086
			1516	1085
			1516	1084
			1515	1083
			1515	1082
			1515	1081
			1515	1080
			1514	1079
			1514	1078
			1514	1077
			1514	1076
			1514	1075
			1513	1074
			1513	1073
			1513	1072
			1513	1071
			1513	1070
			1512	1069
			1512	1068
			1512	1067
			1512	1066
			1512	1065
			1511	1064
			1511	1063
			1511	1062
			1511	1061
			1511	1060
			1510	1059
			1510	1058
			1510	1057
			1510	1056
			1510	1055
			1509	1055
			1509	1054
			1509	1053
			1509	1052
			1509	1051
			1509	1050
			1508	1049
			1508	1048
			1508	1047
			1508	1046
			1508	1045
			1507	1044
			1507	1043
			1507	1042
			1507	1041
			1506	1040
			1506	1039
			1506	1038
			1506	1037
			1506	1036
			1506	1035
			1506	1034
			1505	1033
			1505	1032
			1505	1031
			1505	1030
			1505	1029
			1504	1028
			1504	1027
			1504	1026
			1504	1025
			1503	1024
			1503	1023
			1503	1022
			1503	1021
			1502	1020
			1502	1019
			1502	1018
			1502	1017
			1501	1016
			1501	1015
			1501	1014
			1500	1014
			1500	1013
			1500	1012
			1499	1011
			1499	1010
			1499	1009
			1498	1008
			1498	1007
			1498	1006
			1497	1005
			1497	1004
			1496	1003
			1495	1002
			1495	1001
			1495	1000
			1494	999
			1494	998
			1493	997
			1493	996
			1492	995
			1492	994
			1491	994
			1491	993
			1491	992
			1490	991
			1489	990
			1489	989
			1488	988
			1488	987
			1487	986
			1486	985
			1486	984
			1485	983
			1484	982
			1483	981
			1483	980
			1482	979
			1481	978
			1481	977
			1480	977
			1480	976
			1479	975
			1478	974
			1478	973
			1477	972
			1476	971
			1475	970
			1474	969
			1474	968
			1473	967
			1472	966
			1471	966
			1470	965
			1470	964
			1469	963
			1468	962
			1467	961
			1466	960
			1466	959
			1465	958
			1465	957
			1464	956
			1464	955
			1463	954
			1463	953
			1462	952
			1462	951
			1461	950
			1461	949
			1460	948
			1460	947
			1460	946
			1459	945
			1459	944
			1458	943
			1458	942
			1458	941
			1457	940
			1457	939
			1457	938
			1456	937
			1456	936
			1456	935
			1456	934
			1455	933
			1455	932
			1455	931
			1455	930
			1455	929
			1454	928
			1454	927
			1454	926
			1454	925
			1454	924
			1454	923
			1454	922
			1454	921
			1454	920
			1454	919
			1454	918
			1454	917
			1454	916
			1454	915
			1454	914
			1454	913
			1454	912
			1454	911
			1455	910
			1455	909
			1455	908
			1455	907
			1456	906
			1456	905
			1456	904
			1456	903
			1457	902
			1457	901
			1458	900
			1458	899
			1458	898
			1459	897
			1459	896
			1460	895
			1460	894
			1461	893
			1461	892
			1462	891
			1462	890
			1463	889
			1464	889
			1464	888
			1465	887
			1466	886
			1466	885
			1467	884
			1468	883
			1468	882
			1469	881
			1470	881
			1471	880
			1472	879
			1473	878
			1473	877
			1474	876
			1475	875
			1476	875
			1477	874
			1478	873
		</C1>
	</curves.pixel>
	<curves.scaled type=list>
		<C1 type=matrix rownames=FALSE colnames=FALSE nrow=362 ncol=2 as.numeric=TRUE >
			3816.17647058824	-3002.45098039216
			3816.17647058824	-3000
			3813.72549019608	-2997.54901960784
			3813.72549019608	-2995.09803921569
			3811.27450980392	-2992.64705882353
			3811.27450980392	-2990.19607843137
			3808.82352941176	-2987.74509803922
			3808.82352941176	-2985.29411764706
			3808.82352941176	-2982.8431372549
			3806.37254901961	-2980.39215686275
			3806.37254901961	-2977.94117647059
			3803.92156862745	-2975.49019607843
			3803.92156862745	-2973.03921568627
			3803.92156862745	-2970.58823529412
			3803.92156862745	-2968.13725490196
			3801.47058823529	-2965.6862745098
			3801.47058823529	-2963.23529411765
			3799.01960784314	-2960.78431372549
			3799.01960784314	-2958.33333333333
			3796.56862745098	-2955.88235294118
			3796.56862745098	-2953.43137254902
			3796.56862745098	-2950.98039215686
			3794.11764705882	-2948.52941176471
			3794.11764705882	-2946.07843137255
			3794.11764705882	-2943.62745098039
			3791.66666666667	-2941.17647058824
			3791.66666666667	-2938.72549019608
			3791.66666666667	-2936.27450980392
			3789.21568627451	-2933.82352941176
			3789.21568627451	-2931.37254901961
			3789.21568627451	-2928.92156862745
			3786.76470588235	-2926.47058823529
			3786.76470588235	-2924.01960784314
			3786.76470588235	-2921.56862745098
			3784.3137254902	-2919.11764705882
			3784.3137254902	-2916.66666666667
			3784.3137254902	-2914.21568627451
			3781.86274509804	-2911.76470588235
			3781.86274509804	-2909.3137254902
			3781.86274509804	-2906.86274509804
			3779.41176470588	-2904.41176470588
			3779.41176470588	-2901.96078431373
			3779.41176470588	-2899.50980392157
			3776.96078431373	-2897.05882352941
			3776.96078431373	-2894.60784313726
			3776.96078431373	-2892.1568627451
			3774.50980392157	-2889.70588235294
			3774.50980392157	-2887.25490196078
			3774.50980392157	-2884.80392156863
			3772.05882352941	-2882.35294117647
			3772.05882352941	-2879.90196078431
			3772.05882352941	-2877.45098039216
			3772.05882352941	-2875
			3769.60784313726	-2872.54901960784
			3769.60784313726	-2870.09803921569
			3769.60784313726	-2867.64705882353
			3767.1568627451	-2865.19607843137
			3767.1568627451	-2862.74509803922
			3767.1568627451	-2860.29411764706
			3764.70588235294	-2857.8431372549
			3764.70588235294	-2855.39215686275
			3764.70588235294	-2852.94117647059
			3762.25490196078	-2850.49019607843
			3762.25490196078	-2848.03921568627
			3762.25490196078	-2845.58823529412
			3762.25490196078	-2843.13725490196
			3759.80392156863	-2840.6862745098
			3759.80392156863	-2838.23529411765
			3759.80392156863	-2835.78431372549
			3757.35294117647	-2833.33333333333
			3757.35294117647	-2830.88235294118
			3757.35294117647	-2828.43137254902
			3757.35294117647	-2825.98039215686
			3754.90196078431	-2825.98039215686
			3754.90196078431	-2823.52941176471
			3754.90196078431	-2821.07843137255
			3754.90196078431	-2818.62745098039
			3752.45098039216	-2816.17647058824
			3752.45098039216	-2813.72549019608
			3752.45098039216	-2811.27450980392
			3752.45098039216	-2808.82352941176
			3750	-2806.37254901961
			3750	-2803.92156862745
			3750	-2801.47058823529
			3750	-2799.01960784314
			3747.54901960784	-2796.56862745098
			3747.54901960784	-2794.11764705882
			3747.54901960784	-2791.66666666667
			3747.54901960784	-2789.21568627451
			3745.09803921569	-2786.76470588235
			3745.09803921569	-2784.3137254902
			3745.09803921569	-2781.86274509804
			3742.64705882353	-2779.41176470588
			3742.64705882353	-2776.96078431373
			3742.64705882353	-2774.50980392157
			3742.64705882353	-2772.05882352941
			3740.19607843137	-2769.60784313726
			3740.19607843137	-2767.1568627451
			3740.19607843137	-2764.70588235294
			3740.19607843137	-2762.25490196078
			3737.74509803922	-2759.80392156863
			3737.74509803922	-2757.35294117647
			3737.74509803922	-2754.90196078431
			3737.74509803922	-2752.45098039216
			3735.29411764706	-2750
			3735.29411764706	-2747.54901960784
			3735.29411764706	-2745.09803921569
			3735.29411764706	-2742.64705882353
			3732.8431372549	-2740.19607843137
			3732.8431372549	-2737.74509803922
			3732.8431372549	-2735.29411764706
			3732.8431372549	-2732.8431372549
			3730.39215686275	-2730.39215686275
			3730.39215686275	-2727.94117647059
			3730.39215686275	-2725.49019607843
			3730.39215686275	-2723.03921568627
			3727.94117647059	-2720.58823529412
			3727.94117647059	-2718.13725490196
			3727.94117647059	-2715.6862745098
			3727.94117647059	-2713.23529411765
			3727.94117647059	-2710.78431372549
			3725.49019607843	-2708.33333333333
			3725.49019607843	-2705.88235294118
			3725.49019607843	-2703.43137254902
			3725.49019607843	-2700.98039215686
			3723.03921568627	-2698.52941176471
			3723.03921568627	-2696.07843137255
			3723.03921568627	-2693.62745098039
			3723.03921568627	-2691.17647058824
			3720.58823529412	-2688.72549019608
			3720.58823529412	-2686.27450980392
			3720.58823529412	-2683.82352941176
			3720.58823529412	-2681.37254901961
			3720.58823529412	-2678.92156862745
			3718.13725490196	-2676.47058823529
			3718.13725490196	-2674.01960784314
			3718.13725490196	-2671.56862745098
			3718.13725490196	-2669.11764705882
			3715.6862745098	-2666.66666666667
			3715.6862745098	-2664.21568627451
			3715.6862745098	-2661.76470588235
			3715.6862745098	-2659.3137254902
			3715.6862745098	-2656.86274509804
			3713.23529411765	-2654.41176470588
			3713.23529411765	-2651.96078431373
			3713.23529411765	-2649.50980392157
			3713.23529411765	-2647.05882352941
			3710.78431372549	-2644.60784313726
			3710.78431372549	-2642.1568627451
			3710.78431372549	-2639.70588235294
			3710.78431372549	-2637.25490196078
			3710.78431372549	-2634.80392156863
			3708.33333333333	-2632.35294117647
			3708.33333333333	-2629.90196078431
			3708.33333333333	-2627.45098039216
			3708.33333333333	-2625
			3708.33333333333	-2622.54901960784
			3705.88235294118	-2620.09803921569
			3705.88235294118	-2617.64705882353
			3705.88235294118	-2615.19607843137
			3705.88235294118	-2612.74509803922
			3705.88235294118	-2610.29411764706
			3703.43137254902	-2607.8431372549
			3703.43137254902	-2605.39215686275
			3703.43137254902	-2602.94117647059
			3703.43137254902	-2600.49019607843
			3703.43137254902	-2598.03921568627
			3700.98039215686	-2595.58823529412
			3700.98039215686	-2593.13725490196
			3700.98039215686	-2590.6862745098
			3700.98039215686	-2588.23529411765
			3700.98039215686	-2585.78431372549
			3698.52941176471	-2585.78431372549
			3698.52941176471	-2583.33333333333
			3698.52941176471	-2580.88235294118
			3698.52941176471	-2578.43137254902
			3698.52941176471	-2575.98039215686
			3698.52941176471	-2573.52941176471
			3696.07843137255	-2571.07843137255
			3696.07843137255	-2568.62745098039
			3696.07843137255	-2566.17647058824
			3696.07843137255	-2563.72549019608
			3696.07843137255	-2561.27450980392
			3693.62745098039	-2558.82352941176
			3693.62745098039	-2556.37254901961
			3693.62745098039	-2553.92156862745
			3693.62745098039	-2551.47058823529
			3691.17647058824	-2549.01960784314
			3691.17647058824	-2546.56862745098
			3691.17647058824	-2544.11764705882
			3691.17647058824	-2541.66666666667
			3691.17647058824	-2539.21568627451
			3691.17647058824	-2536.76470588235
			3691.17647058824	-2534.3137254902
			3688.72549019608	-2531.86274509804
			3688.72549019608	-2529.41176470588
			3688.72549019608	-2526.96078431373
			3688.72549019608	-2524.50980392157
			3688.72549019608	-2522.05882352941
			3686.27450980392	-2519.60784313726
			3686.27450980392	-2517.1568627451
			3686.27450980392	-2514.70588235294
			3686.27450980392	-2512.25490196078
			3683.82352941176	-2509.80392156863
			3683.82352941176	-2507.35294117647
			3683.82352941176	-2504.90196078431
			3683.82352941176	-2502.45098039216
			3681.37254901961	-2500
			3681.37254901961	-2497.54901960784
			3681.37254901961	-2495.09803921569
			3681.37254901961	-2492.64705882353
			3678.92156862745	-2490.19607843137
			3678.92156862745	-2487.74509803922
			3678.92156862745	-2485.29411764706
			3676.47058823529	-2485.29411764706
			3676.47058823529	-2482.8431372549
			3676.47058823529	-2480.39215686275
			3674.01960784314	-2477.94117647059
			3674.01960784314	-2475.49019607843
			3674.01960784314	-2473.03921568627
			3671.56862745098	-2470.58823529412
			3671.56862745098	-2468.13725490196
			3671.56862745098	-2465.6862745098
			3669.11764705882	-2463.23529411765
			3669.11764705882	-2460.78431372549
			3666.66666666667	-2458.33333333333
			3664.21568627451	-2455.88235294118
			3664.21568627451	-2453.43137254902
			3664.21568627451	-2450.98039215686
			3661.76470588235	-2448.52941176471
			3661.76470588235	-2446.07843137255
			3659.3137254902	-2443.62745098039
			3659.3137254902	-2441.17647058824
			3656.86274509804	-2438.72549019608
			3656.86274509804	-2436.27450980392
			3654.41176470588	-2436.27450980392
			3654.41176470588	-2433.82352941176
			3654.41176470588	-2431.37254901961
			3651.96078431373	-2428.92156862745
			3649.50980392157	-2426.47058823529
			3649.50980392157	-2424.01960784314
			3647.05882352941	-2421.56862745098
			3647.05882352941	-2419.11764705882
			3644.60784313726	-2416.66666666667
			3642.1568627451	-2414.21568627451
			3642.1568627451	-2411.76470588235
			3639.70588235294	-2409.3137254902
			3637.25490196078	-2406.86274509804
			3634.80392156863	-2404.41176470588
			3634.80392156863	-2401.96078431373
			3632.35294117647	-2399.50980392157
			3629.90196078431	-2397.05882352941
			3629.90196078431	-2394.60784313726
			3627.45098039216	-2394.60784313726
			3627.45098039216	-2392.1568627451
			3625	-2389.70588235294
			3622.54901960784	-2387.25490196078
			3622.54901960784	-2384.80392156863
			3620.09803921569	-2382.35294117647
			3617.64705882353	-2379.90196078431
			3615.19607843137	-2377.45098039216
			3612.74509803922	-2375
			3612.74509803922	-2372.54901960784
			3610.29411764706	-2370.09803921569
			3607.8431372549	-2367.64705882353
			3605.39215686275	-2367.64705882353
			3602.94117647059	-2365.19607843137
			3602.94117647059	-2362.74509803922
			3600.49019607843	-2360.29411764706
			3598.03921568627	-2357.8431372549
			3595.58823529412	-2355.39215686275
			3593.13725490196	-2352.94117647059
			3593.13725490196	-2350.49019607843
			3590.6862745098	-2348.03921568627
			3590.6862745098	-2345.58823529412
			3588.23529411765	-2343.13725490196
			3588.23529411765	-2340.6862745098
			3585.78431372549	-2338.23529411765
			3585.78431372549	-2335.78431372549
			3583.33333333333	-2333.33333333333
			3583.33333333333	-2330.88235294118
			3580.88235294118	-2328.43137254902
			3580.88235294118	-2325.98039215686
			3578.43137254902	-2323.52941176471
			3578.43137254902	-2321.07843137255
			3578.43137254902	-2318.62745098039
			3575.98039215686	-2316.17647058824
			3575.98039215686	-2313.72549019608
			3573.52941176471	-2311.27450980392
			3573.52941176471	-2308.82352941176
			3573.52941176471	-2306.37254901961
			3571.07843137255	-2303.92156862745
			3571.07843137255	-2301.47058823529
			3571.07843137255	-2299.01960784314
			3568.62745098039	-2296.56862745098
			3568.62745098039	-2294.11764705882
			3568.62745098039	-2291.66666666667
			3568.62745098039	-2289.21568627451
			3566.17647058824	-2286.76470588235
			3566.17647058824	-2284.3137254902
			3566.17647058824	-2281.86274509804
			3566.17647058824	-2279.41176470588
			3566.17647058824	-2276.96078431373
			3563.72549019608	-2274.50980392157
			3563.72549019608	-2272.05882352941
			3563.72549019608	-2269.60784313726
			3563.72549019608	-2267.1568627451
			3563.72549019608	-2264.70588235294
			3563.72549019608	-2262.25490196078
			3563.72549019608	-2259.80392156863
			3563.72549019608	-2257.35294117647
			3563.72549019608	-2254.90196078431
			3563.72549019608	-2252.45098039216
			3563.72549019608	-2250
			3563.72549019608	-2247.54901960784
			3563.72549019608	-2245.09803921569
			3563.72549019608	-2242.64705882353
			3563.72549019608	-2240.19607843137
			3563.72549019608	-2237.74509803922
			3563.72549019608	-2235.29411764706
			3563.72549019608	-2232.8431372549
			3566.17647058824	-2230.39215686275
			3566.17647058824	-2227.94117647059
			3566.17647058824	-2225.49019607843
			3566.17647058824	-2223.03921568627
			3568.62745098039	-2220.58823529412
			3568.62745098039	-2218.13725490196
			3568.62745098039	-2215.6862745098
			3568.62745098039	-2213.23529411765
			3571.07843137255	-2210.78431372549
			3571.07843137255	-2208.33333333333
			3573.52941176471	-2205.88235294118
			3573.52941176471	-2203.43137254902
			3573.52941176471	-2200.98039215686
			3575.98039215686	-2198.52941176471
			3575.98039215686	-2196.07843137255
			3578.43137254902	-2193.62745098039
			3578.43137254902	-2191.17647058824
			3580.88235294118	-2188.72549019608
			3580.88235294118	-2186.27450980392
			3583.33333333333	-2183.82352941176
			3583.33333333333	-2181.37254901961
			3585.78431372549	-2178.92156862745
			3588.23529411765	-2178.92156862745
			3588.23529411765	-2176.47058823529
			3590.6862745098	-2174.01960784314
			3593.13725490196	-2171.56862745098
			3593.13725490196	-2169.11764705882
			3595.58823529412	-2166.66666666667
			3598.03921568627	-2164.21568627451
			3598.03921568627	-2161.76470588235
			3600.49019607843	-2159.3137254902
			3602.94117647059	-2159.3137254902
			3605.39215686275	-2156.86274509804
			3607.8431372549	-2154.41176470588
			3610.29411764706	-2151.96078431373
			3610.29411764706	-2149.50980392157
			3612.74509803922	-2147.05882352941
			3615.19607843137	-2144.60784313726
			3617.64705882353	-2144.60784313726
			3620.09803921569	-2142.1568627451
			3622.54901960784	-2139.70588235294
		</C1>
	</curves.scaled>
	<ruler.points type=matrix rownames=TRUE colnames=FALSE nrow=2 ncol=2 as.numeric=TRUE >
		Ruler point 1	3	1877
		Ruler point 2	105	1877
	</ruler.points>
</shapes>

