<shapes type=list>
	<ruler.pixel type=vector names=FALSE length=1 as.numeric=TRUE >102</ruler.pixel>
	<ruler.interval type=vector names=FALSE length=1 as.numeric=TRUE >250</ruler.interval>
	<scaling.units type=vector names=FALSE length=1 as.numeric=FALSE >nm</scaling.units>
	<scaling type=vector names=FALSE length=1 as.numeric=TRUE >2.45098039215686</scaling>
	<landmarks.pixel type=matrix rownames=TRUE colnames=FALSE nrow=10 ncol=2 as.numeric=TRUE >
		1-Pore1R	1183	554
		2-Pore1L	1131	569
		3-Pore2T	782	831
		4-Pore2B	795	884
		5-Pore3T	939	1087
		6-Pore3B	1000	1130
		7-Pore4L	1557	1097
		8-Pore4R	1703	1097
		9-Anchor	1873	1060
		10-Tip	1703	620
	</landmarks.pixel>
	<landmarks.scaled type=matrix rownames=TRUE colnames=FALSE nrow=10 ncol=2 as.numeric=TRUE >
		1-Pore1R	2899.50980392157	-1357.8431372549
		2-Pore1L	2772.05882352941	-1394.60784313726
		3-Pore2T	1916.66666666667	-2036.76470588235
		4-Pore2B	1948.52941176471	-2166.66666666667
		5-Pore3T	2301.47058823529	-2664.21568627451
		6-Pore3B	2450.98039215686	-2769.60784313726
		7-Pore4L	3816.17647058824	-2688.72549019608
		8-Pore4R	4174.01960784314	-2688.72549019608
		9-Anchor	4590.6862745098	-2598.03921568627
		10-Tip	4174.01960784314	-1519.60784313726
	</landmarks.scaled>
	<curves.control type=list>
		<C1 type=matrix rownames=FALSE colnames=FALSE nrow=7 ncol=2 as.numeric=TRUE >
			1873	1060
			1792	915
			1762	833
			1729	781
			1669	728
			1631	669
			1703	620
		</C1>
	</curves.control>
	<curves.pixel type=list>
		<C1 type=matrix rownames=FALSE colnames=FALSE nrow=473 ncol=2 as.numeric=TRUE >
			1873	1060
			1872	1059
			1872	1058
			1871	1057
			1871	1056
			1870	1055
			1870	1054
			1869	1053
			1869	1052
			1868	1051
			1867	1050
			1867	1049
			1866	1048
			1866	1047
			1865	1046
			1865	1045
			1864	1044
			1864	1043
			1863	1042
			1863	1041
			1862	1040
			1862	1039
			1861	1038
			1860	1037
			1860	1036
			1859	1035
			1858	1034
			1858	1033
			1858	1032
			1857	1031
			1856	1030
			1856	1029
			1855	1028
			1855	1027
			1854	1026
			1854	1025
			1853	1024
			1853	1023
			1852	1022
			1851	1021
			1851	1020
			1850	1019
			1850	1018
			1849	1017
			1849	1016
			1848	1015
			1848	1014
			1847	1013
			1847	1012
			1846	1011
			1846	1010
			1845	1009
			1845	1008
			1844	1007
			1844	1006
			1843	1006
			1843	1005
			1842	1004
			1842	1003
			1841	1002
			1841	1001
			1840	1000
			1840	999
			1839	998
			1839	997
			1838	996
			1838	995
			1837	994
			1837	993
			1836	992
			1835	991
			1835	990
			1835	989
			1834	989
			1834	988
			1833	987
			1833	986
			1832	985
			1832	984
			1831	983
			1831	982
			1830	981
			1830	980
			1829	979
			1829	978
			1828	977
			1828	976
			1827	975
			1827	974
			1826	973
			1826	972
			1825	972
			1825	971
			1824	970
			1824	969
			1823	968
			1823	967
			1822	966
			1822	965
			1822	964
			1821	963
			1821	962
			1820	962
			1820	961
			1819	960
			1819	959
			1818	958
			1818	957
			1817	956
			1817	955
			1817	954
			1816	954
			1816	953
			1815	952
			1815	951
			1814	950
			1814	949
			1813	948
			1813	947
			1813	946
			1812	946
			1812	945
			1811	944
			1811	943
			1810	942
			1810	941
			1810	940
			1809	940
			1809	939
			1808	938
			1808	937
			1807	936
			1807	935
			1807	934
			1806	934
			1806	933
			1805	932
			1805	931
			1804	930
			1804	929
			1803	928
			1803	927
			1802	926
			1802	925
			1801	924
			1801	923
			1800	922
			1800	921
			1799	920
			1799	919
			1798	918
			1798	917
			1798	916
			1797	915
			1797	914
			1796	913
			1796	912
			1795	911
			1795	910
			1794	909
			1794	908
			1793	907
			1793	906
			1793	905
			1792	904
			1792	903
			1791	902
			1790	901
			1790	900
			1790	899
			1789	898
			1789	897
			1788	896
			1788	895
			1787	894
			1787	893
			1787	892
			1786	892
			1786	891
			1786	890
			1785	889
			1785	888
			1784	887
			1784	886
			1783	885
			1783	884
			1783	883
			1782	882
			1782	881
			1781	880
			1781	879
			1780	878
			1780	877
			1779	876
			1779	875
			1778	874
			1778	873
			1778	872
			1777	871
			1777	870
			1776	869
			1776	868
			1776	867
			1775	866
			1775	865
			1774	864
			1774	863
			1773	862
			1773	861
			1772	860
			1772	859
			1772	858
			1771	857
			1771	856
			1771	855
			1770	854
			1770	853
			1769	852
			1769	851
			1769	850
			1768	850
			1768	849
			1768	848
			1767	847
			1767	846
			1766	845
			1766	844
			1766	843
			1765	842
			1765	841
			1765	840
			1764	839
			1764	838
			1763	837
			1763	836
			1763	835
			1762	834
			1762	833
			1762	832
			1761	832
			1761	831
			1760	830
			1760	829
			1759	828
			1758	827
			1757	826
			1757	825
			1756	824
			1756	823
			1755	823
			1755	822
			1754	821
			1754	820
			1753	820
			1753	819
			1752	818
			1751	817
			1750	816
			1750	815
			1749	814
			1748	813
			1748	812
			1747	811
			1746	810
			1745	809
			1744	808
			1744	807
			1743	806
			1743	805
			1742	805
			1742	804
			1741	803
			1740	802
			1739	801
			1738	800
			1738	799
			1737	798
			1736	797
			1735	796
			1734	795
			1734	794
			1733	793
			1732	792
			1731	791
			1731	790
			1730	789
			1729	789
			1728	788
			1727	787
			1727	786
			1726	785
			1725	784
			1724	783
			1723	782
			1723	781
			1722	780
			1721	779
			1720	778
			1719	777
			1718	776
			1718	775
			1717	775
			1716	774
			1715	773
			1714	772
			1713	771
			1712	770
			1711	769
			1711	768
			1710	767
			1709	766
			1708	765
			1707	764
			1706	763
			1705	762
			1704	761
			1703	761
			1702	760
			1702	759
			1701	758
			1700	757
			1699	756
			1698	755
			1697	754
			1696	753
			1695	752
			1694	751
			1693	750
			1692	749
			1691	748
			1690	747
			1689	746
			1688	746
			1687	745
			1686	744
			1685	743
			1684	742
			1683	741
			1682	740
			1681	739
			1680	738
			1679	737
			1678	736
			1677	735
			1676	734
			1675	733
			1674	732
			1673	731
			1672	731
			1671	730
			1670	729
			1669	728
			1668	727
			1667	726
			1667	725
			1666	724
			1666	723
			1665	722
			1665	721
			1664	720
			1664	719
			1663	718
			1663	717
			1662	716
			1662	715
			1661	714
			1661	713
			1661	712
			1660	711
			1660	710
			1659	709
			1659	708
			1659	707
			1659	706
			1658	706
			1658	705
			1658	704
			1658	703
			1657	702
			1657	701
			1657	700
			1657	699
			1657	698
			1656	697
			1656	696
			1656	695
			1656	694
			1656	693
			1656	692
			1656	691
			1656	690
			1656	689
			1656	688
			1656	687
			1656	686
			1656	685
			1656	684
			1656	683
			1656	682
			1656	681
			1656	680
			1657	679
			1657	678
			1657	677
			1657	676
			1658	675
			1658	674
			1658	673
			1658	672
			1659	671
			1659	670
			1659	669
			1660	668
			1660	667
			1661	666
			1661	665
			1661	664
			1662	663
			1662	662
			1663	661
			1663	660
			1664	659
			1665	658
			1665	657
			1666	656
			1666	655
			1667	654
			1668	653
			1669	652
			1669	651
			1670	650
			1670	649
			1671	649
			1672	648
			1672	647
			1673	646
			1674	646
			1674	645
			1675	644
			1676	643
			1676	642
			1677	642
			1678	641
			1678	640
			1679	639
			1680	639
			1681	638
			1681	637
			1682	636
			1683	636
			1684	635
			1685	634
			1685	633
			1686	633
			1687	632
			1688	631
			1689	631
			1690	630
			1691	629
			1692	628
			1693	628
			1694	627
			1695	626
			1695	625
			1696	625
			1697	624
			1698	623
			1699	622
			1700	622
			1701	622
			1701	621
			1702	621
			1703	620
		</C1>
	</curves.pixel>
	<curves.scaled type=list>
		<C1 type=matrix rownames=FALSE colnames=FALSE nrow=473 ncol=2 as.numeric=TRUE >
			4590.6862745098	-2598.03921568627
			4588.23529411765	-2595.58823529412
			4588.23529411765	-2593.13725490196
			4585.78431372549	-2590.6862745098
			4585.78431372549	-2588.23529411765
			4583.33333333333	-2585.78431372549
			4583.33333333333	-2583.33333333333
			4580.88235294118	-2580.88235294118
			4580.88235294118	-2578.43137254902
			4578.43137254902	-2575.98039215686
			4575.98039215686	-2573.52941176471
			4575.98039215686	-2571.07843137255
			4573.52941176471	-2568.62745098039
			4573.52941176471	-2566.17647058824
			4571.07843137255	-2563.72549019608
			4571.07843137255	-2561.27450980392
			4568.62745098039	-2558.82352941176
			4568.62745098039	-2556.37254901961
			4566.17647058824	-2553.92156862745
			4566.17647058824	-2551.47058823529
			4563.72549019608	-2549.01960784314
			4563.72549019608	-2546.56862745098
			4561.27450980392	-2544.11764705882
			4558.82352941176	-2541.66666666667
			4558.82352941176	-2539.21568627451
			4556.37254901961	-2536.76470588235
			4553.92156862745	-2534.3137254902
			4553.92156862745	-2531.86274509804
			4553.92156862745	-2529.41176470588
			4551.47058823529	-2526.96078431373
			4549.01960784314	-2524.50980392157
			4549.01960784314	-2522.05882352941
			4546.56862745098	-2519.60784313726
			4546.56862745098	-2517.1568627451
			4544.11764705882	-2514.70588235294
			4544.11764705882	-2512.25490196078
			4541.66666666667	-2509.80392156863
			4541.66666666667	-2507.35294117647
			4539.21568627451	-2504.90196078431
			4536.76470588235	-2502.45098039216
			4536.76470588235	-2500
			4534.3137254902	-2497.54901960784
			4534.3137254902	-2495.09803921569
			4531.86274509804	-2492.64705882353
			4531.86274509804	-2490.19607843137
			4529.41176470588	-2487.74509803922
			4529.41176470588	-2485.29411764706
			4526.96078431373	-2482.8431372549
			4526.96078431373	-2480.39215686275
			4524.50980392157	-2477.94117647059
			4524.50980392157	-2475.49019607843
			4522.05882352941	-2473.03921568627
			4522.05882352941	-2470.58823529412
			4519.60784313726	-2468.13725490196
			4519.60784313726	-2465.6862745098
			4517.1568627451	-2465.6862745098
			4517.1568627451	-2463.23529411765
			4514.70588235294	-2460.78431372549
			4514.70588235294	-2458.33333333333
			4512.25490196078	-2455.88235294118
			4512.25490196078	-2453.43137254902
			4509.80392156863	-2450.98039215686
			4509.80392156863	-2448.52941176471
			4507.35294117647	-2446.07843137255
			4507.35294117647	-2443.62745098039
			4504.90196078431	-2441.17647058824
			4504.90196078431	-2438.72549019608
			4502.45098039216	-2436.27450980392
			4502.45098039216	-2433.82352941176
			4500	-2431.37254901961
			4497.54901960784	-2428.92156862745
			4497.54901960784	-2426.47058823529
			4497.54901960784	-2424.01960784314
			4495.09803921569	-2424.01960784314
			4495.09803921569	-2421.56862745098
			4492.64705882353	-2419.11764705882
			4492.64705882353	-2416.66666666667
			4490.19607843137	-2414.21568627451
			4490.19607843137	-2411.76470588235
			4487.74509803922	-2409.3137254902
			4487.74509803922	-2406.86274509804
			4485.29411764706	-2404.41176470588
			4485.29411764706	-2401.96078431373
			4482.8431372549	-2399.50980392157
			4482.8431372549	-2397.05882352941
			4480.39215686275	-2394.60784313726
			4480.39215686275	-2392.1568627451
			4477.94117647059	-2389.70588235294
			4477.94117647059	-2387.25490196078
			4475.49019607843	-2384.80392156863
			4475.49019607843	-2382.35294117647
			4473.03921568627	-2382.35294117647
			4473.03921568627	-2379.90196078431
			4470.58823529412	-2377.45098039216
			4470.58823529412	-2375
			4468.13725490196	-2372.54901960784
			4468.13725490196	-2370.09803921569
			4465.6862745098	-2367.64705882353
			4465.6862745098	-2365.19607843137
			4465.6862745098	-2362.74509803922
			4463.23529411765	-2360.29411764706
			4463.23529411765	-2357.8431372549
			4460.78431372549	-2357.8431372549
			4460.78431372549	-2355.39215686275
			4458.33333333333	-2352.94117647059
			4458.33333333333	-2350.49019607843
			4455.88235294118	-2348.03921568627
			4455.88235294118	-2345.58823529412
			4453.43137254902	-2343.13725490196
			4453.43137254902	-2340.6862745098
			4453.43137254902	-2338.23529411765
			4450.98039215686	-2338.23529411765
			4450.98039215686	-2335.78431372549
			4448.52941176471	-2333.33333333333
			4448.52941176471	-2330.88235294118
			4446.07843137255	-2328.43137254902
			4446.07843137255	-2325.98039215686
			4443.62745098039	-2323.52941176471
			4443.62745098039	-2321.07843137255
			4443.62745098039	-2318.62745098039
			4441.17647058824	-2318.62745098039
			4441.17647058824	-2316.17647058824
			4438.72549019608	-2313.72549019608
			4438.72549019608	-2311.27450980392
			4436.27450980392	-2308.82352941176
			4436.27450980392	-2306.37254901961
			4436.27450980392	-2303.92156862745
			4433.82352941176	-2303.92156862745
			4433.82352941176	-2301.47058823529
			4431.37254901961	-2299.01960784314
			4431.37254901961	-2296.56862745098
			4428.92156862745	-2294.11764705882
			4428.92156862745	-2291.66666666667
			4428.92156862745	-2289.21568627451
			4426.47058823529	-2289.21568627451
			4426.47058823529	-2286.76470588235
			4424.01960784314	-2284.3137254902
			4424.01960784314	-2281.86274509804
			4421.56862745098	-2279.41176470588
			4421.56862745098	-2276.96078431373
			4419.11764705882	-2274.50980392157
			4419.11764705882	-2272.05882352941
			4416.66666666667	-2269.60784313726
			4416.66666666667	-2267.1568627451
			4414.21568627451	-2264.70588235294
			4414.21568627451	-2262.25490196078
			4411.76470588235	-2259.80392156863
			4411.76470588235	-2257.35294117647
			4409.3137254902	-2254.90196078431
			4409.3137254902	-2252.45098039216
			4406.86274509804	-2250
			4406.86274509804	-2247.54901960784
			4406.86274509804	-2245.09803921569
			4404.41176470588	-2242.64705882353
			4404.41176470588	-2240.19607843137
			4401.96078431373	-2237.74509803922
			4401.96078431373	-2235.29411764706
			4399.50980392157	-2232.8431372549
			4399.50980392157	-2230.39215686275
			4397.05882352941	-2227.94117647059
			4397.05882352941	-2225.49019607843
			4394.60784313726	-2223.03921568627
			4394.60784313726	-2220.58823529412
			4394.60784313726	-2218.13725490196
			4392.1568627451	-2215.6862745098
			4392.1568627451	-2213.23529411765
			4389.70588235294	-2210.78431372549
			4387.25490196078	-2208.33333333333
			4387.25490196078	-2205.88235294118
			4387.25490196078	-2203.43137254902
			4384.80392156863	-2200.98039215686
			4384.80392156863	-2198.52941176471
			4382.35294117647	-2196.07843137255
			4382.35294117647	-2193.62745098039
			4379.90196078431	-2191.17647058824
			4379.90196078431	-2188.72549019608
			4379.90196078431	-2186.27450980392
			4377.45098039216	-2186.27450980392
			4377.45098039216	-2183.82352941176
			4377.45098039216	-2181.37254901961
			4375	-2178.92156862745
			4375	-2176.47058823529
			4372.54901960784	-2174.01960784314
			4372.54901960784	-2171.56862745098
			4370.09803921569	-2169.11764705882
			4370.09803921569	-2166.66666666667
			4370.09803921569	-2164.21568627451
			4367.64705882353	-2161.76470588235
			4367.64705882353	-2159.3137254902
			4365.19607843137	-2156.86274509804
			4365.19607843137	-2154.41176470588
			4362.74509803922	-2151.96078431373
			4362.74509803922	-2149.50980392157
			4360.29411764706	-2147.05882352941
			4360.29411764706	-2144.60784313726
			4357.8431372549	-2142.1568627451
			4357.8431372549	-2139.70588235294
			4357.8431372549	-2137.25490196078
			4355.39215686275	-2134.80392156863
			4355.39215686275	-2132.35294117647
			4352.94117647059	-2129.90196078431
			4352.94117647059	-2127.45098039216
			4352.94117647059	-2125
			4350.49019607843	-2122.54901960784
			4350.49019607843	-2120.09803921569
			4348.03921568627	-2117.64705882353
			4348.03921568627	-2115.19607843137
			4345.58823529412	-2112.74509803922
			4345.58823529412	-2110.29411764706
			4343.13725490196	-2107.8431372549
			4343.13725490196	-2105.39215686275
			4343.13725490196	-2102.94117647059
			4340.6862745098	-2100.49019607843
			4340.6862745098	-2098.03921568627
			4340.6862745098	-2095.58823529412
			4338.23529411765	-2093.13725490196
			4338.23529411765	-2090.6862745098
			4335.78431372549	-2088.23529411765
			4335.78431372549	-2085.78431372549
			4335.78431372549	-2083.33333333333
			4333.33333333333	-2083.33333333333
			4333.33333333333	-2080.88235294118
			4333.33333333333	-2078.43137254902
			4330.88235294118	-2075.98039215686
			4330.88235294118	-2073.52941176471
			4328.43137254902	-2071.07843137255
			4328.43137254902	-2068.62745098039
			4328.43137254902	-2066.17647058824
			4325.98039215686	-2063.72549019608
			4325.98039215686	-2061.27450980392
			4325.98039215686	-2058.82352941176
			4323.52941176471	-2056.37254901961
			4323.52941176471	-2053.92156862745
			4321.07843137255	-2051.47058823529
			4321.07843137255	-2049.01960784314
			4321.07843137255	-2046.56862745098
			4318.62745098039	-2044.11764705882
			4318.62745098039	-2041.66666666667
			4318.62745098039	-2039.21568627451
			4316.17647058824	-2039.21568627451
			4316.17647058824	-2036.76470588235
			4313.72549019608	-2034.3137254902
			4313.72549019608	-2031.86274509804
			4311.27450980392	-2029.41176470588
			4308.82352941176	-2026.96078431373
			4306.37254901961	-2024.50980392157
			4306.37254901961	-2022.05882352941
			4303.92156862745	-2019.60784313726
			4303.92156862745	-2017.1568627451
			4301.47058823529	-2017.1568627451
			4301.47058823529	-2014.70588235294
			4299.01960784314	-2012.25490196078
			4299.01960784314	-2009.80392156863
			4296.56862745098	-2009.80392156863
			4296.56862745098	-2007.35294117647
			4294.11764705882	-2004.90196078431
			4291.66666666667	-2002.45098039216
			4289.21568627451	-2000
			4289.21568627451	-1997.54901960784
			4286.76470588235	-1995.09803921569
			4284.3137254902	-1992.64705882353
			4284.3137254902	-1990.19607843137
			4281.86274509804	-1987.74509803922
			4279.41176470588	-1985.29411764706
			4276.96078431373	-1982.8431372549
			4274.50980392157	-1980.39215686275
			4274.50980392157	-1977.94117647059
			4272.05882352941	-1975.49019607843
			4272.05882352941	-1973.03921568627
			4269.60784313726	-1973.03921568627
			4269.60784313726	-1970.58823529412
			4267.1568627451	-1968.13725490196
			4264.70588235294	-1965.6862745098
			4262.25490196078	-1963.23529411765
			4259.80392156863	-1960.78431372549
			4259.80392156863	-1958.33333333333
			4257.35294117647	-1955.88235294118
			4254.90196078431	-1953.43137254902
			4252.45098039216	-1950.98039215686
			4250	-1948.52941176471
			4250	-1946.07843137255
			4247.54901960784	-1943.62745098039
			4245.09803921569	-1941.17647058824
			4242.64705882353	-1938.72549019608
			4242.64705882353	-1936.27450980392
			4240.19607843137	-1933.82352941176
			4237.74509803922	-1933.82352941176
			4235.29411764706	-1931.37254901961
			4232.8431372549	-1928.92156862745
			4232.8431372549	-1926.47058823529
			4230.39215686275	-1924.01960784314
			4227.94117647059	-1921.56862745098
			4225.49019607843	-1919.11764705882
			4223.03921568627	-1916.66666666667
			4223.03921568627	-1914.21568627451
			4220.58823529412	-1911.76470588235
			4218.13725490196	-1909.3137254902
			4215.6862745098	-1906.86274509804
			4213.23529411765	-1904.41176470588
			4210.78431372549	-1901.96078431373
			4210.78431372549	-1899.50980392157
			4208.33333333333	-1899.50980392157
			4205.88235294118	-1897.05882352941
			4203.43137254902	-1894.60784313726
			4200.98039215686	-1892.1568627451
			4198.52941176471	-1889.70588235294
			4196.07843137255	-1887.25490196078
			4193.62745098039	-1884.80392156863
			4193.62745098039	-1882.35294117647
			4191.17647058824	-1879.90196078431
			4188.72549019608	-1877.45098039216
			4186.27450980392	-1875
			4183.82352941176	-1872.54901960784
			4181.37254901961	-1870.09803921569
			4178.92156862745	-1867.64705882353
			4176.47058823529	-1865.19607843137
			4174.01960784314	-1865.19607843137
			4171.56862745098	-1862.74509803922
			4171.56862745098	-1860.29411764706
			4169.11764705882	-1857.8431372549
			4166.66666666667	-1855.39215686275
			4164.21568627451	-1852.94117647059
			4161.76470588235	-1850.49019607843
			4159.3137254902	-1848.03921568627
			4156.86274509804	-1845.58823529412
			4154.41176470588	-1843.13725490196
			4151.96078431373	-1840.6862745098
			4149.50980392157	-1838.23529411765
			4147.05882352941	-1835.78431372549
			4144.60784313726	-1833.33333333333
			4142.1568627451	-1830.88235294118
			4139.70588235294	-1828.43137254902
			4137.25490196078	-1828.43137254902
			4134.80392156863	-1825.98039215686
			4132.35294117647	-1823.52941176471
			4129.90196078431	-1821.07843137255
			4127.45098039216	-1818.62745098039
			4125	-1816.17647058824
			4122.54901960784	-1813.72549019608
			4120.09803921569	-1811.27450980392
			4117.64705882353	-1808.82352941176
			4115.19607843137	-1806.37254901961
			4112.74509803922	-1803.92156862745
			4110.29411764706	-1801.47058823529
			4107.8431372549	-1799.01960784314
			4105.39215686275	-1796.56862745098
			4102.94117647059	-1794.11764705882
			4100.49019607843	-1791.66666666667
			4098.03921568627	-1791.66666666667
			4095.58823529412	-1789.21568627451
			4093.13725490196	-1786.76470588235
			4090.6862745098	-1784.3137254902
			4088.23529411765	-1781.86274509804
			4085.78431372549	-1779.41176470588
			4085.78431372549	-1776.96078431373
			4083.33333333333	-1774.50980392157
			4083.33333333333	-1772.05882352941
			4080.88235294118	-1769.60784313726
			4080.88235294118	-1767.1568627451
			4078.43137254902	-1764.70588235294
			4078.43137254902	-1762.25490196078
			4075.98039215686	-1759.80392156863
			4075.98039215686	-1757.35294117647
			4073.52941176471	-1754.90196078431
			4073.52941176471	-1752.45098039216
			4071.07843137255	-1750
			4071.07843137255	-1747.54901960784
			4071.07843137255	-1745.09803921569
			4068.62745098039	-1742.64705882353
			4068.62745098039	-1740.19607843137
			4066.17647058824	-1737.74509803922
			4066.17647058824	-1735.29411764706
			4066.17647058824	-1732.8431372549
			4066.17647058824	-1730.39215686275
			4063.72549019608	-1730.39215686275
			4063.72549019608	-1727.94117647059
			4063.72549019608	-1725.49019607843
			4063.72549019608	-1723.03921568627
			4061.27450980392	-1720.58823529412
			4061.27450980392	-1718.13725490196
			4061.27450980392	-1715.6862745098
			4061.27450980392	-1713.23529411765
			4061.27450980392	-1710.78431372549
			4058.82352941176	-1708.33333333333
			4058.82352941176	-1705.88235294118
			4058.82352941176	-1703.43137254902
			4058.82352941176	-1700.98039215686
			4058.82352941176	-1698.52941176471
			4058.82352941176	-1696.07843137255
			4058.82352941176	-1693.62745098039
			4058.82352941176	-1691.17647058824
			4058.82352941176	-1688.72549019608
			4058.82352941176	-1686.27450980392
			4058.82352941176	-1683.82352941176
			4058.82352941176	-1681.37254901961
			4058.82352941176	-1678.92156862745
			4058.82352941176	-1676.47058823529
			4058.82352941176	-1674.01960784314
			4058.82352941176	-1671.56862745098
			4058.82352941176	-1669.11764705882
			4058.82352941176	-1666.66666666667
			4061.27450980392	-1664.21568627451
			4061.27450980392	-1661.76470588235
			4061.27450980392	-1659.3137254902
			4061.27450980392	-1656.86274509804
			4063.72549019608	-1654.41176470588
			4063.72549019608	-1651.96078431373
			4063.72549019608	-1649.50980392157
			4063.72549019608	-1647.05882352941
			4066.17647058824	-1644.60784313726
			4066.17647058824	-1642.1568627451
			4066.17647058824	-1639.70588235294
			4068.62745098039	-1637.25490196078
			4068.62745098039	-1634.80392156863
			4071.07843137255	-1632.35294117647
			4071.07843137255	-1629.90196078431
			4071.07843137255	-1627.45098039216
			4073.52941176471	-1625
			4073.52941176471	-1622.54901960784
			4075.98039215686	-1620.09803921569
			4075.98039215686	-1617.64705882353
			4078.43137254902	-1615.19607843137
			4080.88235294118	-1612.74509803922
			4080.88235294118	-1610.29411764706
			4083.33333333333	-1607.8431372549
			4083.33333333333	-1605.39215686275
			4085.78431372549	-1602.94117647059
			4088.23529411765	-1600.49019607843
			4090.6862745098	-1598.03921568627
			4090.6862745098	-1595.58823529412
			4093.13725490196	-1593.13725490196
			4093.13725490196	-1590.6862745098
			4095.58823529412	-1590.6862745098
			4098.03921568627	-1588.23529411765
			4098.03921568627	-1585.78431372549
			4100.49019607843	-1583.33333333333
			4102.94117647059	-1583.33333333333
			4102.94117647059	-1580.88235294118
			4105.39215686275	-1578.43137254902
			4107.8431372549	-1575.98039215686
			4107.8431372549	-1573.52941176471
			4110.29411764706	-1573.52941176471
			4112.74509803922	-1571.07843137255
			4112.74509803922	-1568.62745098039
			4115.19607843137	-1566.17647058824
			4117.64705882353	-1566.17647058824
			4120.09803921569	-1563.72549019608
			4120.09803921569	-1561.27450980392
			4122.54901960784	-1558.82352941176
			4125	-1558.82352941176
			4127.45098039216	-1556.37254901961
			4129.90196078431	-1553.92156862745
			4129.90196078431	-1551.47058823529
			4132.35294117647	-1551.47058823529
			4134.80392156863	-1549.01960784314
			4137.25490196078	-1546.56862745098
			4139.70588235294	-1546.56862745098
			4142.1568627451	-1544.11764705882
			4144.60784313726	-1541.66666666667
			4147.05882352941	-1539.21568627451
			4149.50980392157	-1539.21568627451
			4151.96078431373	-1536.76470588235
			4154.41176470588	-1534.3137254902
			4154.41176470588	-1531.86274509804
			4156.86274509804	-1531.86274509804
			4159.3137254902	-1529.41176470588
			4161.76470588235	-1526.96078431373
			4164.21568627451	-1524.50980392157
			4166.66666666667	-1524.50980392157
			4169.11764705882	-1524.50980392157
			4169.11764705882	-1522.05882352941
			4171.56862745098	-1522.05882352941
			4174.01960784314	-1519.60784313726
		</C1>
	</curves.scaled>
	<ruler.points type=matrix rownames=TRUE colnames=FALSE nrow=2 ncol=2 as.numeric=TRUE >
		Ruler point 1	3	1877
		Ruler point 2	105	1877
	</ruler.points>
</shapes>

