<shapes type=list>
	<ruler.pixel type=vector names=FALSE length=1 as.numeric=TRUE >102</ruler.pixel>
	<ruler.interval type=vector names=FALSE length=1 as.numeric=TRUE >250</ruler.interval>
	<scaling.units type=vector names=FALSE length=1 as.numeric=FALSE >nm</scaling.units>
	<scaling type=vector names=FALSE length=1 as.numeric=TRUE >2.45098039215686</scaling>
	<landmarks.pixel type=matrix rownames=TRUE colnames=FALSE nrow=4 ncol=2 as.numeric=TRUE >
		1-EpiLeft	1477	688
		2-EpiRight	1840	764
		3-ArchTop	1830	875
		4-ArchBot	668	873
	</landmarks.pixel>
	<landmarks.scaled type=matrix rownames=TRUE colnames=FALSE nrow=4 ncol=2 as.numeric=TRUE >
		1-EpiLeft	3620.09803921569	-1686.27450980392
		2-EpiRight	4509.80392156863	-1872.54901960784
		3-ArchTop	4485.29411764706	-2144.60784313726
		4-ArchBot	1637.25490196078	-2139.70588235294
	</landmarks.scaled>
	<curves.control type=list>
		<C1 type=matrix rownames=FALSE colnames=FALSE nrow=13 ncol=2 as.numeric=TRUE >
			1477	688
			1546	760
			1472	882
			1436	903
			1453	931
			1481	946
			1538	915
			1590	901
			1647	860
			1690	824
			1751	782
			1792	764
			1840	764
		</C1>
		<C2 type=matrix rownames=FALSE colnames=FALSE nrow=9 ncol=2 as.numeric=TRUE >
			1830	875
			1687	959
			1610	990
			1205	1125
			905	996
			835	961
			792	927
			722	890
			668	873
		</C2>
	</curves.control>
	<curves.pixel type=list>
		<C1 type=matrix rownames=FALSE colnames=FALSE nrow=659 ncol=2 as.numeric=TRUE >
			1477	688
			1478	689
			1479	690
			1480	691
			1481	692
			1481	693
			1482	693
			1483	694
			1483	695
			1484	696
			1485	697
			1486	698
			1486	699
			1487	700
			1488	701
			1489	702
			1489	703
			1490	704
			1491	705
			1491	706
			1492	707
			1493	708
			1494	709
			1494	710
			1494	711
			1495	711
			1495	712
			1496	713
			1496	714
			1497	715
			1498	716
			1498	717
			1499	718
			1499	719
			1499	720
			1500	721
			1500	722
			1501	722
			1501	723
			1501	724
			1502	725
			1502	726
			1502	727
			1503	728
			1503	729
			1503	730
			1504	730
			1504	731
			1504	732
			1505	733
			1505	734
			1505	735
			1506	736
			1506	737
			1506	738
			1506	739
			1507	740
			1507	741
			1507	742
			1508	743
			1508	744
			1508	745
			1508	746
			1508	747
			1508	748
			1509	749
			1509	750
			1509	751
			1509	752
			1509	753
			1509	754
			1510	755
			1510	756
			1510	757
			1510	758
			1510	759
			1510	760
			1510	761
			1510	762
			1510	763
			1510	764
			1510	765
			1510	766
			1510	767
			1510	768
			1510	769
			1510	770
			1510	771
			1510	772
			1510	773
			1510	774
			1510	775
			1510	776
			1510	777
			1510	778
			1510	779
			1510	780
			1510	781
			1510	782
			1510	783
			1509	784
			1509	785
			1509	786
			1509	787
			1509	788
			1509	789
			1509	790
			1509	791
			1508	792
			1508	793
			1508	794
			1508	795
			1508	796
			1507	797
			1507	798
			1507	799
			1507	800
			1507	801
			1506	802
			1506	803
			1506	804
			1506	805
			1505	806
			1505	807
			1505	808
			1505	809
			1504	810
			1504	811
			1504	812
			1504	813
			1503	813
			1503	814
			1503	815
			1503	816
			1503	817
			1502	817
			1502	818
			1502	819
			1502	820
			1501	820
			1501	821
			1501	822
			1501	823
			1500	823
			1500	824
			1500	825
			1499	826
			1499	827
			1499	828
			1498	829
			1498	830
			1498	831
			1497	832
			1497	833
			1496	834
			1496	835
			1496	836
			1495	837
			1495	838
			1494	839
			1494	840
			1493	841
			1493	842
			1493	843
			1492	844
			1492	845
			1491	846
			1491	847
			1490	848
			1490	849
			1490	850
			1489	851
			1488	852
			1488	853
			1487	854
			1487	855
			1486	856
			1486	857
			1485	858
			1485	859
			1484	860
			1484	861
			1483	862
			1483	863
			1482	864
			1482	865
			1481	866
			1481	867
			1480	868
			1480	869
			1479	870
			1478	871
			1478	872
			1477	873
			1477	874
			1476	875
			1476	876
			1475	877
			1474	878
			1474	879
			1473	880
			1473	881
			1472	881
			1472	882
			1471	882
			1470	883
			1469	884
			1468	884
			1467	885
			1466	886
			1465	887
			1464	887
			1463	888
			1462	889
			1461	889
			1460	890
			1459	891
			1459	892
			1458	892
			1457	893
			1457	894
			1456	894
			1455	895
			1455	896
			1454	897
			1453	897
			1453	898
			1452	899
			1452	900
			1451	900
			1451	901
			1451	902
			1450	903
			1449	904
			1449	905
			1449	906
			1448	907
			1448	908
			1448	909
			1448	910
			1448	911
			1448	912
			1448	913
			1448	914
			1448	915
			1448	916
			1448	917
			1448	918
			1448	919
			1448	920
			1448	921
			1449	922
			1449	923
			1449	924
			1450	925
			1450	926
			1451	927
			1451	928
			1452	929
			1452	930
			1453	931
			1454	932
			1455	932
			1456	933
			1457	933
			1458	933
			1459	934
			1460	934
			1461	934
			1462	935
			1463	935
			1464	935
			1465	935
			1466	935
			1467	935
			1468	936
			1469	936
			1470	936
			1471	936
			1472	936
			1473	936
			1474	936
			1475	936
			1476	936
			1477	936
			1478	936
			1479	936
			1480	936
			1481	936
			1482	935
			1483	935
			1484	935
			1485	935
			1486	935
			1487	935
			1488	935
			1489	934
			1490	934
			1491	934
			1492	934
			1493	933
			1494	933
			1495	933
			1496	933
			1497	932
			1498	932
			1499	932
			1500	932
			1501	931
			1502	931
			1503	931
			1504	930
			1505	930
			1506	930
			1507	929
			1508	929
			1509	928
			1510	928
			1511	928
			1512	927
			1513	927
			1514	926
			1515	926
			1516	926
			1517	925
			1518	925
			1519	924
			1520	924
			1521	923
			1522	923
			1523	923
			1524	922
			1525	922
			1526	921
			1527	921
			1527	920
			1528	920
			1529	920
			1530	919
			1531	919
			1531	918
			1532	918
			1533	918
			1534	917
			1535	917
			1536	916
			1537	915
			1538	915
			1539	915
			1540	914
			1541	914
			1542	914
			1543	914
			1544	913
			1545	913
			1546	913
			1547	912
			1548	912
			1549	912
			1550	911
			1551	911
			1552	911
			1553	910
			1554	910
			1555	910
			1556	909
			1557	909
			1558	909
			1559	908
			1560	908
			1561	908
			1562	907
			1563	907
			1564	906
			1565	906
			1566	906
			1567	905
			1568	905
			1569	905
			1570	904
			1571	904
			1572	903
			1573	903
			1574	902
			1575	902
			1576	902
			1577	901
			1578	901
			1579	900
			1580	900
			1581	899
			1582	899
			1583	898
			1584	898
			1585	898
			1586	897
			1587	897
			1588	896
			1589	896
			1590	895
			1591	894
			1592	894
			1593	893
			1594	893
			1595	892
			1596	892
			1597	891
			1598	891
			1599	890
			1600	890
			1601	889
			1602	888
			1603	888
			1604	887
			1605	887
			1606	886
			1607	886
			1608	885
			1609	885
			1610	884
			1611	883
			1612	883
			1613	882
			1614	882
			1615	881
			1616	880
			1617	880
			1618	879
			1619	879
			1620	878
			1621	878
			1622	877
			1623	876
			1624	875
			1625	875
			1626	874
			1627	874
			1628	873
			1629	872
			1630	872
			1631	871
			1632	871
			1632	870
			1633	870
			1634	869
			1635	869
			1636	868
			1636	867
			1637	867
			1638	866
			1639	866
			1640	865
			1641	864
			1642	863
			1643	863
			1644	862
			1645	861
			1646	861
			1647	860
			1648	859
			1649	858
			1650	857
			1651	857
			1652	856
			1653	855
			1654	855
			1655	854
			1655	853
			1656	852
			1657	852
			1658	851
			1659	850
			1660	849
			1661	849
			1662	848
			1663	847
			1664	846
			1665	846
			1666	845
			1667	844
			1668	843
			1669	842
			1670	841
			1671	840
			1672	840
			1673	839
			1674	838
			1675	837
			1676	836
			1677	836
			1678	835
			1679	834
			1680	834
			1681	833
			1681	832
			1682	832
			1683	831
			1684	830
			1685	830
			1686	829
			1687	828
			1688	828
			1689	827
			1689	826
			1690	826
			1691	825
			1692	824
			1693	824
			1694	823
			1695	822
			1696	822
			1697	821
			1698	820
			1699	819
			1700	818
			1701	817
			1702	817
			1703	816
			1704	816
			1704	815
			1705	815
			1706	814
			1707	813
			1708	812
			1709	812
			1710	811
			1711	810
			1712	810
			1712	809
			1713	809
			1714	808
			1715	807
			1716	807
			1717	806
			1718	805
			1719	804
			1720	804
			1721	803
			1722	802
			1723	801
			1724	801
			1725	800
			1726	800
			1727	799
			1728	798
			1729	797
			1730	797
			1731	796
			1732	796
			1732	795
			1733	795
			1734	794
			1735	793
			1736	792
			1737	792
			1738	791
			1739	790
			1740	790
			1741	789
			1742	788
			1743	788
			1744	787
			1745	786
			1746	785
			1747	785
			1748	784
			1749	783
			1750	783
			1751	782
			1752	782
			1753	781
			1754	781
			1755	780
			1756	780
			1757	779
			1758	779
			1759	779
			1760	778
			1761	778
			1762	778
			1763	777
			1764	777
			1765	777
			1765	776
			1766	776
			1767	776
			1768	775
			1769	775
			1770	775
			1771	774
			1772	774
			1773	774
			1774	773
			1775	773
			1776	773
			1777	772
			1778	772
			1779	772
			1780	772
			1781	771
			1782	771
			1783	771
			1784	771
			1785	770
			1786	770
			1787	770
			1788	770
			1789	770
			1790	769
			1791	769
			1792	769
			1793	769
			1794	768
			1795	768
			1796	768
			1797	768
			1798	768
			1799	767
			1800	767
			1801	767
			1802	767
			1803	767
			1804	767
			1805	767
			1806	766
			1807	766
			1808	766
			1809	766
			1810	766
			1811	766
			1812	766
			1813	765
			1814	765
			1815	765
			1816	765
			1817	765
			1818	765
			1819	765
			1820	765
			1821	765
			1822	765
			1823	765
			1824	765
			1825	764
			1826	764
			1827	764
			1828	764
			1829	764
			1830	764
			1831	764
			1832	764
			1833	764
			1834	764
			1835	764
			1836	764
			1837	764
			1838	764
			1839	764
			1840	764
		</C1>
		<C2 type=matrix rownames=FALSE colnames=FALSE nrow=1191 ncol=2 as.numeric=TRUE >
			1830	875
			1829	876
			1828	876
			1827	877
			1826	877
			1825	878
			1824	878
			1824	879
			1823	879
			1822	880
			1821	880
			1820	881
			1819	881
			1818	882
			1817	882
			1816	883
			1815	884
			1814	884
			1814	885
			1813	885
			1812	886
			1811	886
			1810	887
			1809	887
			1808	888
			1807	888
			1806	889
			1805	890
			1804	890
			1803	891
			1802	891
			1801	892
			1800	892
			1799	893
			1798	894
			1797	894
			1796	894
			1796	895
			1795	895
			1794	896
			1793	896
			1793	897
			1792	897
			1791	898
			1790	898
			1789	899
			1788	899
			1787	900
			1786	900
			1785	901
			1784	902
			1783	902
			1782	903
			1781	903
			1780	904
			1779	904
			1778	905
			1777	906
			1776	906
			1775	906
			1775	907
			1774	907
			1773	908
			1772	908
			1772	909
			1771	909
			1770	909
			1770	910
			1769	910
			1768	911
			1767	911
			1766	912
			1765	912
			1764	913
			1763	913
			1762	914
			1761	914
			1761	915
			1760	915
			1759	916
			1758	916
			1757	917
			1756	917
			1755	918
			1754	918
			1754	919
			1753	919
			1752	920
			1751	920
			1750	921
			1749	921
			1748	922
			1747	923
			1746	923
			1745	924
			1744	924
			1743	925
			1742	925
			1741	926
			1740	926
			1739	927
			1738	927
			1737	928
			1736	929
			1735	929
			1734	930
			1733	930
			1732	931
			1731	931
			1730	932
			1729	932
			1728	933
			1727	933
			1726	934
			1725	934
			1724	935
			1723	935
			1722	936
			1721	936
			1720	937
			1719	938
			1718	938
			1717	939
			1716	939
			1715	940
			1714	940
			1713	941
			1712	941
			1712	942
			1711	942
			1710	943
			1709	943
			1708	944
			1707	944
			1706	944
			1705	945
			1704	945
			1703	946
			1702	946
			1701	947
			1700	947
			1700	948
			1699	948
			1698	949
			1697	949
			1696	950
			1695	950
			1694	951
			1693	951
			1692	952
			1691	952
			1690	953
			1689	953
			1688	954
			1687	955
			1686	955
			1685	955
			1684	956
			1683	956
			1682	957
			1681	957
			1680	958
			1679	958
			1679	959
			1678	959
			1677	959
			1676	960
			1675	960
			1674	961
			1673	961
			1672	962
			1671	962
			1671	963
			1670	963
			1669	963
			1668	964
			1667	964
			1666	965
			1665	965
			1664	966
			1663	966
			1662	967
			1661	967
			1660	968
			1659	968
			1658	969
			1657	969
			1656	970
			1655	970
			1654	971
			1653	971
			1652	972
			1651	972
			1650	972
			1649	973
			1648	973
			1647	974
			1646	974
			1645	975
			1644	975
			1643	976
			1642	976
			1641	976
			1641	977
			1640	977
			1639	978
			1638	978
			1637	978
			1636	979
			1635	979
			1634	980
			1633	980
			1632	980
			1631	981
			1630	982
			1629	982
			1628	983
			1627	983
			1626	984
			1625	984
			1624	984
			1623	985
			1622	985
			1621	986
			1620	986
			1619	986
			1618	987
			1617	987
			1616	988
			1615	988
			1614	988
			1613	989
			1612	989
			1611	989
			1610	990
			1609	990
			1608	991
			1607	991
			1606	991
			1605	992
			1604	992
			1603	992
			1602	993
			1601	993
			1600	993
			1599	993
			1599	994
			1598	994
			1597	994
			1596	995
			1595	995
			1594	995
			1593	996
			1592	996
			1591	996
			1590	997
			1589	997
			1588	997
			1587	997
			1586	998
			1585	998
			1584	998
			1583	999
			1582	999
			1581	999
			1580	1000
			1579	1000
			1578	1000
			1577	1001
			1576	1001
			1575	1001
			1574	1001
			1573	1002
			1572	1002
			1571	1003
			1570	1003
			1569	1003
			1568	1003
			1567	1004
			1566	1004
			1565	1004
			1564	1005
			1563	1005
			1562	1005
			1561	1006
			1560	1006
			1559	1006
			1558	1006
			1557	1007
			1556	1007
			1555	1007
			1554	1008
			1553	1008
			1552	1008
			1551	1008
			1550	1009
			1549	1009
			1548	1009
			1547	1010
			1546	1010
			1545	1010
			1544	1010
			1543	1011
			1542	1011
			1541	1011
			1540	1012
			1539	1012
			1538	1012
			1537	1012
			1536	1013
			1535	1013
			1534	1013
			1533	1014
			1532	1014
			1531	1014
			1530	1014
			1529	1015
			1528	1015
			1527	1015
			1526	1015
			1525	1016
			1524	1016
			1523	1016
			1522	1017
			1521	1017
			1520	1017
			1519	1017
			1518	1018
			1517	1018
			1516	1018
			1515	1018
			1514	1019
			1513	1019
			1512	1019
			1511	1019
			1510	1020
			1509	1020
			1508	1020
			1507	1020
			1506	1021
			1505	1021
			1504	1021
			1503	1021
			1502	1022
			1501	1022
			1500	1022
			1499	1023
			1498	1023
			1497	1023
			1496	1023
			1495	1023
			1495	1024
			1494	1024
			1493	1024
			1492	1024
			1491	1024
			1490	1025
			1489	1025
			1488	1025
			1487	1026
			1486	1026
			1485	1026
			1484	1026
			1483	1027
			1482	1027
			1481	1027
			1480	1027
			1479	1027
			1478	1028
			1477	1028
			1476	1028
			1475	1028
			1474	1029
			1473	1029
			1472	1029
			1471	1029
			1470	1030
			1469	1030
			1468	1030
			1467	1030
			1466	1030
			1465	1031
			1464	1031
			1463	1031
			1462	1031
			1461	1032
			1460	1032
			1459	1032
			1458	1032
			1457	1032
			1456	1033
			1455	1033
			1454	1033
			1453	1033
			1452	1034
			1451	1034
			1450	1034
			1449	1034
			1448	1034
			1447	1035
			1446	1035
			1445	1035
			1444	1035
			1443	1035
			1442	1036
			1441	1036
			1440	1036
			1439	1036
			1438	1036
			1437	1037
			1436	1037
			1435	1037
			1434	1037
			1433	1037
			1432	1038
			1431	1038
			1430	1038
			1429	1038
			1428	1038
			1427	1039
			1426	1039
			1425	1039
			1424	1039
			1423	1039
			1422	1040
			1421	1040
			1420	1040
			1419	1040
			1418	1040
			1417	1040
			1416	1041
			1415	1041
			1414	1041
			1413	1041
			1412	1041
			1411	1042
			1410	1042
			1409	1042
			1408	1042
			1407	1042
			1406	1042
			1405	1043
			1404	1043
			1403	1043
			1402	1043
			1401	1043
			1400	1043
			1399	1044
			1398	1044
			1397	1044
			1396	1044
			1395	1044
			1394	1044
			1394	1045
			1393	1045
			1392	1045
			1391	1045
			1390	1045
			1389	1045
			1388	1045
			1387	1046
			1386	1046
			1385	1046
			1384	1046
			1383	1046
			1382	1046
			1381	1047
			1380	1047
			1379	1047
			1378	1047
			1377	1047
			1376	1047
			1375	1048
			1374	1048
			1373	1048
			1372	1048
			1371	1048
			1370	1048
			1369	1048
			1368	1049
			1367	1049
			1366	1049
			1365	1049
			1364	1049
			1363	1049
			1362	1049
			1361	1049
			1360	1050
			1359	1050
			1358	1050
			1357	1050
			1356	1050
			1355	1050
			1354	1050
			1353	1051
			1352	1051
			1351	1051
			1350	1051
			1349	1051
			1348	1051
			1347	1051
			1346	1051
			1345	1052
			1344	1052
			1343	1052
			1342	1052
			1341	1052
			1340	1052
			1339	1052
			1338	1052
			1337	1052
			1336	1053
			1335	1053
			1334	1053
			1333	1053
			1332	1053
			1331	1053
			1330	1053
			1329	1053
			1328	1053
			1327	1054
			1326	1054
			1325	1054
			1324	1054
			1323	1054
			1322	1054
			1321	1054
			1320	1054
			1319	1054
			1318	1054
			1317	1054
			1316	1055
			1315	1055
			1314	1055
			1313	1055
			1312	1055
			1311	1055
			1310	1055
			1309	1055
			1308	1055
			1307	1055
			1306	1055
			1305	1056
			1304	1056
			1303	1056
			1302	1056
			1301	1056
			1300	1056
			1299	1056
			1298	1056
			1297	1056
			1296	1056
			1295	1056
			1294	1056
			1293	1056
			1292	1057
			1291	1057
			1290	1057
			1289	1057
			1288	1057
			1287	1057
			1286	1057
			1285	1057
			1284	1057
			1283	1057
			1282	1057
			1281	1057
			1280	1057
			1279	1057
			1278	1057
			1277	1058
			1276	1058
			1275	1058
			1274	1058
			1273	1058
			1272	1058
			1271	1058
			1270	1058
			1269	1058
			1268	1058
			1267	1058
			1266	1058
			1265	1058
			1264	1058
			1263	1058
			1262	1058
			1261	1058
			1260	1058
			1259	1058
			1258	1058
			1257	1058
			1256	1058
			1255	1059
			1254	1059
			1253	1059
			1252	1059
			1251	1059
			1250	1059
			1249	1059
			1248	1059
			1247	1059
			1246	1059
			1245	1059
			1244	1059
			1243	1059
			1242	1059
			1241	1059
			1240	1059
			1239	1059
			1238	1059
			1237	1059
			1236	1059
			1235	1059
			1234	1059
			1233	1059
			1232	1059
			1231	1059
			1230	1059
			1229	1059
			1228	1059
			1227	1059
			1226	1059
			1225	1059
			1224	1059
			1223	1059
			1222	1059
			1221	1059
			1220	1059
			1219	1059
			1218	1059
			1217	1059
			1216	1059
			1215	1059
			1214	1059
			1213	1059
			1212	1059
			1211	1059
			1210	1059
			1209	1059
			1208	1059
			1207	1059
			1206	1059
			1205	1059
			1204	1059
			1203	1059
			1202	1059
			1201	1059
			1200	1059
			1199	1059
			1198	1059
			1197	1059
			1196	1059
			1195	1059
			1194	1059
			1193	1059
			1192	1058
			1191	1058
			1190	1058
			1189	1058
			1188	1058
			1187	1058
			1186	1058
			1185	1058
			1184	1058
			1183	1058
			1182	1058
			1181	1058
			1180	1058
			1179	1058
			1178	1058
			1177	1058
			1176	1058
			1175	1058
			1174	1058
			1173	1058
			1172	1058
			1171	1058
			1170	1057
			1169	1057
			1168	1057
			1167	1057
			1166	1057
			1165	1057
			1164	1057
			1163	1057
			1162	1057
			1161	1057
			1160	1057
			1159	1057
			1158	1057
			1157	1057
			1156	1057
			1155	1056
			1154	1056
			1153	1056
			1152	1056
			1151	1056
			1150	1056
			1149	1056
			1148	1056
			1147	1056
			1146	1056
			1145	1056
			1144	1056
			1143	1055
			1142	1055
			1141	1055
			1140	1055
			1139	1055
			1138	1055
			1137	1055
			1136	1055
			1135	1055
			1134	1055
			1133	1055
			1133	1054
			1132	1054
			1131	1054
			1130	1054
			1129	1054
			1128	1054
			1127	1054
			1126	1054
			1125	1054
			1124	1054
			1123	1053
			1122	1053
			1121	1053
			1120	1053
			1119	1053
			1118	1053
			1117	1053
			1116	1053
			1115	1052
			1114	1052
			1113	1052
			1112	1052
			1111	1052
			1110	1052
			1109	1052
			1108	1052
			1107	1051
			1106	1051
			1105	1051
			1104	1051
			1103	1051
			1102	1051
			1101	1051
			1100	1050
			1099	1050
			1098	1050
			1097	1050
			1096	1050
			1095	1050
			1094	1050
			1093	1049
			1092	1049
			1091	1049
			1090	1049
			1089	1049
			1088	1049
			1087	1048
			1086	1048
			1085	1048
			1084	1048
			1083	1048
			1082	1048
			1081	1047
			1080	1047
			1079	1047
			1078	1047
			1077	1047
			1076	1047
			1075	1046
			1074	1046
			1073	1046
			1072	1046
			1071	1046
			1070	1046
			1069	1045
			1068	1045
			1067	1045
			1066	1045
			1065	1045
			1064	1045
			1063	1044
			1062	1044
			1061	1044
			1060	1044
			1059	1044
			1058	1043
			1057	1043
			1056	1043
			1055	1043
			1054	1043
			1054	1042
			1053	1042
			1052	1042
			1051	1042
			1050	1042
			1049	1041
			1048	1041
			1047	1041
			1046	1041
			1045	1041
			1044	1040
			1043	1040
			1042	1040
			1041	1040
			1040	1040
			1039	1039
			1038	1039
			1037	1039
			1036	1039
			1035	1038
			1034	1038
			1033	1038
			1032	1038
			1031	1038
			1030	1037
			1029	1037
			1028	1037
			1027	1037
			1026	1036
			1025	1036
			1024	1036
			1023	1036
			1022	1035
			1021	1035
			1020	1035
			1019	1035
			1018	1034
			1017	1034
			1016	1034
			1015	1033
			1014	1033
			1013	1033
			1012	1033
			1011	1032
			1010	1032
			1009	1032
			1008	1032
			1007	1031
			1006	1031
			1005	1031
			1004	1031
			1003	1030
			1002	1030
			1001	1030
			1000	1030
			999	1029
			998	1029
			997	1029
			996	1028
			995	1028
			994	1028
			993	1028
			992	1027
			991	1027
			990	1027
			989	1026
			988	1026
			987	1026
			986	1026
			985	1025
			984	1025
			983	1025
			982	1024
			981	1024
			980	1024
			980	1023
			979	1023
			978	1023
			977	1023
			976	1022
			975	1022
			974	1022
			973	1021
			972	1021
			971	1021
			970	1020
			969	1020
			968	1020
			967	1019
			966	1019
			965	1019
			964	1019
			963	1018
			962	1018
			961	1018
			960	1017
			959	1017
			958	1017
			957	1016
			956	1016
			955	1016
			954	1015
			953	1015
			952	1014
			951	1014
			950	1014
			949	1013
			948	1013
			947	1013
			946	1012
			945	1012
			944	1012
			944	1011
			943	1011
			942	1011
			941	1010
			940	1010
			939	1010
			938	1009
			937	1009
			936	1008
			935	1008
			934	1008
			933	1007
			932	1007
			931	1007
			930	1006
			929	1006
			928	1005
			927	1005
			926	1005
			925	1004
			924	1004
			923	1003
			922	1003
			921	1003
			920	1002
			919	1002
			918	1002
			917	1001
			916	1001
			915	1000
			914	1000
			913	1000
			912	999
			911	999
			910	998
			909	998
			908	997
			907	997
			906	996
			905	996
			904	996
			904	995
			903	995
			902	995
			902	994
			901	994
			900	993
			899	993
			898	992
			897	992
			896	992
			896	991
			895	991
			894	990
			893	990
			892	989
			891	989
			890	988
			889	988
			888	987
			887	987
			886	986
			885	986
			884	985
			883	984
			882	984
			881	984
			880	983
			879	983
			878	982
			877	981
			876	981
			875	980
			874	980
			873	979
			872	979
			871	978
			870	978
			869	977
			868	976
			867	976
			866	975
			865	975
			864	974
			863	973
			862	973
			861	973
			860	972
			859	971
			858	971
			857	970
			856	970
			855	969
			854	968
			853	968
			852	967
			851	967
			850	966
			849	965
			848	965
			847	964
			846	964
			845	963
			844	963
			843	962
			842	961
			841	961
			840	960
			839	960
			838	959
			837	958
			836	958
			835	957
			834	957
			833	956
			832	955
			831	955
			830	954
			829	953
			828	952
			827	952
			826	951
			825	951
			824	950
			823	949
			822	949
			821	948
			820	947
			819	947
			818	946
			817	945
			816	945
			815	944
			814	944
			814	943
			813	942
			812	942
			811	941
			810	940
			809	940
			808	939
			807	938
			806	937
			805	937
			804	936
			803	935
			802	934
			801	934
			800	933
			799	932
			798	931
			797	931
			796	930
			795	929
			794	929
			793	928
			792	927
			791	926
			790	926
			789	925
			788	925
			787	924
			786	924
			785	924
			784	923
			783	922
			782	922
			781	921
			780	921
			779	920
			778	920
			777	919
			776	919
			775	918
			774	918
			773	917
			772	917
			771	916
			770	916
			769	915
			768	915
			767	914
			766	914
			765	913
			764	912
			763	912
			762	912
			761	911
			760	911
			759	910
			758	910
			757	909
			756	909
			755	908
			754	908
			753	907
			752	907
			751	907
			750	906
			749	906
			749	905
			748	905
			747	904
			746	904
			745	904
			744	903
			743	903
			742	902
			741	902
			740	901
			739	901
			738	900
			737	900
			736	899
			735	899
			734	899
			734	898
			733	898
			732	898
			731	897
			730	897
			729	896
			728	896
			727	896
			726	895
			725	895
			724	894
			723	894
			722	893
			721	893
			720	892
			719	892
			718	891
			717	891
			716	891
			715	890
			714	890
			713	889
			712	889
			711	889
			710	888
			709	888
			708	887
			707	887
			706	887
			705	886
			704	886
			703	886
			703	885
			702	885
			701	885
			700	884
			699	884
			698	884
			697	883
			696	883
			695	882
			694	882
			693	882
			692	881
			691	881
			690	880
			689	880
			688	880
			687	879
			686	879
			685	879
			684	878
			683	878
			682	878
			681	877
			680	877
			679	876
			678	876
			677	876
			676	875
			675	875
			674	875
			673	875
			672	874
			671	874
			670	874
			669	873
			668	873
		</C2>
	</curves.pixel>
	<curves.scaled type=list>
		<C1 type=matrix rownames=FALSE colnames=FALSE nrow=659 ncol=2 as.numeric=TRUE >
			3620.09803921569	-1686.27450980392
			3622.54901960784	-1688.72549019608
			3625	-1691.17647058824
			3627.45098039216	-1693.62745098039
			3629.90196078431	-1696.07843137255
			3629.90196078431	-1698.52941176471
			3632.35294117647	-1698.52941176471
			3634.80392156863	-1700.98039215686
			3634.80392156863	-1703.43137254902
			3637.25490196078	-1705.88235294118
			3639.70588235294	-1708.33333333333
			3642.1568627451	-1710.78431372549
			3642.1568627451	-1713.23529411765
			3644.60784313726	-1715.6862745098
			3647.05882352941	-1718.13725490196
			3649.50980392157	-1720.58823529412
			3649.50980392157	-1723.03921568627
			3651.96078431373	-1725.49019607843
			3654.41176470588	-1727.94117647059
			3654.41176470588	-1730.39215686275
			3656.86274509804	-1732.8431372549
			3659.3137254902	-1735.29411764706
			3661.76470588235	-1737.74509803922
			3661.76470588235	-1740.19607843137
			3661.76470588235	-1742.64705882353
			3664.21568627451	-1742.64705882353
			3664.21568627451	-1745.09803921569
			3666.66666666667	-1747.54901960784
			3666.66666666667	-1750
			3669.11764705882	-1752.45098039216
			3671.56862745098	-1754.90196078431
			3671.56862745098	-1757.35294117647
			3674.01960784314	-1759.80392156863
			3674.01960784314	-1762.25490196078
			3674.01960784314	-1764.70588235294
			3676.47058823529	-1767.1568627451
			3676.47058823529	-1769.60784313726
			3678.92156862745	-1769.60784313726
			3678.92156862745	-1772.05882352941
			3678.92156862745	-1774.50980392157
			3681.37254901961	-1776.96078431373
			3681.37254901961	-1779.41176470588
			3681.37254901961	-1781.86274509804
			3683.82352941176	-1784.3137254902
			3683.82352941176	-1786.76470588235
			3683.82352941176	-1789.21568627451
			3686.27450980392	-1789.21568627451
			3686.27450980392	-1791.66666666667
			3686.27450980392	-1794.11764705882
			3688.72549019608	-1796.56862745098
			3688.72549019608	-1799.01960784314
			3688.72549019608	-1801.47058823529
			3691.17647058824	-1803.92156862745
			3691.17647058824	-1806.37254901961
			3691.17647058824	-1808.82352941176
			3691.17647058824	-1811.27450980392
			3693.62745098039	-1813.72549019608
			3693.62745098039	-1816.17647058824
			3693.62745098039	-1818.62745098039
			3696.07843137255	-1821.07843137255
			3696.07843137255	-1823.52941176471
			3696.07843137255	-1825.98039215686
			3696.07843137255	-1828.43137254902
			3696.07843137255	-1830.88235294118
			3696.07843137255	-1833.33333333333
			3698.52941176471	-1835.78431372549
			3698.52941176471	-1838.23529411765
			3698.52941176471	-1840.6862745098
			3698.52941176471	-1843.13725490196
			3698.52941176471	-1845.58823529412
			3698.52941176471	-1848.03921568627
			3700.98039215686	-1850.49019607843
			3700.98039215686	-1852.94117647059
			3700.98039215686	-1855.39215686275
			3700.98039215686	-1857.8431372549
			3700.98039215686	-1860.29411764706
			3700.98039215686	-1862.74509803922
			3700.98039215686	-1865.19607843137
			3700.98039215686	-1867.64705882353
			3700.98039215686	-1870.09803921569
			3700.98039215686	-1872.54901960784
			3700.98039215686	-1875
			3700.98039215686	-1877.45098039216
			3700.98039215686	-1879.90196078431
			3700.98039215686	-1882.35294117647
			3700.98039215686	-1884.80392156863
			3700.98039215686	-1887.25490196078
			3700.98039215686	-1889.70588235294
			3700.98039215686	-1892.1568627451
			3700.98039215686	-1894.60784313726
			3700.98039215686	-1897.05882352941
			3700.98039215686	-1899.50980392157
			3700.98039215686	-1901.96078431373
			3700.98039215686	-1904.41176470588
			3700.98039215686	-1906.86274509804
			3700.98039215686	-1909.3137254902
			3700.98039215686	-1911.76470588235
			3700.98039215686	-1914.21568627451
			3700.98039215686	-1916.66666666667
			3700.98039215686	-1919.11764705882
			3698.52941176471	-1921.56862745098
			3698.52941176471	-1924.01960784314
			3698.52941176471	-1926.47058823529
			3698.52941176471	-1928.92156862745
			3698.52941176471	-1931.37254901961
			3698.52941176471	-1933.82352941176
			3698.52941176471	-1936.27450980392
			3698.52941176471	-1938.72549019608
			3696.07843137255	-1941.17647058824
			3696.07843137255	-1943.62745098039
			3696.07843137255	-1946.07843137255
			3696.07843137255	-1948.52941176471
			3696.07843137255	-1950.98039215686
			3693.62745098039	-1953.43137254902
			3693.62745098039	-1955.88235294118
			3693.62745098039	-1958.33333333333
			3693.62745098039	-1960.78431372549
			3693.62745098039	-1963.23529411765
			3691.17647058824	-1965.6862745098
			3691.17647058824	-1968.13725490196
			3691.17647058824	-1970.58823529412
			3691.17647058824	-1973.03921568627
			3688.72549019608	-1975.49019607843
			3688.72549019608	-1977.94117647059
			3688.72549019608	-1980.39215686275
			3688.72549019608	-1982.8431372549
			3686.27450980392	-1985.29411764706
			3686.27450980392	-1987.74509803922
			3686.27450980392	-1990.19607843137
			3686.27450980392	-1992.64705882353
			3683.82352941176	-1992.64705882353
			3683.82352941176	-1995.09803921569
			3683.82352941176	-1997.54901960784
			3683.82352941176	-2000
			3683.82352941176	-2002.45098039216
			3681.37254901961	-2002.45098039216
			3681.37254901961	-2004.90196078431
			3681.37254901961	-2007.35294117647
			3681.37254901961	-2009.80392156863
			3678.92156862745	-2009.80392156863
			3678.92156862745	-2012.25490196078
			3678.92156862745	-2014.70588235294
			3678.92156862745	-2017.1568627451
			3676.47058823529	-2017.1568627451
			3676.47058823529	-2019.60784313726
			3676.47058823529	-2022.05882352941
			3674.01960784314	-2024.50980392157
			3674.01960784314	-2026.96078431373
			3674.01960784314	-2029.41176470588
			3671.56862745098	-2031.86274509804
			3671.56862745098	-2034.3137254902
			3671.56862745098	-2036.76470588235
			3669.11764705882	-2039.21568627451
			3669.11764705882	-2041.66666666667
			3666.66666666667	-2044.11764705882
			3666.66666666667	-2046.56862745098
			3666.66666666667	-2049.01960784314
			3664.21568627451	-2051.47058823529
			3664.21568627451	-2053.92156862745
			3661.76470588235	-2056.37254901961
			3661.76470588235	-2058.82352941176
			3659.3137254902	-2061.27450980392
			3659.3137254902	-2063.72549019608
			3659.3137254902	-2066.17647058824
			3656.86274509804	-2068.62745098039
			3656.86274509804	-2071.07843137255
			3654.41176470588	-2073.52941176471
			3654.41176470588	-2075.98039215686
			3651.96078431373	-2078.43137254902
			3651.96078431373	-2080.88235294118
			3651.96078431373	-2083.33333333333
			3649.50980392157	-2085.78431372549
			3647.05882352941	-2088.23529411765
			3647.05882352941	-2090.6862745098
			3644.60784313726	-2093.13725490196
			3644.60784313726	-2095.58823529412
			3642.1568627451	-2098.03921568627
			3642.1568627451	-2100.49019607843
			3639.70588235294	-2102.94117647059
			3639.70588235294	-2105.39215686275
			3637.25490196078	-2107.8431372549
			3637.25490196078	-2110.29411764706
			3634.80392156863	-2112.74509803922
			3634.80392156863	-2115.19607843137
			3632.35294117647	-2117.64705882353
			3632.35294117647	-2120.09803921569
			3629.90196078431	-2122.54901960784
			3629.90196078431	-2125
			3627.45098039216	-2127.45098039216
			3627.45098039216	-2129.90196078431
			3625	-2132.35294117647
			3622.54901960784	-2134.80392156863
			3622.54901960784	-2137.25490196078
			3620.09803921569	-2139.70588235294
			3620.09803921569	-2142.1568627451
			3617.64705882353	-2144.60784313726
			3617.64705882353	-2147.05882352941
			3615.19607843137	-2149.50980392157
			3612.74509803922	-2151.96078431373
			3612.74509803922	-2154.41176470588
			3610.29411764706	-2156.86274509804
			3610.29411764706	-2159.3137254902
			3607.8431372549	-2159.3137254902
			3607.8431372549	-2161.76470588235
			3605.39215686275	-2161.76470588235
			3602.94117647059	-2164.21568627451
			3600.49019607843	-2166.66666666667
			3598.03921568627	-2166.66666666667
			3595.58823529412	-2169.11764705882
			3593.13725490196	-2171.56862745098
			3590.6862745098	-2174.01960784314
			3588.23529411765	-2174.01960784314
			3585.78431372549	-2176.47058823529
			3583.33333333333	-2178.92156862745
			3580.88235294118	-2178.92156862745
			3578.43137254902	-2181.37254901961
			3575.98039215686	-2183.82352941176
			3575.98039215686	-2186.27450980392
			3573.52941176471	-2186.27450980392
			3571.07843137255	-2188.72549019608
			3571.07843137255	-2191.17647058824
			3568.62745098039	-2191.17647058824
			3566.17647058824	-2193.62745098039
			3566.17647058824	-2196.07843137255
			3563.72549019608	-2198.52941176471
			3561.27450980392	-2198.52941176471
			3561.27450980392	-2200.98039215686
			3558.82352941176	-2203.43137254902
			3558.82352941176	-2205.88235294118
			3556.37254901961	-2205.88235294118
			3556.37254901961	-2208.33333333333
			3556.37254901961	-2210.78431372549
			3553.92156862745	-2213.23529411765
			3551.47058823529	-2215.6862745098
			3551.47058823529	-2218.13725490196
			3551.47058823529	-2220.58823529412
			3549.01960784314	-2223.03921568627
			3549.01960784314	-2225.49019607843
			3549.01960784314	-2227.94117647059
			3549.01960784314	-2230.39215686275
			3549.01960784314	-2232.8431372549
			3549.01960784314	-2235.29411764706
			3549.01960784314	-2237.74509803922
			3549.01960784314	-2240.19607843137
			3549.01960784314	-2242.64705882353
			3549.01960784314	-2245.09803921569
			3549.01960784314	-2247.54901960784
			3549.01960784314	-2250
			3549.01960784314	-2252.45098039216
			3549.01960784314	-2254.90196078431
			3549.01960784314	-2257.35294117647
			3551.47058823529	-2259.80392156863
			3551.47058823529	-2262.25490196078
			3551.47058823529	-2264.70588235294
			3553.92156862745	-2267.1568627451
			3553.92156862745	-2269.60784313726
			3556.37254901961	-2272.05882352941
			3556.37254901961	-2274.50980392157
			3558.82352941176	-2276.96078431373
			3558.82352941176	-2279.41176470588
			3561.27450980392	-2281.86274509804
			3563.72549019608	-2284.3137254902
			3566.17647058824	-2284.3137254902
			3568.62745098039	-2286.76470588235
			3571.07843137255	-2286.76470588235
			3573.52941176471	-2286.76470588235
			3575.98039215686	-2289.21568627451
			3578.43137254902	-2289.21568627451
			3580.88235294118	-2289.21568627451
			3583.33333333333	-2291.66666666667
			3585.78431372549	-2291.66666666667
			3588.23529411765	-2291.66666666667
			3590.6862745098	-2291.66666666667
			3593.13725490196	-2291.66666666667
			3595.58823529412	-2291.66666666667
			3598.03921568627	-2294.11764705882
			3600.49019607843	-2294.11764705882
			3602.94117647059	-2294.11764705882
			3605.39215686275	-2294.11764705882
			3607.8431372549	-2294.11764705882
			3610.29411764706	-2294.11764705882
			3612.74509803922	-2294.11764705882
			3615.19607843137	-2294.11764705882
			3617.64705882353	-2294.11764705882
			3620.09803921569	-2294.11764705882
			3622.54901960784	-2294.11764705882
			3625	-2294.11764705882
			3627.45098039216	-2294.11764705882
			3629.90196078431	-2294.11764705882
			3632.35294117647	-2291.66666666667
			3634.80392156863	-2291.66666666667
			3637.25490196078	-2291.66666666667
			3639.70588235294	-2291.66666666667
			3642.1568627451	-2291.66666666667
			3644.60784313726	-2291.66666666667
			3647.05882352941	-2291.66666666667
			3649.50980392157	-2289.21568627451
			3651.96078431373	-2289.21568627451
			3654.41176470588	-2289.21568627451
			3656.86274509804	-2289.21568627451
			3659.3137254902	-2286.76470588235
			3661.76470588235	-2286.76470588235
			3664.21568627451	-2286.76470588235
			3666.66666666667	-2286.76470588235
			3669.11764705882	-2284.3137254902
			3671.56862745098	-2284.3137254902
			3674.01960784314	-2284.3137254902
			3676.47058823529	-2284.3137254902
			3678.92156862745	-2281.86274509804
			3681.37254901961	-2281.86274509804
			3683.82352941176	-2281.86274509804
			3686.27450980392	-2279.41176470588
			3688.72549019608	-2279.41176470588
			3691.17647058824	-2279.41176470588
			3693.62745098039	-2276.96078431373
			3696.07843137255	-2276.96078431373
			3698.52941176471	-2274.50980392157
			3700.98039215686	-2274.50980392157
			3703.43137254902	-2274.50980392157
			3705.88235294118	-2272.05882352941
			3708.33333333333	-2272.05882352941
			3710.78431372549	-2269.60784313726
			3713.23529411765	-2269.60784313726
			3715.6862745098	-2269.60784313726
			3718.13725490196	-2267.1568627451
			3720.58823529412	-2267.1568627451
			3723.03921568627	-2264.70588235294
			3725.49019607843	-2264.70588235294
			3727.94117647059	-2262.25490196078
			3730.39215686275	-2262.25490196078
			3732.8431372549	-2262.25490196078
			3735.29411764706	-2259.80392156863
			3737.74509803922	-2259.80392156863
			3740.19607843137	-2257.35294117647
			3742.64705882353	-2257.35294117647
			3742.64705882353	-2254.90196078431
			3745.09803921569	-2254.90196078431
			3747.54901960784	-2254.90196078431
			3750	-2252.45098039216
			3752.45098039216	-2252.45098039216
			3752.45098039216	-2250
			3754.90196078431	-2250
			3757.35294117647	-2250
			3759.80392156863	-2247.54901960784
			3762.25490196078	-2247.54901960784
			3764.70588235294	-2245.09803921569
			3767.1568627451	-2242.64705882353
			3769.60784313726	-2242.64705882353
			3772.05882352941	-2242.64705882353
			3774.50980392157	-2240.19607843137
			3776.96078431373	-2240.19607843137
			3779.41176470588	-2240.19607843137
			3781.86274509804	-2240.19607843137
			3784.3137254902	-2237.74509803922
			3786.76470588235	-2237.74509803922
			3789.21568627451	-2237.74509803922
			3791.66666666667	-2235.29411764706
			3794.11764705882	-2235.29411764706
			3796.56862745098	-2235.29411764706
			3799.01960784314	-2232.8431372549
			3801.47058823529	-2232.8431372549
			3803.92156862745	-2232.8431372549
			3806.37254901961	-2230.39215686275
			3808.82352941176	-2230.39215686275
			3811.27450980392	-2230.39215686275
			3813.72549019608	-2227.94117647059
			3816.17647058824	-2227.94117647059
			3818.62745098039	-2227.94117647059
			3821.07843137255	-2225.49019607843
			3823.52941176471	-2225.49019607843
			3825.98039215686	-2225.49019607843
			3828.43137254902	-2223.03921568627
			3830.88235294118	-2223.03921568627
			3833.33333333333	-2220.58823529412
			3835.78431372549	-2220.58823529412
			3838.23529411765	-2220.58823529412
			3840.6862745098	-2218.13725490196
			3843.13725490196	-2218.13725490196
			3845.58823529412	-2218.13725490196
			3848.03921568627	-2215.6862745098
			3850.49019607843	-2215.6862745098
			3852.94117647059	-2213.23529411765
			3855.39215686275	-2213.23529411765
			3857.8431372549	-2210.78431372549
			3860.29411764706	-2210.78431372549
			3862.74509803922	-2210.78431372549
			3865.19607843137	-2208.33333333333
			3867.64705882353	-2208.33333333333
			3870.09803921569	-2205.88235294118
			3872.54901960784	-2205.88235294118
			3875	-2203.43137254902
			3877.45098039216	-2203.43137254902
			3879.90196078431	-2200.98039215686
			3882.35294117647	-2200.98039215686
			3884.80392156863	-2200.98039215686
			3887.25490196078	-2198.52941176471
			3889.70588235294	-2198.52941176471
			3892.1568627451	-2196.07843137255
			3894.60784313726	-2196.07843137255
			3897.05882352941	-2193.62745098039
			3899.50980392157	-2191.17647058824
			3901.96078431373	-2191.17647058824
			3904.41176470588	-2188.72549019608
			3906.86274509804	-2188.72549019608
			3909.3137254902	-2186.27450980392
			3911.76470588235	-2186.27450980392
			3914.21568627451	-2183.82352941176
			3916.66666666667	-2183.82352941176
			3919.11764705882	-2181.37254901961
			3921.56862745098	-2181.37254901961
			3924.01960784314	-2178.92156862745
			3926.47058823529	-2176.47058823529
			3928.92156862745	-2176.47058823529
			3931.37254901961	-2174.01960784314
			3933.82352941176	-2174.01960784314
			3936.27450980392	-2171.56862745098
			3938.72549019608	-2171.56862745098
			3941.17647058824	-2169.11764705882
			3943.62745098039	-2169.11764705882
			3946.07843137255	-2166.66666666667
			3948.52941176471	-2164.21568627451
			3950.98039215686	-2164.21568627451
			3953.43137254902	-2161.76470588235
			3955.88235294118	-2161.76470588235
			3958.33333333333	-2159.3137254902
			3960.78431372549	-2156.86274509804
			3963.23529411765	-2156.86274509804
			3965.6862745098	-2154.41176470588
			3968.13725490196	-2154.41176470588
			3970.58823529412	-2151.96078431373
			3973.03921568627	-2151.96078431373
			3975.49019607843	-2149.50980392157
			3977.94117647059	-2147.05882352941
			3980.39215686275	-2144.60784313726
			3982.8431372549	-2144.60784313726
			3985.29411764706	-2142.1568627451
			3987.74509803922	-2142.1568627451
			3990.19607843137	-2139.70588235294
			3992.64705882353	-2137.25490196078
			3995.09803921569	-2137.25490196078
			3997.54901960784	-2134.80392156863
			4000	-2134.80392156863
			4000	-2132.35294117647
			4002.45098039216	-2132.35294117647
			4004.90196078431	-2129.90196078431
			4007.35294117647	-2129.90196078431
			4009.80392156863	-2127.45098039216
			4009.80392156863	-2125
			4012.25490196078	-2125
			4014.70588235294	-2122.54901960784
			4017.1568627451	-2122.54901960784
			4019.60784313726	-2120.09803921569
			4022.05882352941	-2117.64705882353
			4024.50980392157	-2115.19607843137
			4026.96078431373	-2115.19607843137
			4029.41176470588	-2112.74509803922
			4031.86274509804	-2110.29411764706
			4034.3137254902	-2110.29411764706
			4036.76470588235	-2107.8431372549
			4039.21568627451	-2105.39215686275
			4041.66666666667	-2102.94117647059
			4044.11764705882	-2100.49019607843
			4046.56862745098	-2100.49019607843
			4049.01960784314	-2098.03921568627
			4051.47058823529	-2095.58823529412
			4053.92156862745	-2095.58823529412
			4056.37254901961	-2093.13725490196
			4056.37254901961	-2090.6862745098
			4058.82352941176	-2088.23529411765
			4061.27450980392	-2088.23529411765
			4063.72549019608	-2085.78431372549
			4066.17647058824	-2083.33333333333
			4068.62745098039	-2080.88235294118
			4071.07843137255	-2080.88235294118
			4073.52941176471	-2078.43137254902
			4075.98039215686	-2075.98039215686
			4078.43137254902	-2073.52941176471
			4080.88235294118	-2073.52941176471
			4083.33333333333	-2071.07843137255
			4085.78431372549	-2068.62745098039
			4088.23529411765	-2066.17647058824
			4090.6862745098	-2063.72549019608
			4093.13725490196	-2061.27450980392
			4095.58823529412	-2058.82352941176
			4098.03921568627	-2058.82352941176
			4100.49019607843	-2056.37254901961
			4102.94117647059	-2053.92156862745
			4105.39215686275	-2051.47058823529
			4107.8431372549	-2049.01960784314
			4110.29411764706	-2049.01960784314
			4112.74509803922	-2046.56862745098
			4115.19607843137	-2044.11764705882
			4117.64705882353	-2044.11764705882
			4120.09803921569	-2041.66666666667
			4120.09803921569	-2039.21568627451
			4122.54901960784	-2039.21568627451
			4125	-2036.76470588235
			4127.45098039216	-2034.3137254902
			4129.90196078431	-2034.3137254902
			4132.35294117647	-2031.86274509804
			4134.80392156863	-2029.41176470588
			4137.25490196078	-2029.41176470588
			4139.70588235294	-2026.96078431373
			4139.70588235294	-2024.50980392157
			4142.1568627451	-2024.50980392157
			4144.60784313726	-2022.05882352941
			4147.05882352941	-2019.60784313726
			4149.50980392157	-2019.60784313726
			4151.96078431373	-2017.1568627451
			4154.41176470588	-2014.70588235294
			4156.86274509804	-2014.70588235294
			4159.3137254902	-2012.25490196078
			4161.76470588235	-2009.80392156863
			4164.21568627451	-2007.35294117647
			4166.66666666667	-2004.90196078431
			4169.11764705882	-2002.45098039216
			4171.56862745098	-2002.45098039216
			4174.01960784314	-2000
			4176.47058823529	-2000
			4176.47058823529	-1997.54901960784
			4178.92156862745	-1997.54901960784
			4181.37254901961	-1995.09803921569
			4183.82352941176	-1992.64705882353
			4186.27450980392	-1990.19607843137
			4188.72549019608	-1990.19607843137
			4191.17647058824	-1987.74509803922
			4193.62745098039	-1985.29411764706
			4196.07843137255	-1985.29411764706
			4196.07843137255	-1982.8431372549
			4198.52941176471	-1982.8431372549
			4200.98039215686	-1980.39215686275
			4203.43137254902	-1977.94117647059
			4205.88235294118	-1977.94117647059
			4208.33333333333	-1975.49019607843
			4210.78431372549	-1973.03921568627
			4213.23529411765	-1970.58823529412
			4215.6862745098	-1970.58823529412
			4218.13725490196	-1968.13725490196
			4220.58823529412	-1965.6862745098
			4223.03921568627	-1963.23529411765
			4225.49019607843	-1963.23529411765
			4227.94117647059	-1960.78431372549
			4230.39215686275	-1960.78431372549
			4232.8431372549	-1958.33333333333
			4235.29411764706	-1955.88235294118
			4237.74509803922	-1953.43137254902
			4240.19607843137	-1953.43137254902
			4242.64705882353	-1950.98039215686
			4245.09803921569	-1950.98039215686
			4245.09803921569	-1948.52941176471
			4247.54901960784	-1948.52941176471
			4250	-1946.07843137255
			4252.45098039216	-1943.62745098039
			4254.90196078431	-1941.17647058824
			4257.35294117647	-1941.17647058824
			4259.80392156863	-1938.72549019608
			4262.25490196078	-1936.27450980392
			4264.70588235294	-1936.27450980392
			4267.1568627451	-1933.82352941176
			4269.60784313726	-1931.37254901961
			4272.05882352941	-1931.37254901961
			4274.50980392157	-1928.92156862745
			4276.96078431373	-1926.47058823529
			4279.41176470588	-1924.01960784314
			4281.86274509804	-1924.01960784314
			4284.3137254902	-1921.56862745098
			4286.76470588235	-1919.11764705882
			4289.21568627451	-1919.11764705882
			4291.66666666667	-1916.66666666667
			4294.11764705882	-1916.66666666667
			4296.56862745098	-1914.21568627451
			4299.01960784314	-1914.21568627451
			4301.47058823529	-1911.76470588235
			4303.92156862745	-1911.76470588235
			4306.37254901961	-1909.3137254902
			4308.82352941176	-1909.3137254902
			4311.27450980392	-1909.3137254902
			4313.72549019608	-1906.86274509804
			4316.17647058824	-1906.86274509804
			4318.62745098039	-1906.86274509804
			4321.07843137255	-1904.41176470588
			4323.52941176471	-1904.41176470588
			4325.98039215686	-1904.41176470588
			4325.98039215686	-1901.96078431373
			4328.43137254902	-1901.96078431373
			4330.88235294118	-1901.96078431373
			4333.33333333333	-1899.50980392157
			4335.78431372549	-1899.50980392157
			4338.23529411765	-1899.50980392157
			4340.6862745098	-1897.05882352941
			4343.13725490196	-1897.05882352941
			4345.58823529412	-1897.05882352941
			4348.03921568627	-1894.60784313726
			4350.49019607843	-1894.60784313726
			4352.94117647059	-1894.60784313726
			4355.39215686275	-1892.1568627451
			4357.8431372549	-1892.1568627451
			4360.29411764706	-1892.1568627451
			4362.74509803922	-1892.1568627451
			4365.19607843137	-1889.70588235294
			4367.64705882353	-1889.70588235294
			4370.09803921569	-1889.70588235294
			4372.54901960784	-1889.70588235294
			4375	-1887.25490196078
			4377.45098039216	-1887.25490196078
			4379.90196078431	-1887.25490196078
			4382.35294117647	-1887.25490196078
			4384.80392156863	-1887.25490196078
			4387.25490196078	-1884.80392156863
			4389.70588235294	-1884.80392156863
			4392.1568627451	-1884.80392156863
			4394.60784313726	-1884.80392156863
			4397.05882352941	-1882.35294117647
			4399.50980392157	-1882.35294117647
			4401.96078431373	-1882.35294117647
			4404.41176470588	-1882.35294117647
			4406.86274509804	-1882.35294117647
			4409.3137254902	-1879.90196078431
			4411.76470588235	-1879.90196078431
			4414.21568627451	-1879.90196078431
			4416.66666666667	-1879.90196078431
			4419.11764705882	-1879.90196078431
			4421.56862745098	-1879.90196078431
			4424.01960784314	-1879.90196078431
			4426.47058823529	-1877.45098039216
			4428.92156862745	-1877.45098039216
			4431.37254901961	-1877.45098039216
			4433.82352941176	-1877.45098039216
			4436.27450980392	-1877.45098039216
			4438.72549019608	-1877.45098039216
			4441.17647058824	-1877.45098039216
			4443.62745098039	-1875
			4446.07843137255	-1875
			4448.52941176471	-1875
			4450.98039215686	-1875
			4453.43137254902	-1875
			4455.88235294118	-1875
			4458.33333333333	-1875
			4460.78431372549	-1875
			4463.23529411765	-1875
			4465.6862745098	-1875
			4468.13725490196	-1875
			4470.58823529412	-1875
			4473.03921568627	-1872.54901960784
			4475.49019607843	-1872.54901960784
			4477.94117647059	-1872.54901960784
			4480.39215686275	-1872.54901960784
			4482.8431372549	-1872.54901960784
			4485.29411764706	-1872.54901960784
			4487.74509803922	-1872.54901960784
			4490.19607843137	-1872.54901960784
			4492.64705882353	-1872.54901960784
			4495.09803921569	-1872.54901960784
			4497.54901960784	-1872.54901960784
			4500	-1872.54901960784
			4502.45098039216	-1872.54901960784
			4504.90196078431	-1872.54901960784
			4507.35294117647	-1872.54901960784
			4509.80392156863	-1872.54901960784
		</C1>
		<C2 type=matrix rownames=FALSE colnames=FALSE nrow=1191 ncol=2 as.numeric=TRUE >
			4485.29411764706	-2144.60784313726
			4482.8431372549	-2147.05882352941
			4480.39215686275	-2147.05882352941
			4477.94117647059	-2149.50980392157
			4475.49019607843	-2149.50980392157
			4473.03921568627	-2151.96078431373
			4470.58823529412	-2151.96078431373
			4470.58823529412	-2154.41176470588
			4468.13725490196	-2154.41176470588
			4465.6862745098	-2156.86274509804
			4463.23529411765	-2156.86274509804
			4460.78431372549	-2159.3137254902
			4458.33333333333	-2159.3137254902
			4455.88235294118	-2161.76470588235
			4453.43137254902	-2161.76470588235
			4450.98039215686	-2164.21568627451
			4448.52941176471	-2166.66666666667
			4446.07843137255	-2166.66666666667
			4446.07843137255	-2169.11764705882
			4443.62745098039	-2169.11764705882
			4441.17647058824	-2171.56862745098
			4438.72549019608	-2171.56862745098
			4436.27450980392	-2174.01960784314
			4433.82352941176	-2174.01960784314
			4431.37254901961	-2176.47058823529
			4428.92156862745	-2176.47058823529
			4426.47058823529	-2178.92156862745
			4424.01960784314	-2181.37254901961
			4421.56862745098	-2181.37254901961
			4419.11764705882	-2183.82352941176
			4416.66666666667	-2183.82352941176
			4414.21568627451	-2186.27450980392
			4411.76470588235	-2186.27450980392
			4409.3137254902	-2188.72549019608
			4406.86274509804	-2191.17647058824
			4404.41176470588	-2191.17647058824
			4401.96078431373	-2191.17647058824
			4401.96078431373	-2193.62745098039
			4399.50980392157	-2193.62745098039
			4397.05882352941	-2196.07843137255
			4394.60784313726	-2196.07843137255
			4394.60784313726	-2198.52941176471
			4392.1568627451	-2198.52941176471
			4389.70588235294	-2200.98039215686
			4387.25490196078	-2200.98039215686
			4384.80392156863	-2203.43137254902
			4382.35294117647	-2203.43137254902
			4379.90196078431	-2205.88235294118
			4377.45098039216	-2205.88235294118
			4375	-2208.33333333333
			4372.54901960784	-2210.78431372549
			4370.09803921569	-2210.78431372549
			4367.64705882353	-2213.23529411765
			4365.19607843137	-2213.23529411765
			4362.74509803922	-2215.6862745098
			4360.29411764706	-2215.6862745098
			4357.8431372549	-2218.13725490196
			4355.39215686275	-2220.58823529412
			4352.94117647059	-2220.58823529412
			4350.49019607843	-2220.58823529412
			4350.49019607843	-2223.03921568627
			4348.03921568627	-2223.03921568627
			4345.58823529412	-2225.49019607843
			4343.13725490196	-2225.49019607843
			4343.13725490196	-2227.94117647059
			4340.6862745098	-2227.94117647059
			4338.23529411765	-2227.94117647059
			4338.23529411765	-2230.39215686275
			4335.78431372549	-2230.39215686275
			4333.33333333333	-2232.8431372549
			4330.88235294118	-2232.8431372549
			4328.43137254902	-2235.29411764706
			4325.98039215686	-2235.29411764706
			4323.52941176471	-2237.74509803922
			4321.07843137255	-2237.74509803922
			4318.62745098039	-2240.19607843137
			4316.17647058824	-2240.19607843137
			4316.17647058824	-2242.64705882353
			4313.72549019608	-2242.64705882353
			4311.27450980392	-2245.09803921569
			4308.82352941176	-2245.09803921569
			4306.37254901961	-2247.54901960784
			4303.92156862745	-2247.54901960784
			4301.47058823529	-2250
			4299.01960784314	-2250
			4299.01960784314	-2252.45098039216
			4296.56862745098	-2252.45098039216
			4294.11764705882	-2254.90196078431
			4291.66666666667	-2254.90196078431
			4289.21568627451	-2257.35294117647
			4286.76470588235	-2257.35294117647
			4284.3137254902	-2259.80392156863
			4281.86274509804	-2262.25490196078
			4279.41176470588	-2262.25490196078
			4276.96078431373	-2264.70588235294
			4274.50980392157	-2264.70588235294
			4272.05882352941	-2267.1568627451
			4269.60784313726	-2267.1568627451
			4267.1568627451	-2269.60784313726
			4264.70588235294	-2269.60784313726
			4262.25490196078	-2272.05882352941
			4259.80392156863	-2272.05882352941
			4257.35294117647	-2274.50980392157
			4254.90196078431	-2276.96078431373
			4252.45098039216	-2276.96078431373
			4250	-2279.41176470588
			4247.54901960784	-2279.41176470588
			4245.09803921569	-2281.86274509804
			4242.64705882353	-2281.86274509804
			4240.19607843137	-2284.3137254902
			4237.74509803922	-2284.3137254902
			4235.29411764706	-2286.76470588235
			4232.8431372549	-2286.76470588235
			4230.39215686275	-2289.21568627451
			4227.94117647059	-2289.21568627451
			4225.49019607843	-2291.66666666667
			4223.03921568627	-2291.66666666667
			4220.58823529412	-2294.11764705882
			4218.13725490196	-2294.11764705882
			4215.6862745098	-2296.56862745098
			4213.23529411765	-2299.01960784314
			4210.78431372549	-2299.01960784314
			4208.33333333333	-2301.47058823529
			4205.88235294118	-2301.47058823529
			4203.43137254902	-2303.92156862745
			4200.98039215686	-2303.92156862745
			4198.52941176471	-2306.37254901961
			4196.07843137255	-2306.37254901961
			4196.07843137255	-2308.82352941176
			4193.62745098039	-2308.82352941176
			4191.17647058824	-2311.27450980392
			4188.72549019608	-2311.27450980392
			4186.27450980392	-2313.72549019608
			4183.82352941176	-2313.72549019608
			4181.37254901961	-2313.72549019608
			4178.92156862745	-2316.17647058824
			4176.47058823529	-2316.17647058824
			4174.01960784314	-2318.62745098039
			4171.56862745098	-2318.62745098039
			4169.11764705882	-2321.07843137255
			4166.66666666667	-2321.07843137255
			4166.66666666667	-2323.52941176471
			4164.21568627451	-2323.52941176471
			4161.76470588235	-2325.98039215686
			4159.3137254902	-2325.98039215686
			4156.86274509804	-2328.43137254902
			4154.41176470588	-2328.43137254902
			4151.96078431373	-2330.88235294118
			4149.50980392157	-2330.88235294118
			4147.05882352941	-2333.33333333333
			4144.60784313726	-2333.33333333333
			4142.1568627451	-2335.78431372549
			4139.70588235294	-2335.78431372549
			4137.25490196078	-2338.23529411765
			4134.80392156863	-2340.6862745098
			4132.35294117647	-2340.6862745098
			4129.90196078431	-2340.6862745098
			4127.45098039216	-2343.13725490196
			4125	-2343.13725490196
			4122.54901960784	-2345.58823529412
			4120.09803921569	-2345.58823529412
			4117.64705882353	-2348.03921568627
			4115.19607843137	-2348.03921568627
			4115.19607843137	-2350.49019607843
			4112.74509803922	-2350.49019607843
			4110.29411764706	-2350.49019607843
			4107.8431372549	-2352.94117647059
			4105.39215686275	-2352.94117647059
			4102.94117647059	-2355.39215686275
			4100.49019607843	-2355.39215686275
			4098.03921568627	-2357.8431372549
			4095.58823529412	-2357.8431372549
			4095.58823529412	-2360.29411764706
			4093.13725490196	-2360.29411764706
			4090.6862745098	-2360.29411764706
			4088.23529411765	-2362.74509803922
			4085.78431372549	-2362.74509803922
			4083.33333333333	-2365.19607843137
			4080.88235294118	-2365.19607843137
			4078.43137254902	-2367.64705882353
			4075.98039215686	-2367.64705882353
			4073.52941176471	-2370.09803921569
			4071.07843137255	-2370.09803921569
			4068.62745098039	-2372.54901960784
			4066.17647058824	-2372.54901960784
			4063.72549019608	-2375
			4061.27450980392	-2375
			4058.82352941176	-2377.45098039216
			4056.37254901961	-2377.45098039216
			4053.92156862745	-2379.90196078431
			4051.47058823529	-2379.90196078431
			4049.01960784314	-2382.35294117647
			4046.56862745098	-2382.35294117647
			4044.11764705882	-2382.35294117647
			4041.66666666667	-2384.80392156863
			4039.21568627451	-2384.80392156863
			4036.76470588235	-2387.25490196078
			4034.3137254902	-2387.25490196078
			4031.86274509804	-2389.70588235294
			4029.41176470588	-2389.70588235294
			4026.96078431373	-2392.1568627451
			4024.50980392157	-2392.1568627451
			4022.05882352941	-2392.1568627451
			4022.05882352941	-2394.60784313726
			4019.60784313726	-2394.60784313726
			4017.1568627451	-2397.05882352941
			4014.70588235294	-2397.05882352941
			4012.25490196078	-2397.05882352941
			4009.80392156863	-2399.50980392157
			4007.35294117647	-2399.50980392157
			4004.90196078431	-2401.96078431373
			4002.45098039216	-2401.96078431373
			4000	-2401.96078431373
			3997.54901960784	-2404.41176470588
			3995.09803921569	-2406.86274509804
			3992.64705882353	-2406.86274509804
			3990.19607843137	-2409.3137254902
			3987.74509803922	-2409.3137254902
			3985.29411764706	-2411.76470588235
			3982.8431372549	-2411.76470588235
			3980.39215686275	-2411.76470588235
			3977.94117647059	-2414.21568627451
			3975.49019607843	-2414.21568627451
			3973.03921568627	-2416.66666666667
			3970.58823529412	-2416.66666666667
			3968.13725490196	-2416.66666666667
			3965.6862745098	-2419.11764705882
			3963.23529411765	-2419.11764705882
			3960.78431372549	-2421.56862745098
			3958.33333333333	-2421.56862745098
			3955.88235294118	-2421.56862745098
			3953.43137254902	-2424.01960784314
			3950.98039215686	-2424.01960784314
			3948.52941176471	-2424.01960784314
			3946.07843137255	-2426.47058823529
			3943.62745098039	-2426.47058823529
			3941.17647058824	-2428.92156862745
			3938.72549019608	-2428.92156862745
			3936.27450980392	-2428.92156862745
			3933.82352941176	-2431.37254901961
			3931.37254901961	-2431.37254901961
			3928.92156862745	-2431.37254901961
			3926.47058823529	-2433.82352941176
			3924.01960784314	-2433.82352941176
			3921.56862745098	-2433.82352941176
			3919.11764705882	-2433.82352941176
			3919.11764705882	-2436.27450980392
			3916.66666666667	-2436.27450980392
			3914.21568627451	-2436.27450980392
			3911.76470588235	-2438.72549019608
			3909.3137254902	-2438.72549019608
			3906.86274509804	-2438.72549019608
			3904.41176470588	-2441.17647058824
			3901.96078431373	-2441.17647058824
			3899.50980392157	-2441.17647058824
			3897.05882352941	-2443.62745098039
			3894.60784313726	-2443.62745098039
			3892.1568627451	-2443.62745098039
			3889.70588235294	-2443.62745098039
			3887.25490196078	-2446.07843137255
			3884.80392156863	-2446.07843137255
			3882.35294117647	-2446.07843137255
			3879.90196078431	-2448.52941176471
			3877.45098039216	-2448.52941176471
			3875	-2448.52941176471
			3872.54901960784	-2450.98039215686
			3870.09803921569	-2450.98039215686
			3867.64705882353	-2450.98039215686
			3865.19607843137	-2453.43137254902
			3862.74509803922	-2453.43137254902
			3860.29411764706	-2453.43137254902
			3857.8431372549	-2453.43137254902
			3855.39215686275	-2455.88235294118
			3852.94117647059	-2455.88235294118
			3850.49019607843	-2458.33333333333
			3848.03921568627	-2458.33333333333
			3845.58823529412	-2458.33333333333
			3843.13725490196	-2458.33333333333
			3840.6862745098	-2460.78431372549
			3838.23529411765	-2460.78431372549
			3835.78431372549	-2460.78431372549
			3833.33333333333	-2463.23529411765
			3830.88235294118	-2463.23529411765
			3828.43137254902	-2463.23529411765
			3825.98039215686	-2465.6862745098
			3823.52941176471	-2465.6862745098
			3821.07843137255	-2465.6862745098
			3818.62745098039	-2465.6862745098
			3816.17647058824	-2468.13725490196
			3813.72549019608	-2468.13725490196
			3811.27450980392	-2468.13725490196
			3808.82352941176	-2470.58823529412
			3806.37254901961	-2470.58823529412
			3803.92156862745	-2470.58823529412
			3801.47058823529	-2470.58823529412
			3799.01960784314	-2473.03921568627
			3796.56862745098	-2473.03921568627
			3794.11764705882	-2473.03921568627
			3791.66666666667	-2475.49019607843
			3789.21568627451	-2475.49019607843
			3786.76470588235	-2475.49019607843
			3784.3137254902	-2475.49019607843
			3781.86274509804	-2477.94117647059
			3779.41176470588	-2477.94117647059
			3776.96078431373	-2477.94117647059
			3774.50980392157	-2480.39215686275
			3772.05882352941	-2480.39215686275
			3769.60784313726	-2480.39215686275
			3767.1568627451	-2480.39215686275
			3764.70588235294	-2482.8431372549
			3762.25490196078	-2482.8431372549
			3759.80392156863	-2482.8431372549
			3757.35294117647	-2485.29411764706
			3754.90196078431	-2485.29411764706
			3752.45098039216	-2485.29411764706
			3750	-2485.29411764706
			3747.54901960784	-2487.74509803922
			3745.09803921569	-2487.74509803922
			3742.64705882353	-2487.74509803922
			3740.19607843137	-2487.74509803922
			3737.74509803922	-2490.19607843137
			3735.29411764706	-2490.19607843137
			3732.8431372549	-2490.19607843137
			3730.39215686275	-2492.64705882353
			3727.94117647059	-2492.64705882353
			3725.49019607843	-2492.64705882353
			3723.03921568627	-2492.64705882353
			3720.58823529412	-2495.09803921569
			3718.13725490196	-2495.09803921569
			3715.6862745098	-2495.09803921569
			3713.23529411765	-2495.09803921569
			3710.78431372549	-2497.54901960784
			3708.33333333333	-2497.54901960784
			3705.88235294118	-2497.54901960784
			3703.43137254902	-2497.54901960784
			3700.98039215686	-2500
			3698.52941176471	-2500
			3696.07843137255	-2500
			3693.62745098039	-2500
			3691.17647058824	-2502.45098039216
			3688.72549019608	-2502.45098039216
			3686.27450980392	-2502.45098039216
			3683.82352941176	-2502.45098039216
			3681.37254901961	-2504.90196078431
			3678.92156862745	-2504.90196078431
			3676.47058823529	-2504.90196078431
			3674.01960784314	-2507.35294117647
			3671.56862745098	-2507.35294117647
			3669.11764705882	-2507.35294117647
			3666.66666666667	-2507.35294117647
			3664.21568627451	-2507.35294117647
			3664.21568627451	-2509.80392156863
			3661.76470588235	-2509.80392156863
			3659.3137254902	-2509.80392156863
			3656.86274509804	-2509.80392156863
			3654.41176470588	-2509.80392156863
			3651.96078431373	-2512.25490196078
			3649.50980392157	-2512.25490196078
			3647.05882352941	-2512.25490196078
			3644.60784313726	-2514.70588235294
			3642.1568627451	-2514.70588235294
			3639.70588235294	-2514.70588235294
			3637.25490196078	-2514.70588235294
			3634.80392156863	-2517.1568627451
			3632.35294117647	-2517.1568627451
			3629.90196078431	-2517.1568627451
			3627.45098039216	-2517.1568627451
			3625	-2517.1568627451
			3622.54901960784	-2519.60784313726
			3620.09803921569	-2519.60784313726
			3617.64705882353	-2519.60784313726
			3615.19607843137	-2519.60784313726
			3612.74509803922	-2522.05882352941
			3610.29411764706	-2522.05882352941
			3607.8431372549	-2522.05882352941
			3605.39215686275	-2522.05882352941
			3602.94117647059	-2524.50980392157
			3600.49019607843	-2524.50980392157
			3598.03921568627	-2524.50980392157
			3595.58823529412	-2524.50980392157
			3593.13725490196	-2524.50980392157
			3590.6862745098	-2526.96078431373
			3588.23529411765	-2526.96078431373
			3585.78431372549	-2526.96078431373
			3583.33333333333	-2526.96078431373
			3580.88235294118	-2529.41176470588
			3578.43137254902	-2529.41176470588
			3575.98039215686	-2529.41176470588
			3573.52941176471	-2529.41176470588
			3571.07843137255	-2529.41176470588
			3568.62745098039	-2531.86274509804
			3566.17647058824	-2531.86274509804
			3563.72549019608	-2531.86274509804
			3561.27450980392	-2531.86274509804
			3558.82352941176	-2534.3137254902
			3556.37254901961	-2534.3137254902
			3553.92156862745	-2534.3137254902
			3551.47058823529	-2534.3137254902
			3549.01960784314	-2534.3137254902
			3546.56862745098	-2536.76470588235
			3544.11764705882	-2536.76470588235
			3541.66666666667	-2536.76470588235
			3539.21568627451	-2536.76470588235
			3536.76470588235	-2536.76470588235
			3534.3137254902	-2539.21568627451
			3531.86274509804	-2539.21568627451
			3529.41176470588	-2539.21568627451
			3526.96078431373	-2539.21568627451
			3524.50980392157	-2539.21568627451
			3522.05882352941	-2541.66666666667
			3519.60784313726	-2541.66666666667
			3517.1568627451	-2541.66666666667
			3514.70588235294	-2541.66666666667
			3512.25490196078	-2541.66666666667
			3509.80392156863	-2544.11764705882
			3507.35294117647	-2544.11764705882
			3504.90196078431	-2544.11764705882
			3502.45098039216	-2544.11764705882
			3500	-2544.11764705882
			3497.54901960784	-2546.56862745098
			3495.09803921569	-2546.56862745098
			3492.64705882353	-2546.56862745098
			3490.19607843137	-2546.56862745098
			3487.74509803922	-2546.56862745098
			3485.29411764706	-2549.01960784314
			3482.8431372549	-2549.01960784314
			3480.39215686275	-2549.01960784314
			3477.94117647059	-2549.01960784314
			3475.49019607843	-2549.01960784314
			3473.03921568627	-2549.01960784314
			3470.58823529412	-2551.47058823529
			3468.13725490196	-2551.47058823529
			3465.6862745098	-2551.47058823529
			3463.23529411765	-2551.47058823529
			3460.78431372549	-2551.47058823529
			3458.33333333333	-2553.92156862745
			3455.88235294118	-2553.92156862745
			3453.43137254902	-2553.92156862745
			3450.98039215686	-2553.92156862745
			3448.52941176471	-2553.92156862745
			3446.07843137255	-2553.92156862745
			3443.62745098039	-2556.37254901961
			3441.17647058824	-2556.37254901961
			3438.72549019608	-2556.37254901961
			3436.27450980392	-2556.37254901961
			3433.82352941176	-2556.37254901961
			3431.37254901961	-2556.37254901961
			3428.92156862745	-2558.82352941176
			3426.47058823529	-2558.82352941176
			3424.01960784314	-2558.82352941176
			3421.56862745098	-2558.82352941176
			3419.11764705882	-2558.82352941176
			3416.66666666667	-2558.82352941176
			3416.66666666667	-2561.27450980392
			3414.21568627451	-2561.27450980392
			3411.76470588235	-2561.27450980392
			3409.3137254902	-2561.27450980392
			3406.86274509804	-2561.27450980392
			3404.41176470588	-2561.27450980392
			3401.96078431373	-2561.27450980392
			3399.50980392157	-2563.72549019608
			3397.05882352941	-2563.72549019608
			3394.60784313726	-2563.72549019608
			3392.1568627451	-2563.72549019608
			3389.70588235294	-2563.72549019608
			3387.25490196078	-2563.72549019608
			3384.80392156863	-2566.17647058824
			3382.35294117647	-2566.17647058824
			3379.90196078431	-2566.17647058824
			3377.45098039216	-2566.17647058824
			3375	-2566.17647058824
			3372.54901960784	-2566.17647058824
			3370.09803921569	-2568.62745098039
			3367.64705882353	-2568.62745098039
			3365.19607843137	-2568.62745098039
			3362.74509803922	-2568.62745098039
			3360.29411764706	-2568.62745098039
			3357.8431372549	-2568.62745098039
			3355.39215686275	-2568.62745098039
			3352.94117647059	-2571.07843137255
			3350.49019607843	-2571.07843137255
			3348.03921568627	-2571.07843137255
			3345.58823529412	-2571.07843137255
			3343.13725490196	-2571.07843137255
			3340.6862745098	-2571.07843137255
			3338.23529411765	-2571.07843137255
			3335.78431372549	-2571.07843137255
			3333.33333333333	-2573.52941176471
			3330.88235294118	-2573.52941176471
			3328.43137254902	-2573.52941176471
			3325.98039215686	-2573.52941176471
			3323.52941176471	-2573.52941176471
			3321.07843137255	-2573.52941176471
			3318.62745098039	-2573.52941176471
			3316.17647058824	-2575.98039215686
			3313.72549019608	-2575.98039215686
			3311.27450980392	-2575.98039215686
			3308.82352941176	-2575.98039215686
			3306.37254901961	-2575.98039215686
			3303.92156862745	-2575.98039215686
			3301.47058823529	-2575.98039215686
			3299.01960784314	-2575.98039215686
			3296.56862745098	-2578.43137254902
			3294.11764705882	-2578.43137254902
			3291.66666666667	-2578.43137254902
			3289.21568627451	-2578.43137254902
			3286.76470588235	-2578.43137254902
			3284.3137254902	-2578.43137254902
			3281.86274509804	-2578.43137254902
			3279.41176470588	-2578.43137254902
			3276.96078431373	-2578.43137254902
			3274.50980392157	-2580.88235294118
			3272.05882352941	-2580.88235294118
			3269.60784313726	-2580.88235294118
			3267.1568627451	-2580.88235294118
			3264.70588235294	-2580.88235294118
			3262.25490196078	-2580.88235294118
			3259.80392156863	-2580.88235294118
			3257.35294117647	-2580.88235294118
			3254.90196078431	-2580.88235294118
			3252.45098039216	-2583.33333333333
			3250	-2583.33333333333
			3247.54901960784	-2583.33333333333
			3245.09803921569	-2583.33333333333
			3242.64705882353	-2583.33333333333
			3240.19607843137	-2583.33333333333
			3237.74509803922	-2583.33333333333
			3235.29411764706	-2583.33333333333
			3232.8431372549	-2583.33333333333
			3230.39215686275	-2583.33333333333
			3227.94117647059	-2583.33333333333
			3225.49019607843	-2585.78431372549
			3223.03921568627	-2585.78431372549
			3220.58823529412	-2585.78431372549
			3218.13725490196	-2585.78431372549
			3215.6862745098	-2585.78431372549
			3213.23529411765	-2585.78431372549
			3210.78431372549	-2585.78431372549
			3208.33333333333	-2585.78431372549
			3205.88235294118	-2585.78431372549
			3203.43137254902	-2585.78431372549
			3200.98039215686	-2585.78431372549
			3198.52941176471	-2588.23529411765
			3196.07843137255	-2588.23529411765
			3193.62745098039	-2588.23529411765
			3191.17647058824	-2588.23529411765
			3188.72549019608	-2588.23529411765
			3186.27450980392	-2588.23529411765
			3183.82352941176	-2588.23529411765
			3181.37254901961	-2588.23529411765
			3178.92156862745	-2588.23529411765
			3176.47058823529	-2588.23529411765
			3174.01960784314	-2588.23529411765
			3171.56862745098	-2588.23529411765
			3169.11764705882	-2588.23529411765
			3166.66666666667	-2590.6862745098
			3164.21568627451	-2590.6862745098
			3161.76470588235	-2590.6862745098
			3159.3137254902	-2590.6862745098
			3156.86274509804	-2590.6862745098
			3154.41176470588	-2590.6862745098
			3151.96078431373	-2590.6862745098
			3149.50980392157	-2590.6862745098
			3147.05882352941	-2590.6862745098
			3144.60784313726	-2590.6862745098
			3142.1568627451	-2590.6862745098
			3139.70588235294	-2590.6862745098
			3137.25490196078	-2590.6862745098
			3134.80392156863	-2590.6862745098
			3132.35294117647	-2590.6862745098
			3129.90196078431	-2593.13725490196
			3127.45098039216	-2593.13725490196
			3125	-2593.13725490196
			3122.54901960784	-2593.13725490196
			3120.09803921569	-2593.13725490196
			3117.64705882353	-2593.13725490196
			3115.19607843137	-2593.13725490196
			3112.74509803922	-2593.13725490196
			3110.29411764706	-2593.13725490196
			3107.8431372549	-2593.13725490196
			3105.39215686275	-2593.13725490196
			3102.94117647059	-2593.13725490196
			3100.49019607843	-2593.13725490196
			3098.03921568627	-2593.13725490196
			3095.58823529412	-2593.13725490196
			3093.13725490196	-2593.13725490196
			3090.6862745098	-2593.13725490196
			3088.23529411765	-2593.13725490196
			3085.78431372549	-2593.13725490196
			3083.33333333333	-2593.13725490196
			3080.88235294118	-2593.13725490196
			3078.43137254902	-2593.13725490196
			3075.98039215686	-2595.58823529412
			3073.52941176471	-2595.58823529412
			3071.07843137255	-2595.58823529412
			3068.62745098039	-2595.58823529412
			3066.17647058824	-2595.58823529412
			3063.72549019608	-2595.58823529412
			3061.27450980392	-2595.58823529412
			3058.82352941176	-2595.58823529412
			3056.37254901961	-2595.58823529412
			3053.92156862745	-2595.58823529412
			3051.47058823529	-2595.58823529412
			3049.01960784314	-2595.58823529412
			3046.56862745098	-2595.58823529412
			3044.11764705882	-2595.58823529412
			3041.66666666667	-2595.58823529412
			3039.21568627451	-2595.58823529412
			3036.76470588235	-2595.58823529412
			3034.3137254902	-2595.58823529412
			3031.86274509804	-2595.58823529412
			3029.41176470588	-2595.58823529412
			3026.96078431373	-2595.58823529412
			3024.50980392157	-2595.58823529412
			3022.05882352941	-2595.58823529412
			3019.60784313726	-2595.58823529412
			3017.1568627451	-2595.58823529412
			3014.70588235294	-2595.58823529412
			3012.25490196078	-2595.58823529412
			3009.80392156863	-2595.58823529412
			3007.35294117647	-2595.58823529412
			3004.90196078431	-2595.58823529412
			3002.45098039216	-2595.58823529412
			3000	-2595.58823529412
			2997.54901960784	-2595.58823529412
			2995.09803921569	-2595.58823529412
			2992.64705882353	-2595.58823529412
			2990.19607843137	-2595.58823529412
			2987.74509803922	-2595.58823529412
			2985.29411764706	-2595.58823529412
			2982.8431372549	-2595.58823529412
			2980.39215686275	-2595.58823529412
			2977.94117647059	-2595.58823529412
			2975.49019607843	-2595.58823529412
			2973.03921568627	-2595.58823529412
			2970.58823529412	-2595.58823529412
			2968.13725490196	-2595.58823529412
			2965.6862745098	-2595.58823529412
			2963.23529411765	-2595.58823529412
			2960.78431372549	-2595.58823529412
			2958.33333333333	-2595.58823529412
			2955.88235294118	-2595.58823529412
			2953.43137254902	-2595.58823529412
			2950.98039215686	-2595.58823529412
			2948.52941176471	-2595.58823529412
			2946.07843137255	-2595.58823529412
			2943.62745098039	-2595.58823529412
			2941.17647058824	-2595.58823529412
			2938.72549019608	-2595.58823529412
			2936.27450980392	-2595.58823529412
			2933.82352941176	-2595.58823529412
			2931.37254901961	-2595.58823529412
			2928.92156862745	-2595.58823529412
			2926.47058823529	-2595.58823529412
			2924.01960784314	-2595.58823529412
			2921.56862745098	-2593.13725490196
			2919.11764705882	-2593.13725490196
			2916.66666666667	-2593.13725490196
			2914.21568627451	-2593.13725490196
			2911.76470588235	-2593.13725490196
			2909.3137254902	-2593.13725490196
			2906.86274509804	-2593.13725490196
			2904.41176470588	-2593.13725490196
			2901.96078431373	-2593.13725490196
			2899.50980392157	-2593.13725490196
			2897.05882352941	-2593.13725490196
			2894.60784313726	-2593.13725490196
			2892.1568627451	-2593.13725490196
			2889.70588235294	-2593.13725490196
			2887.25490196078	-2593.13725490196
			2884.80392156863	-2593.13725490196
			2882.35294117647	-2593.13725490196
			2879.90196078431	-2593.13725490196
			2877.45098039216	-2593.13725490196
			2875	-2593.13725490196
			2872.54901960784	-2593.13725490196
			2870.09803921569	-2593.13725490196
			2867.64705882353	-2590.6862745098
			2865.19607843137	-2590.6862745098
			2862.74509803922	-2590.6862745098
			2860.29411764706	-2590.6862745098
			2857.8431372549	-2590.6862745098
			2855.39215686275	-2590.6862745098
			2852.94117647059	-2590.6862745098
			2850.49019607843	-2590.6862745098
			2848.03921568627	-2590.6862745098
			2845.58823529412	-2590.6862745098
			2843.13725490196	-2590.6862745098
			2840.6862745098	-2590.6862745098
			2838.23529411765	-2590.6862745098
			2835.78431372549	-2590.6862745098
			2833.33333333333	-2590.6862745098
			2830.88235294118	-2588.23529411765
			2828.43137254902	-2588.23529411765
			2825.98039215686	-2588.23529411765
			2823.52941176471	-2588.23529411765
			2821.07843137255	-2588.23529411765
			2818.62745098039	-2588.23529411765
			2816.17647058824	-2588.23529411765
			2813.72549019608	-2588.23529411765
			2811.27450980392	-2588.23529411765
			2808.82352941176	-2588.23529411765
			2806.37254901961	-2588.23529411765
			2803.92156862745	-2588.23529411765
			2801.47058823529	-2585.78431372549
			2799.01960784314	-2585.78431372549
			2796.56862745098	-2585.78431372549
			2794.11764705882	-2585.78431372549
			2791.66666666667	-2585.78431372549
			2789.21568627451	-2585.78431372549
			2786.76470588235	-2585.78431372549
			2784.3137254902	-2585.78431372549
			2781.86274509804	-2585.78431372549
			2779.41176470588	-2585.78431372549
			2776.96078431373	-2585.78431372549
			2776.96078431373	-2583.33333333333
			2774.50980392157	-2583.33333333333
			2772.05882352941	-2583.33333333333
			2769.60784313726	-2583.33333333333
			2767.1568627451	-2583.33333333333
			2764.70588235294	-2583.33333333333
			2762.25490196078	-2583.33333333333
			2759.80392156863	-2583.33333333333
			2757.35294117647	-2583.33333333333
			2754.90196078431	-2583.33333333333
			2752.45098039216	-2580.88235294118
			2750	-2580.88235294118
			2747.54901960784	-2580.88235294118
			2745.09803921569	-2580.88235294118
			2742.64705882353	-2580.88235294118
			2740.19607843137	-2580.88235294118
			2737.74509803922	-2580.88235294118
			2735.29411764706	-2580.88235294118
			2732.8431372549	-2578.43137254902
			2730.39215686275	-2578.43137254902
			2727.94117647059	-2578.43137254902
			2725.49019607843	-2578.43137254902
			2723.03921568627	-2578.43137254902
			2720.58823529412	-2578.43137254902
			2718.13725490196	-2578.43137254902
			2715.6862745098	-2578.43137254902
			2713.23529411765	-2575.98039215686
			2710.78431372549	-2575.98039215686
			2708.33333333333	-2575.98039215686
			2705.88235294118	-2575.98039215686
			2703.43137254902	-2575.98039215686
			2700.98039215686	-2575.98039215686
			2698.52941176471	-2575.98039215686
			2696.07843137255	-2573.52941176471
			2693.62745098039	-2573.52941176471
			2691.17647058824	-2573.52941176471
			2688.72549019608	-2573.52941176471
			2686.27450980392	-2573.52941176471
			2683.82352941176	-2573.52941176471
			2681.37254901961	-2573.52941176471
			2678.92156862745	-2571.07843137255
			2676.47058823529	-2571.07843137255
			2674.01960784314	-2571.07843137255
			2671.56862745098	-2571.07843137255
			2669.11764705882	-2571.07843137255
			2666.66666666667	-2571.07843137255
			2664.21568627451	-2568.62745098039
			2661.76470588235	-2568.62745098039
			2659.3137254902	-2568.62745098039
			2656.86274509804	-2568.62745098039
			2654.41176470588	-2568.62745098039
			2651.96078431373	-2568.62745098039
			2649.50980392157	-2566.17647058824
			2647.05882352941	-2566.17647058824
			2644.60784313726	-2566.17647058824
			2642.1568627451	-2566.17647058824
			2639.70588235294	-2566.17647058824
			2637.25490196078	-2566.17647058824
			2634.80392156863	-2563.72549019608
			2632.35294117647	-2563.72549019608
			2629.90196078431	-2563.72549019608
			2627.45098039216	-2563.72549019608
			2625	-2563.72549019608
			2622.54901960784	-2563.72549019608
			2620.09803921569	-2561.27450980392
			2617.64705882353	-2561.27450980392
			2615.19607843137	-2561.27450980392
			2612.74509803922	-2561.27450980392
			2610.29411764706	-2561.27450980392
			2607.8431372549	-2561.27450980392
			2605.39215686275	-2558.82352941176
			2602.94117647059	-2558.82352941176
			2600.49019607843	-2558.82352941176
			2598.03921568627	-2558.82352941176
			2595.58823529412	-2558.82352941176
			2593.13725490196	-2556.37254901961
			2590.6862745098	-2556.37254901961
			2588.23529411765	-2556.37254901961
			2585.78431372549	-2556.37254901961
			2583.33333333333	-2556.37254901961
			2583.33333333333	-2553.92156862745
			2580.88235294118	-2553.92156862745
			2578.43137254902	-2553.92156862745
			2575.98039215686	-2553.92156862745
			2573.52941176471	-2553.92156862745
			2571.07843137255	-2551.47058823529
			2568.62745098039	-2551.47058823529
			2566.17647058824	-2551.47058823529
			2563.72549019608	-2551.47058823529
			2561.27450980392	-2551.47058823529
			2558.82352941176	-2549.01960784314
			2556.37254901961	-2549.01960784314
			2553.92156862745	-2549.01960784314
			2551.47058823529	-2549.01960784314
			2549.01960784314	-2549.01960784314
			2546.56862745098	-2546.56862745098
			2544.11764705882	-2546.56862745098
			2541.66666666667	-2546.56862745098
			2539.21568627451	-2546.56862745098
			2536.76470588235	-2544.11764705882
			2534.3137254902	-2544.11764705882
			2531.86274509804	-2544.11764705882
			2529.41176470588	-2544.11764705882
			2526.96078431373	-2544.11764705882
			2524.50980392157	-2541.66666666667
			2522.05882352941	-2541.66666666667
			2519.60784313726	-2541.66666666667
			2517.1568627451	-2541.66666666667
			2514.70588235294	-2539.21568627451
			2512.25490196078	-2539.21568627451
			2509.80392156863	-2539.21568627451
			2507.35294117647	-2539.21568627451
			2504.90196078431	-2536.76470588235
			2502.45098039216	-2536.76470588235
			2500	-2536.76470588235
			2497.54901960784	-2536.76470588235
			2495.09803921569	-2534.3137254902
			2492.64705882353	-2534.3137254902
			2490.19607843137	-2534.3137254902
			2487.74509803922	-2531.86274509804
			2485.29411764706	-2531.86274509804
			2482.8431372549	-2531.86274509804
			2480.39215686275	-2531.86274509804
			2477.94117647059	-2529.41176470588
			2475.49019607843	-2529.41176470588
			2473.03921568627	-2529.41176470588
			2470.58823529412	-2529.41176470588
			2468.13725490196	-2526.96078431373
			2465.6862745098	-2526.96078431373
			2463.23529411765	-2526.96078431373
			2460.78431372549	-2526.96078431373
			2458.33333333333	-2524.50980392157
			2455.88235294118	-2524.50980392157
			2453.43137254902	-2524.50980392157
			2450.98039215686	-2524.50980392157
			2448.52941176471	-2522.05882352941
			2446.07843137255	-2522.05882352941
			2443.62745098039	-2522.05882352941
			2441.17647058824	-2519.60784313726
			2438.72549019608	-2519.60784313726
			2436.27450980392	-2519.60784313726
			2433.82352941176	-2519.60784313726
			2431.37254901961	-2517.1568627451
			2428.92156862745	-2517.1568627451
			2426.47058823529	-2517.1568627451
			2424.01960784314	-2514.70588235294
			2421.56862745098	-2514.70588235294
			2419.11764705882	-2514.70588235294
			2416.66666666667	-2514.70588235294
			2414.21568627451	-2512.25490196078
			2411.76470588235	-2512.25490196078
			2409.3137254902	-2512.25490196078
			2406.86274509804	-2509.80392156863
			2404.41176470588	-2509.80392156863
			2401.96078431373	-2509.80392156863
			2401.96078431373	-2507.35294117647
			2399.50980392157	-2507.35294117647
			2397.05882352941	-2507.35294117647
			2394.60784313726	-2507.35294117647
			2392.1568627451	-2504.90196078431
			2389.70588235294	-2504.90196078431
			2387.25490196078	-2504.90196078431
			2384.80392156863	-2502.45098039216
			2382.35294117647	-2502.45098039216
			2379.90196078431	-2502.45098039216
			2377.45098039216	-2500
			2375	-2500
			2372.54901960784	-2500
			2370.09803921569	-2497.54901960784
			2367.64705882353	-2497.54901960784
			2365.19607843137	-2497.54901960784
			2362.74509803922	-2497.54901960784
			2360.29411764706	-2495.09803921569
			2357.8431372549	-2495.09803921569
			2355.39215686275	-2495.09803921569
			2352.94117647059	-2492.64705882353
			2350.49019607843	-2492.64705882353
			2348.03921568627	-2492.64705882353
			2345.58823529412	-2490.19607843137
			2343.13725490196	-2490.19607843137
			2340.6862745098	-2490.19607843137
			2338.23529411765	-2487.74509803922
			2335.78431372549	-2487.74509803922
			2333.33333333333	-2485.29411764706
			2330.88235294118	-2485.29411764706
			2328.43137254902	-2485.29411764706
			2325.98039215686	-2482.8431372549
			2323.52941176471	-2482.8431372549
			2321.07843137255	-2482.8431372549
			2318.62745098039	-2480.39215686275
			2316.17647058824	-2480.39215686275
			2313.72549019608	-2480.39215686275
			2313.72549019608	-2477.94117647059
			2311.27450980392	-2477.94117647059
			2308.82352941176	-2477.94117647059
			2306.37254901961	-2475.49019607843
			2303.92156862745	-2475.49019607843
			2301.47058823529	-2475.49019607843
			2299.01960784314	-2473.03921568627
			2296.56862745098	-2473.03921568627
			2294.11764705882	-2470.58823529412
			2291.66666666667	-2470.58823529412
			2289.21568627451	-2470.58823529412
			2286.76470588235	-2468.13725490196
			2284.3137254902	-2468.13725490196
			2281.86274509804	-2468.13725490196
			2279.41176470588	-2465.6862745098
			2276.96078431373	-2465.6862745098
			2274.50980392157	-2463.23529411765
			2272.05882352941	-2463.23529411765
			2269.60784313726	-2463.23529411765
			2267.1568627451	-2460.78431372549
			2264.70588235294	-2460.78431372549
			2262.25490196078	-2458.33333333333
			2259.80392156863	-2458.33333333333
			2257.35294117647	-2458.33333333333
			2254.90196078431	-2455.88235294118
			2252.45098039216	-2455.88235294118
			2250	-2455.88235294118
			2247.54901960784	-2453.43137254902
			2245.09803921569	-2453.43137254902
			2242.64705882353	-2450.98039215686
			2240.19607843137	-2450.98039215686
			2237.74509803922	-2450.98039215686
			2235.29411764706	-2448.52941176471
			2232.8431372549	-2448.52941176471
			2230.39215686275	-2446.07843137255
			2227.94117647059	-2446.07843137255
			2225.49019607843	-2443.62745098039
			2223.03921568627	-2443.62745098039
			2220.58823529412	-2441.17647058824
			2218.13725490196	-2441.17647058824
			2215.6862745098	-2441.17647058824
			2215.6862745098	-2438.72549019608
			2213.23529411765	-2438.72549019608
			2210.78431372549	-2438.72549019608
			2210.78431372549	-2436.27450980392
			2208.33333333333	-2436.27450980392
			2205.88235294118	-2433.82352941176
			2203.43137254902	-2433.82352941176
			2200.98039215686	-2431.37254901961
			2198.52941176471	-2431.37254901961
			2196.07843137255	-2431.37254901961
			2196.07843137255	-2428.92156862745
			2193.62745098039	-2428.92156862745
			2191.17647058824	-2426.47058823529
			2188.72549019608	-2426.47058823529
			2186.27450980392	-2424.01960784314
			2183.82352941176	-2424.01960784314
			2181.37254901961	-2421.56862745098
			2178.92156862745	-2421.56862745098
			2176.47058823529	-2419.11764705882
			2174.01960784314	-2419.11764705882
			2171.56862745098	-2416.66666666667
			2169.11764705882	-2416.66666666667
			2166.66666666667	-2414.21568627451
			2164.21568627451	-2411.76470588235
			2161.76470588235	-2411.76470588235
			2159.3137254902	-2411.76470588235
			2156.86274509804	-2409.3137254902
			2154.41176470588	-2409.3137254902
			2151.96078431373	-2406.86274509804
			2149.50980392157	-2404.41176470588
			2147.05882352941	-2404.41176470588
			2144.60784313726	-2401.96078431373
			2142.1568627451	-2401.96078431373
			2139.70588235294	-2399.50980392157
			2137.25490196078	-2399.50980392157
			2134.80392156863	-2397.05882352941
			2132.35294117647	-2397.05882352941
			2129.90196078431	-2394.60784313726
			2127.45098039216	-2392.1568627451
			2125	-2392.1568627451
			2122.54901960784	-2389.70588235294
			2120.09803921569	-2389.70588235294
			2117.64705882353	-2387.25490196078
			2115.19607843137	-2384.80392156863
			2112.74509803922	-2384.80392156863
			2110.29411764706	-2384.80392156863
			2107.8431372549	-2382.35294117647
			2105.39215686275	-2379.90196078431
			2102.94117647059	-2379.90196078431
			2100.49019607843	-2377.45098039216
			2098.03921568627	-2377.45098039216
			2095.58823529412	-2375
			2093.13725490196	-2372.54901960784
			2090.6862745098	-2372.54901960784
			2088.23529411765	-2370.09803921569
			2085.78431372549	-2370.09803921569
			2083.33333333333	-2367.64705882353
			2080.88235294118	-2365.19607843137
			2078.43137254902	-2365.19607843137
			2075.98039215686	-2362.74509803922
			2073.52941176471	-2362.74509803922
			2071.07843137255	-2360.29411764706
			2068.62745098039	-2360.29411764706
			2066.17647058824	-2357.8431372549
			2063.72549019608	-2355.39215686275
			2061.27450980392	-2355.39215686275
			2058.82352941176	-2352.94117647059
			2056.37254901961	-2352.94117647059
			2053.92156862745	-2350.49019607843
			2051.47058823529	-2348.03921568627
			2049.01960784314	-2348.03921568627
			2046.56862745098	-2345.58823529412
			2044.11764705882	-2345.58823529412
			2041.66666666667	-2343.13725490196
			2039.21568627451	-2340.6862745098
			2036.76470588235	-2340.6862745098
			2034.3137254902	-2338.23529411765
			2031.86274509804	-2335.78431372549
			2029.41176470588	-2333.33333333333
			2026.96078431373	-2333.33333333333
			2024.50980392157	-2330.88235294118
			2022.05882352941	-2330.88235294118
			2019.60784313726	-2328.43137254902
			2017.1568627451	-2325.98039215686
			2014.70588235294	-2325.98039215686
			2012.25490196078	-2323.52941176471
			2009.80392156863	-2321.07843137255
			2007.35294117647	-2321.07843137255
			2004.90196078431	-2318.62745098039
			2002.45098039216	-2316.17647058824
			2000	-2316.17647058824
			1997.54901960784	-2313.72549019608
			1995.09803921569	-2313.72549019608
			1995.09803921569	-2311.27450980392
			1992.64705882353	-2308.82352941176
			1990.19607843137	-2308.82352941176
			1987.74509803922	-2306.37254901961
			1985.29411764706	-2303.92156862745
			1982.8431372549	-2303.92156862745
			1980.39215686275	-2301.47058823529
			1977.94117647059	-2299.01960784314
			1975.49019607843	-2296.56862745098
			1973.03921568627	-2296.56862745098
			1970.58823529412	-2294.11764705882
			1968.13725490196	-2291.66666666667
			1965.6862745098	-2289.21568627451
			1963.23529411765	-2289.21568627451
			1960.78431372549	-2286.76470588235
			1958.33333333333	-2284.3137254902
			1955.88235294118	-2281.86274509804
			1953.43137254902	-2281.86274509804
			1950.98039215686	-2279.41176470588
			1948.52941176471	-2276.96078431373
			1946.07843137255	-2276.96078431373
			1943.62745098039	-2274.50980392157
			1941.17647058824	-2272.05882352941
			1938.72549019608	-2269.60784313726
			1936.27450980392	-2269.60784313726
			1933.82352941176	-2267.1568627451
			1931.37254901961	-2267.1568627451
			1928.92156862745	-2264.70588235294
			1926.47058823529	-2264.70588235294
			1924.01960784314	-2264.70588235294
			1921.56862745098	-2262.25490196078
			1919.11764705882	-2259.80392156863
			1916.66666666667	-2259.80392156863
			1914.21568627451	-2257.35294117647
			1911.76470588235	-2257.35294117647
			1909.3137254902	-2254.90196078431
			1906.86274509804	-2254.90196078431
			1904.41176470588	-2252.45098039216
			1901.96078431373	-2252.45098039216
			1899.50980392157	-2250
			1897.05882352941	-2250
			1894.60784313726	-2247.54901960784
			1892.1568627451	-2247.54901960784
			1889.70588235294	-2245.09803921569
			1887.25490196078	-2245.09803921569
			1884.80392156863	-2242.64705882353
			1882.35294117647	-2242.64705882353
			1879.90196078431	-2240.19607843137
			1877.45098039216	-2240.19607843137
			1875	-2237.74509803922
			1872.54901960784	-2235.29411764706
			1870.09803921569	-2235.29411764706
			1867.64705882353	-2235.29411764706
			1865.19607843137	-2232.8431372549
			1862.74509803922	-2232.8431372549
			1860.29411764706	-2230.39215686275
			1857.8431372549	-2230.39215686275
			1855.39215686275	-2227.94117647059
			1852.94117647059	-2227.94117647059
			1850.49019607843	-2225.49019607843
			1848.03921568627	-2225.49019607843
			1845.58823529412	-2223.03921568627
			1843.13725490196	-2223.03921568627
			1840.6862745098	-2223.03921568627
			1838.23529411765	-2220.58823529412
			1835.78431372549	-2220.58823529412
			1835.78431372549	-2218.13725490196
			1833.33333333333	-2218.13725490196
			1830.88235294118	-2215.6862745098
			1828.43137254902	-2215.6862745098
			1825.98039215686	-2215.6862745098
			1823.52941176471	-2213.23529411765
			1821.07843137255	-2213.23529411765
			1818.62745098039	-2210.78431372549
			1816.17647058824	-2210.78431372549
			1813.72549019608	-2208.33333333333
			1811.27450980392	-2208.33333333333
			1808.82352941176	-2205.88235294118
			1806.37254901961	-2205.88235294118
			1803.92156862745	-2203.43137254902
			1801.47058823529	-2203.43137254902
			1799.01960784314	-2203.43137254902
			1799.01960784314	-2200.98039215686
			1796.56862745098	-2200.98039215686
			1794.11764705882	-2200.98039215686
			1791.66666666667	-2198.52941176471
			1789.21568627451	-2198.52941176471
			1786.76470588235	-2196.07843137255
			1784.3137254902	-2196.07843137255
			1781.86274509804	-2196.07843137255
			1779.41176470588	-2193.62745098039
			1776.96078431373	-2193.62745098039
			1774.50980392157	-2191.17647058824
			1772.05882352941	-2191.17647058824
			1769.60784313726	-2188.72549019608
			1767.1568627451	-2188.72549019608
			1764.70588235294	-2186.27450980392
			1762.25490196078	-2186.27450980392
			1759.80392156863	-2183.82352941176
			1757.35294117647	-2183.82352941176
			1754.90196078431	-2183.82352941176
			1752.45098039216	-2181.37254901961
			1750	-2181.37254901961
			1747.54901960784	-2178.92156862745
			1745.09803921569	-2178.92156862745
			1742.64705882353	-2178.92156862745
			1740.19607843137	-2176.47058823529
			1737.74509803922	-2176.47058823529
			1735.29411764706	-2174.01960784314
			1732.8431372549	-2174.01960784314
			1730.39215686275	-2174.01960784314
			1727.94117647059	-2171.56862745098
			1725.49019607843	-2171.56862745098
			1723.03921568627	-2171.56862745098
			1723.03921568627	-2169.11764705882
			1720.58823529412	-2169.11764705882
			1718.13725490196	-2169.11764705882
			1715.6862745098	-2166.66666666667
			1713.23529411765	-2166.66666666667
			1710.78431372549	-2166.66666666667
			1708.33333333333	-2164.21568627451
			1705.88235294118	-2164.21568627451
			1703.43137254902	-2161.76470588235
			1700.98039215686	-2161.76470588235
			1698.52941176471	-2161.76470588235
			1696.07843137255	-2159.3137254902
			1693.62745098039	-2159.3137254902
			1691.17647058824	-2156.86274509804
			1688.72549019608	-2156.86274509804
			1686.27450980392	-2156.86274509804
			1683.82352941176	-2154.41176470588
			1681.37254901961	-2154.41176470588
			1678.92156862745	-2154.41176470588
			1676.47058823529	-2151.96078431373
			1674.01960784314	-2151.96078431373
			1671.56862745098	-2151.96078431373
			1669.11764705882	-2149.50980392157
			1666.66666666667	-2149.50980392157
			1664.21568627451	-2147.05882352941
			1661.76470588235	-2147.05882352941
			1659.3137254902	-2147.05882352941
			1656.86274509804	-2144.60784313726
			1654.41176470588	-2144.60784313726
			1651.96078431373	-2144.60784313726
			1649.50980392157	-2144.60784313726
			1647.05882352941	-2142.1568627451
			1644.60784313726	-2142.1568627451
			1642.1568627451	-2142.1568627451
			1639.70588235294	-2139.70588235294
			1637.25490196078	-2139.70588235294
		</C2>
	</curves.scaled>
	<ruler.points type=matrix rownames=TRUE colnames=FALSE nrow=2 ncol=2 as.numeric=TRUE >
		Ruler point 1	3	1877
		Ruler point 2	105	1877
	</ruler.points>
</shapes>

