<shapes type=list>
	<ruler.pixel type=vector names=FALSE length=1 as.numeric=TRUE >102</ruler.pixel>
	<ruler.interval type=vector names=FALSE length=1 as.numeric=TRUE >250</ruler.interval>
	<scaling.units type=vector names=FALSE length=1 as.numeric=FALSE >nm</scaling.units>
	<scaling type=vector names=FALSE length=1 as.numeric=TRUE >2.45098039215686</scaling>
	<landmarks.pixel type=matrix rownames=TRUE colnames=FALSE nrow=4 ncol=2 as.numeric=TRUE >
		1-TopL	757	618
		2-TopR	1742	1020
		3-BotR	1117	1561
		4-BotL	983	1498
	</landmarks.pixel>
	<landmarks.scaled type=matrix rownames=TRUE colnames=FALSE nrow=4 ncol=2 as.numeric=TRUE >
		1-TopL	1855.39215686275	-1514.70588235294
		2-TopR	4269.60784313726	-2500
		3-BotR	2737.74509803922	-3825.98039215686
		4-BotL	2409.3137254902	-3671.56862745098
	</landmarks.scaled>
	<curves.control type=list>
		<C1 type=matrix rownames=FALSE colnames=FALSE nrow=5 ncol=2 as.numeric=TRUE >
			757	618
			995	482
			1390	731
			1649	866
			1742	1020
		</C1>
		<C2 type=matrix rownames=FALSE colnames=FALSE nrow=7 ncol=2 as.numeric=TRUE >
			1117	1561
			1125	1609
			1062	1609
			1028	1677
			968	1621
			930	1577
			983	1498
		</C2>
	</curves.control>
	<curves.pixel type=list>
		<C1 type=matrix rownames=FALSE colnames=FALSE nrow=1054 ncol=2 as.numeric=TRUE >
			757	618
			758	618
			759	617
			760	617
			760	616
			761	616
			762	615
			763	615
			764	614
			765	614
			765	613
			766	613
			767	612
			768	612
			769	612
			770	611
			771	611
			771	610
			772	610
			773	609
			774	609
			775	608
			776	608
			777	608
			777	607
			778	607
			779	606
			780	606
			781	606
			782	605
			783	605
			783	604
			784	604
			785	603
			786	603
			787	603
			788	602
			789	602
			790	602
			790	601
			791	601
			792	600
			793	600
			794	600
			795	599
			796	599
			797	598
			798	598
			799	597
			800	597
			801	597
			802	596
			803	596
			804	595
			805	595
			806	595
			807	594
			808	594
			809	594
			810	593
			811	593
			812	593
			813	592
			814	592
			815	592
			816	591
			817	591
			818	590
			819	590
			820	590
			821	589
			822	589
			823	589
			824	588
			825	588
			826	588
			827	587
			828	587
			829	587
			830	586
			831	586
			832	586
			833	586
			834	585
			835	585
			836	585
			837	584
			838	584
			839	584
			840	584
			841	583
			842	583
			843	583
			844	582
			845	582
			846	582
			847	582
			848	581
			849	581
			850	581
			851	581
			852	580
			853	580
			854	580
			855	580
			856	580
			857	579
			858	579
			859	579
			860	579
			861	578
			862	578
			863	578
			864	578
			865	578
			866	577
			867	577
			868	577
			869	577
			870	577
			871	576
			872	576
			873	576
			874	576
			875	576
			876	576
			877	575
			878	575
			879	575
			880	575
			881	575
			882	575
			883	574
			884	574
			885	574
			886	574
			887	574
			888	574
			889	574
			890	573
			891	573
			892	573
			893	573
			894	573
			895	573
			896	573
			897	573
			898	573
			899	572
			900	572
			901	572
			902	572
			903	572
			904	572
			905	572
			906	572
			907	572
			908	572
			909	571
			910	571
			911	571
			912	571
			913	571
			914	571
			915	571
			916	571
			917	571
			918	571
			919	571
			920	571
			921	571
			922	571
			923	570
			924	570
			925	570
			926	570
			927	570
			928	570
			929	570
			930	570
			931	570
			932	570
			933	570
			934	570
			935	570
			936	570
			937	570
			938	570
			939	570
			940	570
			941	570
			942	570
			943	570
			944	570
			945	570
			946	570
			947	570
			948	570
			949	570
			950	570
			951	570
			952	570
			953	570
			954	570
			955	570
			956	570
			957	570
			958	570
			959	570
			960	570
			961	570
			962	570
			963	570
			964	570
			965	570
			966	570
			967	570
			968	571
			969	571
			970	571
			971	571
			972	571
			973	571
			974	571
			975	571
			976	571
			977	571
			978	571
			979	571
			980	571
			981	571
			982	571
			983	572
			984	572
			985	572
			986	572
			987	572
			988	572
			989	572
			990	572
			991	572
			992	572
			993	572
			994	573
			995	573
			996	573
			997	573
			998	573
			999	573
			1000	573
			1001	573
			1002	573
			1003	574
			1004	574
			1005	574
			1006	574
			1007	574
			1008	574
			1009	574
			1010	574
			1011	575
			1012	575
			1013	575
			1014	575
			1015	575
			1016	575
			1017	575
			1018	576
			1019	576
			1020	576
			1021	576
			1022	576
			1023	576
			1024	576
			1024	577
			1025	577
			1026	577
			1027	577
			1028	577
			1029	577
			1030	578
			1031	578
			1032	578
			1033	578
			1034	578
			1035	578
			1036	579
			1037	579
			1038	579
			1039	579
			1040	579
			1041	580
			1042	580
			1043	580
			1044	580
			1045	580
			1046	581
			1047	581
			1048	581
			1049	581
			1050	581
			1051	582
			1052	582
			1053	582
			1054	582
			1055	582
			1056	583
			1057	583
			1058	583
			1059	583
			1060	583
			1061	584
			1062	584
			1063	584
			1064	584
			1065	585
			1066	585
			1067	585
			1068	585
			1069	585
			1069	586
			1070	586
			1071	586
			1072	586
			1073	586
			1074	587
			1075	587
			1076	587
			1077	588
			1078	588
			1079	588
			1080	588
			1081	589
			1082	589
			1083	589
			1084	589
			1085	590
			1086	590
			1087	590
			1088	590
			1089	591
			1090	591
			1091	591
			1092	591
			1093	592
			1094	592
			1095	592
			1096	593
			1097	593
			1098	593
			1099	593
			1100	594
			1101	594
			1102	594
			1103	595
			1104	595
			1105	595
			1106	595
			1107	596
			1108	596
			1109	596
			1110	597
			1111	597
			1112	597
			1113	598
			1114	598
			1115	598
			1116	599
			1117	599
			1118	599
			1119	600
			1120	600
			1121	600
			1122	600
			1123	601
			1124	601
			1125	601
			1126	602
			1127	602
			1128	602
			1129	602
			1129	603
			1130	603
			1131	603
			1132	603
			1132	604
			1133	604
			1134	604
			1135	604
			1135	605
			1136	605
			1137	605
			1138	605
			1138	606
			1139	606
			1140	606
			1141	607
			1142	607
			1143	607
			1144	608
			1145	608
			1146	608
			1147	609
			1148	609
			1149	610
			1150	610
			1151	610
			1152	611
			1153	611
			1154	611
			1155	612
			1156	612
			1157	612
			1157	613
			1158	613
			1159	613
			1160	613
			1161	614
			1162	614
			1163	615
			1164	615
			1165	615
			1166	616
			1167	616
			1168	617
			1169	617
			1170	617
			1171	618
			1172	618
			1173	618
			1174	619
			1175	619
			1176	620
			1177	620
			1178	621
			1179	621
			1180	621
			1181	622
			1182	622
			1183	623
			1184	623
			1185	623
			1186	624
			1187	624
			1188	625
			1189	625
			1190	625
			1191	626
			1192	626
			1193	627
			1194	627
			1195	628
			1196	628
			1197	628
			1198	629
			1199	629
			1200	630
			1201	630
			1202	631
			1203	631
			1204	631
			1205	632
			1206	632
			1207	633
			1208	633
			1209	634
			1210	634
			1211	634
			1212	635
			1213	635
			1214	636
			1215	636
			1216	637
			1217	637
			1218	638
			1219	638
			1220	638
			1221	639
			1222	639
			1223	640
			1224	640
			1225	641
			1226	641
			1227	642
			1228	642
			1229	643
			1230	643
			1231	643
			1232	644
			1233	644
			1234	645
			1235	645
			1236	646
			1237	646
			1238	646
			1238	647
			1239	647
			1240	648
			1241	648
			1242	649
			1243	649
			1244	649
			1245	650
			1246	650
			1246	651
			1247	651
			1248	652
			1249	652
			1250	652
			1251	653
			1252	653
			1253	654
			1254	654
			1254	655
			1255	655
			1256	655
			1257	656
			1258	656
			1259	657
			1260	657
			1261	658
			1262	658
			1263	659
			1264	660
			1265	660
			1266	661
			1267	661
			1268	661
			1268	662
			1269	662
			1270	662
			1270	663
			1271	663
			1272	663
			1272	664
			1273	664
			1274	664
			1274	665
			1275	665
			1276	665
			1276	666
			1277	666
			1278	666
			1278	667
			1279	667
			1280	668
			1281	668
			1282	669
			1283	669
			1284	670
			1285	670
			1286	671
			1287	671
			1288	672
			1289	672
			1290	673
			1291	673
			1292	674
			1293	674
			1294	675
			1295	675
			1296	676
			1297	676
			1298	677
			1299	678
			1300	678
			1301	679
			1302	679
			1303	680
			1304	680
			1305	681
			1306	682
			1307	682
			1308	683
			1309	683
			1310	684
			1311	684
			1312	685
			1313	685
			1314	686
			1315	686
			1316	687
			1317	688
			1318	688
			1319	689
			1320	689
			1321	690
			1322	690
			1323	691
			1324	692
			1325	692
			1326	693
			1327	693
			1328	694
			1329	694
			1330	695
			1331	696
			1332	696
			1333	697
			1334	697
			1335	698
			1336	698
			1337	699
			1338	700
			1339	700
			1340	701
			1341	701
			1342	702
			1343	703
			1344	703
			1345	704
			1346	704
			1347	705
			1348	705
			1349	706
			1350	707
			1351	707
			1352	708
			1353	708
			1354	709
			1355	710
			1356	710
			1357	711
			1358	712
			1359	712
			1360	713
			1361	713
			1362	714
			1363	715
			1364	715
			1365	716
			1366	716
			1367	717
			1368	717
			1369	718
			1370	719
			1371	719
			1372	720
			1373	720
			1374	721
			1375	722
			1376	722
			1377	723
			1378	723
			1378	724
			1379	724
			1380	725
			1381	725
			1382	726
			1383	727
			1384	727
			1385	728
			1386	728
			1386	729
			1387	729
			1388	730
			1389	730
			1390	731
			1391	731
			1391	732
			1392	732
			1393	733
			1394	733
			1395	734
			1396	734
			1397	735
			1398	735
			1399	736
			1400	736
			1401	737
			1402	737
			1402	738
			1403	738
			1404	738
			1405	739
			1406	739
			1407	740
			1408	741
			1409	741
			1410	742
			1411	742
			1412	743
			1413	743
			1414	744
			1415	744
			1416	745
			1417	745
			1418	746
			1419	746
			1420	747
			1421	748
			1422	748
			1423	749
			1424	749
			1425	750
			1426	750
			1427	751
			1428	751
			1429	752
			1430	752
			1431	753
			1432	753
			1433	754
			1434	754
			1434	755
			1435	756
			1436	756
			1437	757
			1438	757
			1439	758
			1440	758
			1441	759
			1442	759
			1443	760
			1444	760
			1445	761
			1446	761
			1447	762
			1448	763
			1449	763
			1450	764
			1451	764
			1451	765
			1452	765
			1453	766
			1454	766
			1455	767
			1456	767
			1457	768
			1458	768
			1459	769
			1460	769
			1461	770
			1462	771
			1463	771
			1463	772
			1464	772
			1465	773
			1466	773
			1467	774
			1468	774
			1469	775
			1470	775
			1471	776
			1472	776
			1473	777
			1473	778
			1474	778
			1475	779
			1476	779
			1477	780
			1478	780
			1479	781
			1480	781
			1481	782
			1482	782
			1482	783
			1483	784
			1484	784
			1485	785
			1486	785
			1487	786
			1488	786
			1489	787
			1490	788
			1491	788
			1492	789
			1493	790
			1494	790
			1495	791
			1496	791
			1497	792
			1498	793
			1499	793
			1500	794
			1501	794
			1501	795
			1502	795
			1503	796
			1504	796
			1504	797
			1505	797
			1506	798
			1507	798
			1507	799
			1508	799
			1509	800
			1510	800
			1511	801
			1512	801
			1513	802
			1514	803
			1515	803
			1515	804
			1516	804
			1517	805
			1518	805
			1519	806
			1520	807
			1521	807
			1521	808
			1522	808
			1523	809
			1524	809
			1525	810
			1526	811
			1527	811
			1527	812
			1528	812
			1529	813
			1530	813
			1531	814
			1532	815
			1533	815
			1533	816
			1534	816
			1535	817
			1536	817
			1537	818
			1538	819
			1539	820
			1540	820
			1541	821
			1542	822
			1543	822
			1544	823
			1545	824
			1546	825
			1547	825
			1548	826
			1549	827
			1550	827
			1551	828
			1552	829
			1553	829
			1554	830
			1555	831
			1556	831
			1557	832
			1558	833
			1559	833
			1560	834
			1561	835
			1562	836
			1563	836
			1564	837
			1565	838
			1566	838
			1566	839
			1567	840
			1568	840
			1569	841
			1570	842
			1571	842
			1572	843
			1573	844
			1574	845
			1575	845
			1576	846
			1577	847
			1578	847
			1579	848
			1580	849
			1581	850
			1582	851
			1583	851
			1584	852
			1585	853
			1586	854
			1587	855
			1588	855
			1589	856
			1590	857
			1591	858
			1592	858
			1593	859
			1594	860
			1595	861
			1596	861
			1597	862
			1598	863
			1599	864
			1600	865
			1601	866
			1602	866
			1602	867
			1603	867
			1604	868
			1605	869
			1606	870
			1607	870
			1608	871
			1609	872
			1610	873
			1611	874
			1612	874
			1613	875
			1614	876
			1615	877
			1616	877
			1616	878
			1617	879
			1618	880
			1619	880
			1620	881
			1621	882
			1622	883
			1623	883
			1624	884
			1624	885
			1625	886
			1626	887
			1627	887
			1628	888
			1629	889
			1630	890
			1631	891
			1632	892
			1633	893
			1634	894
			1635	895
			1636	896
			1637	897
			1638	898
			1639	898
			1640	899
			1641	900
			1642	901
			1643	902
			1644	903
			1645	904
			1646	905
			1647	906
			1648	907
			1649	908
			1650	909
			1651	909
			1652	910
			1653	911
			1654	912
			1655	913
			1656	914
			1657	915
			1658	916
			1659	917
			1660	918
			1661	919
			1662	920
			1663	921
			1664	921
			1664	922
			1665	923
			1666	924
			1667	925
			1668	926
			1669	927
			1670	928
			1671	929
			1672	930
			1673	931
			1674	932
			1674	933
			1675	934
			1676	934
			1677	935
			1678	936
			1679	937
			1680	938
			1681	939
			1681	940
			1682	941
			1683	942
			1684	943
			1685	944
			1686	945
			1686	946
			1687	947
			1688	948
			1689	948
			1690	949
			1691	950
			1691	951
			1692	952
			1693	953
			1694	954
			1695	955
			1695	956
			1696	957
			1697	958
			1698	959
			1699	960
			1699	961
			1700	962
			1701	963
			1702	964
			1703	964
			1703	965
			1704	966
			1705	967
			1706	968
			1706	969
			1707	970
			1708	971
			1709	972
			1709	973
			1710	974
			1711	975
			1712	976
			1712	977
			1713	978
			1714	979
			1714	980
			1715	981
			1716	981
			1717	982
			1717	983
			1718	984
			1719	985
			1719	986
			1720	987
			1721	988
			1722	989
			1722	990
			1723	991
			1724	992
			1724	993
			1725	994
			1726	995
			1726	996
			1727	997
			1728	998
			1728	999
			1729	1000
			1730	1001
			1730	1002
			1731	1002
			1731	1003
			1732	1004
			1733	1005
			1733	1006
			1734	1007
			1735	1008
			1735	1009
			1736	1010
			1736	1011
			1737	1012
			1738	1013
			1738	1014
			1739	1015
			1740	1016
			1740	1017
			1741	1018
			1741	1019
			1742	1020
		</C1>
		<C2 type=matrix rownames=FALSE colnames=FALSE nrow=315 ncol=2 as.numeric=TRUE >
			1117	1561
			1117	1562
			1117	1563
			1117	1564
			1118	1565
			1118	1566
			1118	1567
			1118	1568
			1118	1569
			1118	1570
			1118	1571
			1118	1572
			1118	1573
			1118	1574
			1118	1575
			1118	1576
			1118	1577
			1117	1578
			1117	1579
			1117	1580
			1117	1581
			1117	1582
			1116	1583
			1116	1584
			1116	1585
			1115	1586
			1115	1587
			1114	1588
			1114	1589
			1113	1590
			1113	1591
			1112	1592
			1111	1593
			1111	1594
			1110	1594
			1109	1595
			1108	1596
			1107	1597
			1107	1598
			1106	1598
			1105	1599
			1104	1600
			1103	1600
			1102	1601
			1101	1601
			1100	1602
			1099	1603
			1098	1603
			1097	1603
			1096	1604
			1095	1604
			1094	1604
			1093	1605
			1092	1605
			1091	1605
			1090	1606
			1089	1606
			1088	1606
			1087	1606
			1086	1607
			1085	1607
			1084	1607
			1083	1607
			1082	1608
			1081	1608
			1080	1608
			1079	1608
			1078	1608
			1077	1608
			1076	1608
			1075	1608
			1074	1609
			1073	1609
			1072	1609
			1071	1609
			1070	1609
			1069	1609
			1068	1609
			1067	1609
			1066	1609
			1065	1609
			1064	1609
			1063	1609
			1062	1609
			1061	1610
			1061	1611
			1060	1612
			1060	1613
			1059	1614
			1059	1615
			1058	1616
			1058	1617
			1057	1618
			1057	1619
			1056	1619
			1056	1620
			1055	1621
			1055	1622
			1054	1623
			1053	1624
			1052	1625
			1052	1626
			1051	1627
			1050	1628
			1049	1629
			1048	1630
			1048	1631
			1047	1632
			1046	1632
			1046	1633
			1045	1634
			1044	1634
			1044	1635
			1043	1636
			1042	1636
			1042	1637
			1041	1637
			1040	1638
			1039	1639
			1038	1640
			1037	1641
			1036	1641
			1035	1642
			1034	1642
			1033	1642
			1032	1643
			1031	1643
			1030	1644
			1029	1644
			1028	1644
			1028	1645
			1027	1645
			1026	1645
			1025	1645
			1024	1646
			1023	1646
			1022	1646
			1021	1646
			1020	1646
			1019	1646
			1018	1646
			1017	1646
			1016	1646
			1015	1646
			1014	1646
			1013	1646
			1012	1646
			1011	1646
			1010	1646
			1009	1645
			1008	1645
			1007	1645
			1006	1645
			1005	1644
			1004	1644
			1003	1644
			1002	1643
			1001	1643
			1000	1643
			999	1642
			998	1642
			997	1641
			996	1641
			995	1641
			994	1640
			993	1640
			992	1639
			991	1638
			990	1638
			989	1637
			988	1637
			987	1636
			986	1635
			985	1635
			984	1634
			983	1633
			982	1633
			981	1632
			980	1631
			979	1630
			978	1630
			977	1629
			976	1628
			975	1627
			974	1626
			973	1625
			972	1624
			971	1624
			970	1623
			969	1622
			968	1621
			967	1620
			966	1619
			966	1618
			965	1618
			965	1617
			964	1616
			963	1615
			963	1614
			962	1613
			961	1612
			961	1611
			960	1610
			960	1609
			959	1608
			958	1607
			958	1606
			957	1605
			957	1604
			957	1603
			956	1602
			956	1601
			956	1600
			955	1599
			955	1598
			955	1597
			954	1596
			954	1595
			954	1594
			954	1593
			953	1592
			953	1591
			953	1590
			953	1589
			953	1588
			953	1587
			953	1586
			952	1585
			952	1584
			952	1583
			952	1582
			952	1581
			952	1580
			952	1579
			952	1578
			952	1577
			952	1576
			952	1575
			952	1574
			952	1573
			952	1572
			952	1571
			953	1570
			953	1569
			953	1568
			953	1567
			953	1566
			953	1565
			953	1564
			954	1563
			954	1562
			954	1561
			954	1560
			954	1559
			955	1558
			955	1557
			955	1556
			955	1555
			956	1554
			956	1553
			956	1552
			957	1551
			957	1550
			957	1549
			958	1548
			958	1547
			958	1546
			958	1545
			959	1544
			959	1543
			959	1542
			960	1541
			960	1540
			961	1539
			961	1538
			961	1537
			962	1536
			962	1535
			963	1534
			963	1533
			964	1532
			964	1531
			965	1530
			965	1529
			965	1528
			966	1527
			966	1526
			967	1525
			967	1524
			968	1523
			968	1522
			969	1521
			970	1520
			970	1519
			971	1518
			971	1517
			972	1516
			972	1515
			973	1514
			974	1513
			974	1512
			975	1511
			975	1510
			976	1509
			977	1508
			977	1507
			978	1506
			979	1505
			979	1504
			980	1503
			980	1502
			981	1501
			982	1500
			983	1499
			983	1498
		</C2>
	</curves.pixel>
	<curves.scaled type=list>
		<C1 type=matrix rownames=FALSE colnames=FALSE nrow=1054 ncol=2 as.numeric=TRUE >
			1855.39215686275	-1514.70588235294
			1857.8431372549	-1514.70588235294
			1860.29411764706	-1512.25490196078
			1862.74509803922	-1512.25490196078
			1862.74509803922	-1509.80392156863
			1865.19607843137	-1509.80392156863
			1867.64705882353	-1507.35294117647
			1870.09803921569	-1507.35294117647
			1872.54901960784	-1504.90196078431
			1875	-1504.90196078431
			1875	-1502.45098039216
			1877.45098039216	-1502.45098039216
			1879.90196078431	-1500
			1882.35294117647	-1500
			1884.80392156863	-1500
			1887.25490196078	-1497.54901960784
			1889.70588235294	-1497.54901960784
			1889.70588235294	-1495.09803921569
			1892.1568627451	-1495.09803921569
			1894.60784313726	-1492.64705882353
			1897.05882352941	-1492.64705882353
			1899.50980392157	-1490.19607843137
			1901.96078431373	-1490.19607843137
			1904.41176470588	-1490.19607843137
			1904.41176470588	-1487.74509803922
			1906.86274509804	-1487.74509803922
			1909.3137254902	-1485.29411764706
			1911.76470588235	-1485.29411764706
			1914.21568627451	-1485.29411764706
			1916.66666666667	-1482.8431372549
			1919.11764705882	-1482.8431372549
			1919.11764705882	-1480.39215686275
			1921.56862745098	-1480.39215686275
			1924.01960784314	-1477.94117647059
			1926.47058823529	-1477.94117647059
			1928.92156862745	-1477.94117647059
			1931.37254901961	-1475.49019607843
			1933.82352941176	-1475.49019607843
			1936.27450980392	-1475.49019607843
			1936.27450980392	-1473.03921568627
			1938.72549019608	-1473.03921568627
			1941.17647058824	-1470.58823529412
			1943.62745098039	-1470.58823529412
			1946.07843137255	-1470.58823529412
			1948.52941176471	-1468.13725490196
			1950.98039215686	-1468.13725490196
			1953.43137254902	-1465.6862745098
			1955.88235294118	-1465.6862745098
			1958.33333333333	-1463.23529411765
			1960.78431372549	-1463.23529411765
			1963.23529411765	-1463.23529411765
			1965.6862745098	-1460.78431372549
			1968.13725490196	-1460.78431372549
			1970.58823529412	-1458.33333333333
			1973.03921568627	-1458.33333333333
			1975.49019607843	-1458.33333333333
			1977.94117647059	-1455.88235294118
			1980.39215686275	-1455.88235294118
			1982.8431372549	-1455.88235294118
			1985.29411764706	-1453.43137254902
			1987.74509803922	-1453.43137254902
			1990.19607843137	-1453.43137254902
			1992.64705882353	-1450.98039215686
			1995.09803921569	-1450.98039215686
			1997.54901960784	-1450.98039215686
			2000	-1448.52941176471
			2002.45098039216	-1448.52941176471
			2004.90196078431	-1446.07843137255
			2007.35294117647	-1446.07843137255
			2009.80392156863	-1446.07843137255
			2012.25490196078	-1443.62745098039
			2014.70588235294	-1443.62745098039
			2017.1568627451	-1443.62745098039
			2019.60784313726	-1441.17647058824
			2022.05882352941	-1441.17647058824
			2024.50980392157	-1441.17647058824
			2026.96078431373	-1438.72549019608
			2029.41176470588	-1438.72549019608
			2031.86274509804	-1438.72549019608
			2034.3137254902	-1436.27450980392
			2036.76470588235	-1436.27450980392
			2039.21568627451	-1436.27450980392
			2041.66666666667	-1436.27450980392
			2044.11764705882	-1433.82352941176
			2046.56862745098	-1433.82352941176
			2049.01960784314	-1433.82352941176
			2051.47058823529	-1431.37254901961
			2053.92156862745	-1431.37254901961
			2056.37254901961	-1431.37254901961
			2058.82352941176	-1431.37254901961
			2061.27450980392	-1428.92156862745
			2063.72549019608	-1428.92156862745
			2066.17647058824	-1428.92156862745
			2068.62745098039	-1426.47058823529
			2071.07843137255	-1426.47058823529
			2073.52941176471	-1426.47058823529
			2075.98039215686	-1426.47058823529
			2078.43137254902	-1424.01960784314
			2080.88235294118	-1424.01960784314
			2083.33333333333	-1424.01960784314
			2085.78431372549	-1424.01960784314
			2088.23529411765	-1421.56862745098
			2090.6862745098	-1421.56862745098
			2093.13725490196	-1421.56862745098
			2095.58823529412	-1421.56862745098
			2098.03921568627	-1421.56862745098
			2100.49019607843	-1419.11764705882
			2102.94117647059	-1419.11764705882
			2105.39215686275	-1419.11764705882
			2107.8431372549	-1419.11764705882
			2110.29411764706	-1416.66666666667
			2112.74509803922	-1416.66666666667
			2115.19607843137	-1416.66666666667
			2117.64705882353	-1416.66666666667
			2120.09803921569	-1416.66666666667
			2122.54901960784	-1414.21568627451
			2125	-1414.21568627451
			2127.45098039216	-1414.21568627451
			2129.90196078431	-1414.21568627451
			2132.35294117647	-1414.21568627451
			2134.80392156863	-1411.76470588235
			2137.25490196078	-1411.76470588235
			2139.70588235294	-1411.76470588235
			2142.1568627451	-1411.76470588235
			2144.60784313726	-1411.76470588235
			2147.05882352941	-1411.76470588235
			2149.50980392157	-1409.3137254902
			2151.96078431373	-1409.3137254902
			2154.41176470588	-1409.3137254902
			2156.86274509804	-1409.3137254902
			2159.3137254902	-1409.3137254902
			2161.76470588235	-1409.3137254902
			2164.21568627451	-1406.86274509804
			2166.66666666667	-1406.86274509804
			2169.11764705882	-1406.86274509804
			2171.56862745098	-1406.86274509804
			2174.01960784314	-1406.86274509804
			2176.47058823529	-1406.86274509804
			2178.92156862745	-1406.86274509804
			2181.37254901961	-1404.41176470588
			2183.82352941176	-1404.41176470588
			2186.27450980392	-1404.41176470588
			2188.72549019608	-1404.41176470588
			2191.17647058824	-1404.41176470588
			2193.62745098039	-1404.41176470588
			2196.07843137255	-1404.41176470588
			2198.52941176471	-1404.41176470588
			2200.98039215686	-1404.41176470588
			2203.43137254902	-1401.96078431373
			2205.88235294118	-1401.96078431373
			2208.33333333333	-1401.96078431373
			2210.78431372549	-1401.96078431373
			2213.23529411765	-1401.96078431373
			2215.6862745098	-1401.96078431373
			2218.13725490196	-1401.96078431373
			2220.58823529412	-1401.96078431373
			2223.03921568627	-1401.96078431373
			2225.49019607843	-1401.96078431373
			2227.94117647059	-1399.50980392157
			2230.39215686275	-1399.50980392157
			2232.8431372549	-1399.50980392157
			2235.29411764706	-1399.50980392157
			2237.74509803922	-1399.50980392157
			2240.19607843137	-1399.50980392157
			2242.64705882353	-1399.50980392157
			2245.09803921569	-1399.50980392157
			2247.54901960784	-1399.50980392157
			2250	-1399.50980392157
			2252.45098039216	-1399.50980392157
			2254.90196078431	-1399.50980392157
			2257.35294117647	-1399.50980392157
			2259.80392156863	-1399.50980392157
			2262.25490196078	-1397.05882352941
			2264.70588235294	-1397.05882352941
			2267.1568627451	-1397.05882352941
			2269.60784313726	-1397.05882352941
			2272.05882352941	-1397.05882352941
			2274.50980392157	-1397.05882352941
			2276.96078431373	-1397.05882352941
			2279.41176470588	-1397.05882352941
			2281.86274509804	-1397.05882352941
			2284.3137254902	-1397.05882352941
			2286.76470588235	-1397.05882352941
			2289.21568627451	-1397.05882352941
			2291.66666666667	-1397.05882352941
			2294.11764705882	-1397.05882352941
			2296.56862745098	-1397.05882352941
			2299.01960784314	-1397.05882352941
			2301.47058823529	-1397.05882352941
			2303.92156862745	-1397.05882352941
			2306.37254901961	-1397.05882352941
			2308.82352941176	-1397.05882352941
			2311.27450980392	-1397.05882352941
			2313.72549019608	-1397.05882352941
			2316.17647058824	-1397.05882352941
			2318.62745098039	-1397.05882352941
			2321.07843137255	-1397.05882352941
			2323.52941176471	-1397.05882352941
			2325.98039215686	-1397.05882352941
			2328.43137254902	-1397.05882352941
			2330.88235294118	-1397.05882352941
			2333.33333333333	-1397.05882352941
			2335.78431372549	-1397.05882352941
			2338.23529411765	-1397.05882352941
			2340.6862745098	-1397.05882352941
			2343.13725490196	-1397.05882352941
			2345.58823529412	-1397.05882352941
			2348.03921568627	-1397.05882352941
			2350.49019607843	-1397.05882352941
			2352.94117647059	-1397.05882352941
			2355.39215686275	-1397.05882352941
			2357.8431372549	-1397.05882352941
			2360.29411764706	-1397.05882352941
			2362.74509803922	-1397.05882352941
			2365.19607843137	-1397.05882352941
			2367.64705882353	-1397.05882352941
			2370.09803921569	-1397.05882352941
			2372.54901960784	-1399.50980392157
			2375	-1399.50980392157
			2377.45098039216	-1399.50980392157
			2379.90196078431	-1399.50980392157
			2382.35294117647	-1399.50980392157
			2384.80392156863	-1399.50980392157
			2387.25490196078	-1399.50980392157
			2389.70588235294	-1399.50980392157
			2392.1568627451	-1399.50980392157
			2394.60784313726	-1399.50980392157
			2397.05882352941	-1399.50980392157
			2399.50980392157	-1399.50980392157
			2401.96078431373	-1399.50980392157
			2404.41176470588	-1399.50980392157
			2406.86274509804	-1399.50980392157
			2409.3137254902	-1401.96078431373
			2411.76470588235	-1401.96078431373
			2414.21568627451	-1401.96078431373
			2416.66666666667	-1401.96078431373
			2419.11764705882	-1401.96078431373
			2421.56862745098	-1401.96078431373
			2424.01960784314	-1401.96078431373
			2426.47058823529	-1401.96078431373
			2428.92156862745	-1401.96078431373
			2431.37254901961	-1401.96078431373
			2433.82352941176	-1401.96078431373
			2436.27450980392	-1404.41176470588
			2438.72549019608	-1404.41176470588
			2441.17647058824	-1404.41176470588
			2443.62745098039	-1404.41176470588
			2446.07843137255	-1404.41176470588
			2448.52941176471	-1404.41176470588
			2450.98039215686	-1404.41176470588
			2453.43137254902	-1404.41176470588
			2455.88235294118	-1404.41176470588
			2458.33333333333	-1406.86274509804
			2460.78431372549	-1406.86274509804
			2463.23529411765	-1406.86274509804
			2465.6862745098	-1406.86274509804
			2468.13725490196	-1406.86274509804
			2470.58823529412	-1406.86274509804
			2473.03921568627	-1406.86274509804
			2475.49019607843	-1406.86274509804
			2477.94117647059	-1409.3137254902
			2480.39215686275	-1409.3137254902
			2482.8431372549	-1409.3137254902
			2485.29411764706	-1409.3137254902
			2487.74509803922	-1409.3137254902
			2490.19607843137	-1409.3137254902
			2492.64705882353	-1409.3137254902
			2495.09803921569	-1411.76470588235
			2497.54901960784	-1411.76470588235
			2500	-1411.76470588235
			2502.45098039216	-1411.76470588235
			2504.90196078431	-1411.76470588235
			2507.35294117647	-1411.76470588235
			2509.80392156863	-1411.76470588235
			2509.80392156863	-1414.21568627451
			2512.25490196078	-1414.21568627451
			2514.70588235294	-1414.21568627451
			2517.1568627451	-1414.21568627451
			2519.60784313726	-1414.21568627451
			2522.05882352941	-1414.21568627451
			2524.50980392157	-1416.66666666667
			2526.96078431373	-1416.66666666667
			2529.41176470588	-1416.66666666667
			2531.86274509804	-1416.66666666667
			2534.3137254902	-1416.66666666667
			2536.76470588235	-1416.66666666667
			2539.21568627451	-1419.11764705882
			2541.66666666667	-1419.11764705882
			2544.11764705882	-1419.11764705882
			2546.56862745098	-1419.11764705882
			2549.01960784314	-1419.11764705882
			2551.47058823529	-1421.56862745098
			2553.92156862745	-1421.56862745098
			2556.37254901961	-1421.56862745098
			2558.82352941176	-1421.56862745098
			2561.27450980392	-1421.56862745098
			2563.72549019608	-1424.01960784314
			2566.17647058824	-1424.01960784314
			2568.62745098039	-1424.01960784314
			2571.07843137255	-1424.01960784314
			2573.52941176471	-1424.01960784314
			2575.98039215686	-1426.47058823529
			2578.43137254902	-1426.47058823529
			2580.88235294118	-1426.47058823529
			2583.33333333333	-1426.47058823529
			2585.78431372549	-1426.47058823529
			2588.23529411765	-1428.92156862745
			2590.6862745098	-1428.92156862745
			2593.13725490196	-1428.92156862745
			2595.58823529412	-1428.92156862745
			2598.03921568627	-1428.92156862745
			2600.49019607843	-1431.37254901961
			2602.94117647059	-1431.37254901961
			2605.39215686275	-1431.37254901961
			2607.8431372549	-1431.37254901961
			2610.29411764706	-1433.82352941176
			2612.74509803922	-1433.82352941176
			2615.19607843137	-1433.82352941176
			2617.64705882353	-1433.82352941176
			2620.09803921569	-1433.82352941176
			2620.09803921569	-1436.27450980392
			2622.54901960784	-1436.27450980392
			2625	-1436.27450980392
			2627.45098039216	-1436.27450980392
			2629.90196078431	-1436.27450980392
			2632.35294117647	-1438.72549019608
			2634.80392156863	-1438.72549019608
			2637.25490196078	-1438.72549019608
			2639.70588235294	-1441.17647058824
			2642.1568627451	-1441.17647058824
			2644.60784313726	-1441.17647058824
			2647.05882352941	-1441.17647058824
			2649.50980392157	-1443.62745098039
			2651.96078431373	-1443.62745098039
			2654.41176470588	-1443.62745098039
			2656.86274509804	-1443.62745098039
			2659.3137254902	-1446.07843137255
			2661.76470588235	-1446.07843137255
			2664.21568627451	-1446.07843137255
			2666.66666666667	-1446.07843137255
			2669.11764705882	-1448.52941176471
			2671.56862745098	-1448.52941176471
			2674.01960784314	-1448.52941176471
			2676.47058823529	-1448.52941176471
			2678.92156862745	-1450.98039215686
			2681.37254901961	-1450.98039215686
			2683.82352941176	-1450.98039215686
			2686.27450980392	-1453.43137254902
			2688.72549019608	-1453.43137254902
			2691.17647058824	-1453.43137254902
			2693.62745098039	-1453.43137254902
			2696.07843137255	-1455.88235294118
			2698.52941176471	-1455.88235294118
			2700.98039215686	-1455.88235294118
			2703.43137254902	-1458.33333333333
			2705.88235294118	-1458.33333333333
			2708.33333333333	-1458.33333333333
			2710.78431372549	-1458.33333333333
			2713.23529411765	-1460.78431372549
			2715.6862745098	-1460.78431372549
			2718.13725490196	-1460.78431372549
			2720.58823529412	-1463.23529411765
			2723.03921568627	-1463.23529411765
			2725.49019607843	-1463.23529411765
			2727.94117647059	-1465.6862745098
			2730.39215686275	-1465.6862745098
			2732.8431372549	-1465.6862745098
			2735.29411764706	-1468.13725490196
			2737.74509803922	-1468.13725490196
			2740.19607843137	-1468.13725490196
			2742.64705882353	-1470.58823529412
			2745.09803921569	-1470.58823529412
			2747.54901960784	-1470.58823529412
			2750	-1470.58823529412
			2752.45098039216	-1473.03921568627
			2754.90196078431	-1473.03921568627
			2757.35294117647	-1473.03921568627
			2759.80392156863	-1475.49019607843
			2762.25490196078	-1475.49019607843
			2764.70588235294	-1475.49019607843
			2767.1568627451	-1475.49019607843
			2767.1568627451	-1477.94117647059
			2769.60784313726	-1477.94117647059
			2772.05882352941	-1477.94117647059
			2774.50980392157	-1477.94117647059
			2774.50980392157	-1480.39215686275
			2776.96078431373	-1480.39215686275
			2779.41176470588	-1480.39215686275
			2781.86274509804	-1480.39215686275
			2781.86274509804	-1482.8431372549
			2784.3137254902	-1482.8431372549
			2786.76470588235	-1482.8431372549
			2789.21568627451	-1482.8431372549
			2789.21568627451	-1485.29411764706
			2791.66666666667	-1485.29411764706
			2794.11764705882	-1485.29411764706
			2796.56862745098	-1487.74509803922
			2799.01960784314	-1487.74509803922
			2801.47058823529	-1487.74509803922
			2803.92156862745	-1490.19607843137
			2806.37254901961	-1490.19607843137
			2808.82352941176	-1490.19607843137
			2811.27450980392	-1492.64705882353
			2813.72549019608	-1492.64705882353
			2816.17647058824	-1495.09803921569
			2818.62745098039	-1495.09803921569
			2821.07843137255	-1495.09803921569
			2823.52941176471	-1497.54901960784
			2825.98039215686	-1497.54901960784
			2828.43137254902	-1497.54901960784
			2830.88235294118	-1500
			2833.33333333333	-1500
			2835.78431372549	-1500
			2835.78431372549	-1502.45098039216
			2838.23529411765	-1502.45098039216
			2840.6862745098	-1502.45098039216
			2843.13725490196	-1502.45098039216
			2845.58823529412	-1504.90196078431
			2848.03921568627	-1504.90196078431
			2850.49019607843	-1507.35294117647
			2852.94117647059	-1507.35294117647
			2855.39215686275	-1507.35294117647
			2857.8431372549	-1509.80392156863
			2860.29411764706	-1509.80392156863
			2862.74509803922	-1512.25490196078
			2865.19607843137	-1512.25490196078
			2867.64705882353	-1512.25490196078
			2870.09803921569	-1514.70588235294
			2872.54901960784	-1514.70588235294
			2875	-1514.70588235294
			2877.45098039216	-1517.1568627451
			2879.90196078431	-1517.1568627451
			2882.35294117647	-1519.60784313726
			2884.80392156863	-1519.60784313726
			2887.25490196078	-1522.05882352941
			2889.70588235294	-1522.05882352941
			2892.1568627451	-1522.05882352941
			2894.60784313726	-1524.50980392157
			2897.05882352941	-1524.50980392157
			2899.50980392157	-1526.96078431373
			2901.96078431373	-1526.96078431373
			2904.41176470588	-1526.96078431373
			2906.86274509804	-1529.41176470588
			2909.3137254902	-1529.41176470588
			2911.76470588235	-1531.86274509804
			2914.21568627451	-1531.86274509804
			2916.66666666667	-1531.86274509804
			2919.11764705882	-1534.3137254902
			2921.56862745098	-1534.3137254902
			2924.01960784314	-1536.76470588235
			2926.47058823529	-1536.76470588235
			2928.92156862745	-1539.21568627451
			2931.37254901961	-1539.21568627451
			2933.82352941176	-1539.21568627451
			2936.27450980392	-1541.66666666667
			2938.72549019608	-1541.66666666667
			2941.17647058824	-1544.11764705882
			2943.62745098039	-1544.11764705882
			2946.07843137255	-1546.56862745098
			2948.52941176471	-1546.56862745098
			2950.98039215686	-1546.56862745098
			2953.43137254902	-1549.01960784314
			2955.88235294118	-1549.01960784314
			2958.33333333333	-1551.47058823529
			2960.78431372549	-1551.47058823529
			2963.23529411765	-1553.92156862745
			2965.6862745098	-1553.92156862745
			2968.13725490196	-1553.92156862745
			2970.58823529412	-1556.37254901961
			2973.03921568627	-1556.37254901961
			2975.49019607843	-1558.82352941176
			2977.94117647059	-1558.82352941176
			2980.39215686275	-1561.27450980392
			2982.8431372549	-1561.27450980392
			2985.29411764706	-1563.72549019608
			2987.74509803922	-1563.72549019608
			2990.19607843137	-1563.72549019608
			2992.64705882353	-1566.17647058824
			2995.09803921569	-1566.17647058824
			2997.54901960784	-1568.62745098039
			3000	-1568.62745098039
			3002.45098039216	-1571.07843137255
			3004.90196078431	-1571.07843137255
			3007.35294117647	-1573.52941176471
			3009.80392156863	-1573.52941176471
			3012.25490196078	-1575.98039215686
			3014.70588235294	-1575.98039215686
			3017.1568627451	-1575.98039215686
			3019.60784313726	-1578.43137254902
			3022.05882352941	-1578.43137254902
			3024.50980392157	-1580.88235294118
			3026.96078431373	-1580.88235294118
			3029.41176470588	-1583.33333333333
			3031.86274509804	-1583.33333333333
			3034.3137254902	-1583.33333333333
			3034.3137254902	-1585.78431372549
			3036.76470588235	-1585.78431372549
			3039.21568627451	-1588.23529411765
			3041.66666666667	-1588.23529411765
			3044.11764705882	-1590.6862745098
			3046.56862745098	-1590.6862745098
			3049.01960784314	-1590.6862745098
			3051.47058823529	-1593.13725490196
			3053.92156862745	-1593.13725490196
			3053.92156862745	-1595.58823529412
			3056.37254901961	-1595.58823529412
			3058.82352941176	-1598.03921568627
			3061.27450980392	-1598.03921568627
			3063.72549019608	-1598.03921568627
			3066.17647058824	-1600.49019607843
			3068.62745098039	-1600.49019607843
			3071.07843137255	-1602.94117647059
			3073.52941176471	-1602.94117647059
			3073.52941176471	-1605.39215686275
			3075.98039215686	-1605.39215686275
			3078.43137254902	-1605.39215686275
			3080.88235294118	-1607.8431372549
			3083.33333333333	-1607.8431372549
			3085.78431372549	-1610.29411764706
			3088.23529411765	-1610.29411764706
			3090.6862745098	-1612.74509803922
			3093.13725490196	-1612.74509803922
			3095.58823529412	-1615.19607843137
			3098.03921568627	-1617.64705882353
			3100.49019607843	-1617.64705882353
			3102.94117647059	-1620.09803921569
			3105.39215686275	-1620.09803921569
			3107.8431372549	-1620.09803921569
			3107.8431372549	-1622.54901960784
			3110.29411764706	-1622.54901960784
			3112.74509803922	-1622.54901960784
			3112.74509803922	-1625
			3115.19607843137	-1625
			3117.64705882353	-1625
			3117.64705882353	-1627.45098039216
			3120.09803921569	-1627.45098039216
			3122.54901960784	-1627.45098039216
			3122.54901960784	-1629.90196078431
			3125	-1629.90196078431
			3127.45098039216	-1629.90196078431
			3127.45098039216	-1632.35294117647
			3129.90196078431	-1632.35294117647
			3132.35294117647	-1632.35294117647
			3132.35294117647	-1634.80392156863
			3134.80392156863	-1634.80392156863
			3137.25490196078	-1637.25490196078
			3139.70588235294	-1637.25490196078
			3142.1568627451	-1639.70588235294
			3144.60784313726	-1639.70588235294
			3147.05882352941	-1642.1568627451
			3149.50980392157	-1642.1568627451
			3151.96078431373	-1644.60784313726
			3154.41176470588	-1644.60784313726
			3156.86274509804	-1647.05882352941
			3159.3137254902	-1647.05882352941
			3161.76470588235	-1649.50980392157
			3164.21568627451	-1649.50980392157
			3166.66666666667	-1651.96078431373
			3169.11764705882	-1651.96078431373
			3171.56862745098	-1654.41176470588
			3174.01960784314	-1654.41176470588
			3176.47058823529	-1656.86274509804
			3178.92156862745	-1656.86274509804
			3181.37254901961	-1659.3137254902
			3183.82352941176	-1661.76470588235
			3186.27450980392	-1661.76470588235
			3188.72549019608	-1664.21568627451
			3191.17647058824	-1664.21568627451
			3193.62745098039	-1666.66666666667
			3196.07843137255	-1666.66666666667
			3198.52941176471	-1669.11764705882
			3200.98039215686	-1671.56862745098
			3203.43137254902	-1671.56862745098
			3205.88235294118	-1674.01960784314
			3208.33333333333	-1674.01960784314
			3210.78431372549	-1676.47058823529
			3213.23529411765	-1676.47058823529
			3215.6862745098	-1678.92156862745
			3218.13725490196	-1678.92156862745
			3220.58823529412	-1681.37254901961
			3223.03921568627	-1681.37254901961
			3225.49019607843	-1683.82352941176
			3227.94117647059	-1686.27450980392
			3230.39215686275	-1686.27450980392
			3232.8431372549	-1688.72549019608
			3235.29411764706	-1688.72549019608
			3237.74509803922	-1691.17647058824
			3240.19607843137	-1691.17647058824
			3242.64705882353	-1693.62745098039
			3245.09803921569	-1696.07843137255
			3247.54901960784	-1696.07843137255
			3250	-1698.52941176471
			3252.45098039216	-1698.52941176471
			3254.90196078431	-1700.98039215686
			3257.35294117647	-1700.98039215686
			3259.80392156863	-1703.43137254902
			3262.25490196078	-1705.88235294118
			3264.70588235294	-1705.88235294118
			3267.1568627451	-1708.33333333333
			3269.60784313726	-1708.33333333333
			3272.05882352941	-1710.78431372549
			3274.50980392157	-1710.78431372549
			3276.96078431373	-1713.23529411765
			3279.41176470588	-1715.6862745098
			3281.86274509804	-1715.6862745098
			3284.3137254902	-1718.13725490196
			3286.76470588235	-1718.13725490196
			3289.21568627451	-1720.58823529412
			3291.66666666667	-1723.03921568627
			3294.11764705882	-1723.03921568627
			3296.56862745098	-1725.49019607843
			3299.01960784314	-1725.49019607843
			3301.47058823529	-1727.94117647059
			3303.92156862745	-1727.94117647059
			3306.37254901961	-1730.39215686275
			3308.82352941176	-1732.8431372549
			3311.27450980392	-1732.8431372549
			3313.72549019608	-1735.29411764706
			3316.17647058824	-1735.29411764706
			3318.62745098039	-1737.74509803922
			3321.07843137255	-1740.19607843137
			3323.52941176471	-1740.19607843137
			3325.98039215686	-1742.64705882353
			3328.43137254902	-1745.09803921569
			3330.88235294118	-1745.09803921569
			3333.33333333333	-1747.54901960784
			3335.78431372549	-1747.54901960784
			3338.23529411765	-1750
			3340.6862745098	-1752.45098039216
			3343.13725490196	-1752.45098039216
			3345.58823529412	-1754.90196078431
			3348.03921568627	-1754.90196078431
			3350.49019607843	-1757.35294117647
			3352.94117647059	-1757.35294117647
			3355.39215686275	-1759.80392156863
			3357.8431372549	-1762.25490196078
			3360.29411764706	-1762.25490196078
			3362.74509803922	-1764.70588235294
			3365.19607843137	-1764.70588235294
			3367.64705882353	-1767.1568627451
			3370.09803921569	-1769.60784313726
			3372.54901960784	-1769.60784313726
			3375	-1772.05882352941
			3377.45098039216	-1772.05882352941
			3377.45098039216	-1774.50980392157
			3379.90196078431	-1774.50980392157
			3382.35294117647	-1776.96078431373
			3384.80392156863	-1776.96078431373
			3387.25490196078	-1779.41176470588
			3389.70588235294	-1781.86274509804
			3392.1568627451	-1781.86274509804
			3394.60784313726	-1784.3137254902
			3397.05882352941	-1784.3137254902
			3397.05882352941	-1786.76470588235
			3399.50980392157	-1786.76470588235
			3401.96078431373	-1789.21568627451
			3404.41176470588	-1789.21568627451
			3406.86274509804	-1791.66666666667
			3409.3137254902	-1791.66666666667
			3409.3137254902	-1794.11764705882
			3411.76470588235	-1794.11764705882
			3414.21568627451	-1796.56862745098
			3416.66666666667	-1796.56862745098
			3419.11764705882	-1799.01960784314
			3421.56862745098	-1799.01960784314
			3424.01960784314	-1801.47058823529
			3426.47058823529	-1801.47058823529
			3428.92156862745	-1803.92156862745
			3431.37254901961	-1803.92156862745
			3433.82352941176	-1806.37254901961
			3436.27450980392	-1806.37254901961
			3436.27450980392	-1808.82352941176
			3438.72549019608	-1808.82352941176
			3441.17647058824	-1808.82352941176
			3443.62745098039	-1811.27450980392
			3446.07843137255	-1811.27450980392
			3448.52941176471	-1813.72549019608
			3450.98039215686	-1816.17647058824
			3453.43137254902	-1816.17647058824
			3455.88235294118	-1818.62745098039
			3458.33333333333	-1818.62745098039
			3460.78431372549	-1821.07843137255
			3463.23529411765	-1821.07843137255
			3465.6862745098	-1823.52941176471
			3468.13725490196	-1823.52941176471
			3470.58823529412	-1825.98039215686
			3473.03921568627	-1825.98039215686
			3475.49019607843	-1828.43137254902
			3477.94117647059	-1828.43137254902
			3480.39215686275	-1830.88235294118
			3482.8431372549	-1833.33333333333
			3485.29411764706	-1833.33333333333
			3487.74509803922	-1835.78431372549
			3490.19607843137	-1835.78431372549
			3492.64705882353	-1838.23529411765
			3495.09803921569	-1838.23529411765
			3497.54901960784	-1840.6862745098
			3500	-1840.6862745098
			3502.45098039216	-1843.13725490196
			3504.90196078431	-1843.13725490196
			3507.35294117647	-1845.58823529412
			3509.80392156863	-1845.58823529412
			3512.25490196078	-1848.03921568627
			3514.70588235294	-1848.03921568627
			3514.70588235294	-1850.49019607843
			3517.1568627451	-1852.94117647059
			3519.60784313726	-1852.94117647059
			3522.05882352941	-1855.39215686275
			3524.50980392157	-1855.39215686275
			3526.96078431373	-1857.8431372549
			3529.41176470588	-1857.8431372549
			3531.86274509804	-1860.29411764706
			3534.3137254902	-1860.29411764706
			3536.76470588235	-1862.74509803922
			3539.21568627451	-1862.74509803922
			3541.66666666667	-1865.19607843137
			3544.11764705882	-1865.19607843137
			3546.56862745098	-1867.64705882353
			3549.01960784314	-1870.09803921569
			3551.47058823529	-1870.09803921569
			3553.92156862745	-1872.54901960784
			3556.37254901961	-1872.54901960784
			3556.37254901961	-1875
			3558.82352941176	-1875
			3561.27450980392	-1877.45098039216
			3563.72549019608	-1877.45098039216
			3566.17647058824	-1879.90196078431
			3568.62745098039	-1879.90196078431
			3571.07843137255	-1882.35294117647
			3573.52941176471	-1882.35294117647
			3575.98039215686	-1884.80392156863
			3578.43137254902	-1884.80392156863
			3580.88235294118	-1887.25490196078
			3583.33333333333	-1889.70588235294
			3585.78431372549	-1889.70588235294
			3585.78431372549	-1892.1568627451
			3588.23529411765	-1892.1568627451
			3590.6862745098	-1894.60784313726
			3593.13725490196	-1894.60784313726
			3595.58823529412	-1897.05882352941
			3598.03921568627	-1897.05882352941
			3600.49019607843	-1899.50980392157
			3602.94117647059	-1899.50980392157
			3605.39215686275	-1901.96078431373
			3607.8431372549	-1901.96078431373
			3610.29411764706	-1904.41176470588
			3610.29411764706	-1906.86274509804
			3612.74509803922	-1906.86274509804
			3615.19607843137	-1909.3137254902
			3617.64705882353	-1909.3137254902
			3620.09803921569	-1911.76470588235
			3622.54901960784	-1911.76470588235
			3625	-1914.21568627451
			3627.45098039216	-1914.21568627451
			3629.90196078431	-1916.66666666667
			3632.35294117647	-1916.66666666667
			3632.35294117647	-1919.11764705882
			3634.80392156863	-1921.56862745098
			3637.25490196078	-1921.56862745098
			3639.70588235294	-1924.01960784314
			3642.1568627451	-1924.01960784314
			3644.60784313726	-1926.47058823529
			3647.05882352941	-1926.47058823529
			3649.50980392157	-1928.92156862745
			3651.96078431373	-1931.37254901961
			3654.41176470588	-1931.37254901961
			3656.86274509804	-1933.82352941176
			3659.3137254902	-1936.27450980392
			3661.76470588235	-1936.27450980392
			3664.21568627451	-1938.72549019608
			3666.66666666667	-1938.72549019608
			3669.11764705882	-1941.17647058824
			3671.56862745098	-1943.62745098039
			3674.01960784314	-1943.62745098039
			3676.47058823529	-1946.07843137255
			3678.92156862745	-1946.07843137255
			3678.92156862745	-1948.52941176471
			3681.37254901961	-1948.52941176471
			3683.82352941176	-1950.98039215686
			3686.27450980392	-1950.98039215686
			3686.27450980392	-1953.43137254902
			3688.72549019608	-1953.43137254902
			3691.17647058824	-1955.88235294118
			3693.62745098039	-1955.88235294118
			3693.62745098039	-1958.33333333333
			3696.07843137255	-1958.33333333333
			3698.52941176471	-1960.78431372549
			3700.98039215686	-1960.78431372549
			3703.43137254902	-1963.23529411765
			3705.88235294118	-1963.23529411765
			3708.33333333333	-1965.6862745098
			3710.78431372549	-1968.13725490196
			3713.23529411765	-1968.13725490196
			3713.23529411765	-1970.58823529412
			3715.6862745098	-1970.58823529412
			3718.13725490196	-1973.03921568627
			3720.58823529412	-1973.03921568627
			3723.03921568627	-1975.49019607843
			3725.49019607843	-1977.94117647059
			3727.94117647059	-1977.94117647059
			3727.94117647059	-1980.39215686275
			3730.39215686275	-1980.39215686275
			3732.8431372549	-1982.8431372549
			3735.29411764706	-1982.8431372549
			3737.74509803922	-1985.29411764706
			3740.19607843137	-1987.74509803922
			3742.64705882353	-1987.74509803922
			3742.64705882353	-1990.19607843137
			3745.09803921569	-1990.19607843137
			3747.54901960784	-1992.64705882353
			3750	-1992.64705882353
			3752.45098039216	-1995.09803921569
			3754.90196078431	-1997.54901960784
			3757.35294117647	-1997.54901960784
			3757.35294117647	-2000
			3759.80392156863	-2000
			3762.25490196078	-2002.45098039216
			3764.70588235294	-2002.45098039216
			3767.1568627451	-2004.90196078431
			3769.60784313726	-2007.35294117647
			3772.05882352941	-2009.80392156863
			3774.50980392157	-2009.80392156863
			3776.96078431373	-2012.25490196078
			3779.41176470588	-2014.70588235294
			3781.86274509804	-2014.70588235294
			3784.3137254902	-2017.1568627451
			3786.76470588235	-2019.60784313726
			3789.21568627451	-2022.05882352941
			3791.66666666667	-2022.05882352941
			3794.11764705882	-2024.50980392157
			3796.56862745098	-2026.96078431373
			3799.01960784314	-2026.96078431373
			3801.47058823529	-2029.41176470588
			3803.92156862745	-2031.86274509804
			3806.37254901961	-2031.86274509804
			3808.82352941176	-2034.3137254902
			3811.27450980392	-2036.76470588235
			3813.72549019608	-2036.76470588235
			3816.17647058824	-2039.21568627451
			3818.62745098039	-2041.66666666667
			3821.07843137255	-2041.66666666667
			3823.52941176471	-2044.11764705882
			3825.98039215686	-2046.56862745098
			3828.43137254902	-2049.01960784314
			3830.88235294118	-2049.01960784314
			3833.33333333333	-2051.47058823529
			3835.78431372549	-2053.92156862745
			3838.23529411765	-2053.92156862745
			3838.23529411765	-2056.37254901961
			3840.6862745098	-2058.82352941176
			3843.13725490196	-2058.82352941176
			3845.58823529412	-2061.27450980392
			3848.03921568627	-2063.72549019608
			3850.49019607843	-2063.72549019608
			3852.94117647059	-2066.17647058824
			3855.39215686275	-2068.62745098039
			3857.8431372549	-2071.07843137255
			3860.29411764706	-2071.07843137255
			3862.74509803922	-2073.52941176471
			3865.19607843137	-2075.98039215686
			3867.64705882353	-2075.98039215686
			3870.09803921569	-2078.43137254902
			3872.54901960784	-2080.88235294118
			3875	-2083.33333333333
			3877.45098039216	-2085.78431372549
			3879.90196078431	-2085.78431372549
			3882.35294117647	-2088.23529411765
			3884.80392156863	-2090.6862745098
			3887.25490196078	-2093.13725490196
			3889.70588235294	-2095.58823529412
			3892.1568627451	-2095.58823529412
			3894.60784313726	-2098.03921568627
			3897.05882352941	-2100.49019607843
			3899.50980392157	-2102.94117647059
			3901.96078431373	-2102.94117647059
			3904.41176470588	-2105.39215686275
			3906.86274509804	-2107.8431372549
			3909.3137254902	-2110.29411764706
			3911.76470588235	-2110.29411764706
			3914.21568627451	-2112.74509803922
			3916.66666666667	-2115.19607843137
			3919.11764705882	-2117.64705882353
			3921.56862745098	-2120.09803921569
			3924.01960784314	-2122.54901960784
			3926.47058823529	-2122.54901960784
			3926.47058823529	-2125
			3928.92156862745	-2125
			3931.37254901961	-2127.45098039216
			3933.82352941176	-2129.90196078431
			3936.27450980392	-2132.35294117647
			3938.72549019608	-2132.35294117647
			3941.17647058824	-2134.80392156863
			3943.62745098039	-2137.25490196078
			3946.07843137255	-2139.70588235294
			3948.52941176471	-2142.1568627451
			3950.98039215686	-2142.1568627451
			3953.43137254902	-2144.60784313726
			3955.88235294118	-2147.05882352941
			3958.33333333333	-2149.50980392157
			3960.78431372549	-2149.50980392157
			3960.78431372549	-2151.96078431373
			3963.23529411765	-2154.41176470588
			3965.6862745098	-2156.86274509804
			3968.13725490196	-2156.86274509804
			3970.58823529412	-2159.3137254902
			3973.03921568627	-2161.76470588235
			3975.49019607843	-2164.21568627451
			3977.94117647059	-2164.21568627451
			3980.39215686275	-2166.66666666667
			3980.39215686275	-2169.11764705882
			3982.8431372549	-2171.56862745098
			3985.29411764706	-2174.01960784314
			3987.74509803922	-2174.01960784314
			3990.19607843137	-2176.47058823529
			3992.64705882353	-2178.92156862745
			3995.09803921569	-2181.37254901961
			3997.54901960784	-2183.82352941176
			4000	-2186.27450980392
			4002.45098039216	-2188.72549019608
			4004.90196078431	-2191.17647058824
			4007.35294117647	-2193.62745098039
			4009.80392156863	-2196.07843137255
			4012.25490196078	-2198.52941176471
			4014.70588235294	-2200.98039215686
			4017.1568627451	-2200.98039215686
			4019.60784313726	-2203.43137254902
			4022.05882352941	-2205.88235294118
			4024.50980392157	-2208.33333333333
			4026.96078431373	-2210.78431372549
			4029.41176470588	-2213.23529411765
			4031.86274509804	-2215.6862745098
			4034.3137254902	-2218.13725490196
			4036.76470588235	-2220.58823529412
			4039.21568627451	-2223.03921568627
			4041.66666666667	-2225.49019607843
			4044.11764705882	-2227.94117647059
			4046.56862745098	-2227.94117647059
			4049.01960784314	-2230.39215686275
			4051.47058823529	-2232.8431372549
			4053.92156862745	-2235.29411764706
			4056.37254901961	-2237.74509803922
			4058.82352941176	-2240.19607843137
			4061.27450980392	-2242.64705882353
			4063.72549019608	-2245.09803921569
			4066.17647058824	-2247.54901960784
			4068.62745098039	-2250
			4071.07843137255	-2252.45098039216
			4073.52941176471	-2254.90196078431
			4075.98039215686	-2257.35294117647
			4078.43137254902	-2257.35294117647
			4078.43137254902	-2259.80392156863
			4080.88235294118	-2262.25490196078
			4083.33333333333	-2264.70588235294
			4085.78431372549	-2267.1568627451
			4088.23529411765	-2269.60784313726
			4090.6862745098	-2272.05882352941
			4093.13725490196	-2274.50980392157
			4095.58823529412	-2276.96078431373
			4098.03921568627	-2279.41176470588
			4100.49019607843	-2281.86274509804
			4102.94117647059	-2284.3137254902
			4102.94117647059	-2286.76470588235
			4105.39215686275	-2289.21568627451
			4107.8431372549	-2289.21568627451
			4110.29411764706	-2291.66666666667
			4112.74509803922	-2294.11764705882
			4115.19607843137	-2296.56862745098
			4117.64705882353	-2299.01960784314
			4120.09803921569	-2301.47058823529
			4120.09803921569	-2303.92156862745
			4122.54901960784	-2306.37254901961
			4125	-2308.82352941176
			4127.45098039216	-2311.27450980392
			4129.90196078431	-2313.72549019608
			4132.35294117647	-2316.17647058824
			4132.35294117647	-2318.62745098039
			4134.80392156863	-2321.07843137255
			4137.25490196078	-2323.52941176471
			4139.70588235294	-2323.52941176471
			4142.1568627451	-2325.98039215686
			4144.60784313726	-2328.43137254902
			4144.60784313726	-2330.88235294118
			4147.05882352941	-2333.33333333333
			4149.50980392157	-2335.78431372549
			4151.96078431373	-2338.23529411765
			4154.41176470588	-2340.6862745098
			4154.41176470588	-2343.13725490196
			4156.86274509804	-2345.58823529412
			4159.3137254902	-2348.03921568627
			4161.76470588235	-2350.49019607843
			4164.21568627451	-2352.94117647059
			4164.21568627451	-2355.39215686275
			4166.66666666667	-2357.8431372549
			4169.11764705882	-2360.29411764706
			4171.56862745098	-2362.74509803922
			4174.01960784314	-2362.74509803922
			4174.01960784314	-2365.19607843137
			4176.47058823529	-2367.64705882353
			4178.92156862745	-2370.09803921569
			4181.37254901961	-2372.54901960784
			4181.37254901961	-2375
			4183.82352941176	-2377.45098039216
			4186.27450980392	-2379.90196078431
			4188.72549019608	-2382.35294117647
			4188.72549019608	-2384.80392156863
			4191.17647058824	-2387.25490196078
			4193.62745098039	-2389.70588235294
			4196.07843137255	-2392.1568627451
			4196.07843137255	-2394.60784313726
			4198.52941176471	-2397.05882352941
			4200.98039215686	-2399.50980392157
			4200.98039215686	-2401.96078431373
			4203.43137254902	-2404.41176470588
			4205.88235294118	-2404.41176470588
			4208.33333333333	-2406.86274509804
			4208.33333333333	-2409.3137254902
			4210.78431372549	-2411.76470588235
			4213.23529411765	-2414.21568627451
			4213.23529411765	-2416.66666666667
			4215.6862745098	-2419.11764705882
			4218.13725490196	-2421.56862745098
			4220.58823529412	-2424.01960784314
			4220.58823529412	-2426.47058823529
			4223.03921568627	-2428.92156862745
			4225.49019607843	-2431.37254901961
			4225.49019607843	-2433.82352941176
			4227.94117647059	-2436.27450980392
			4230.39215686275	-2438.72549019608
			4230.39215686275	-2441.17647058824
			4232.8431372549	-2443.62745098039
			4235.29411764706	-2446.07843137255
			4235.29411764706	-2448.52941176471
			4237.74509803922	-2450.98039215686
			4240.19607843137	-2453.43137254902
			4240.19607843137	-2455.88235294118
			4242.64705882353	-2455.88235294118
			4242.64705882353	-2458.33333333333
			4245.09803921569	-2460.78431372549
			4247.54901960784	-2463.23529411765
			4247.54901960784	-2465.6862745098
			4250	-2468.13725490196
			4252.45098039216	-2470.58823529412
			4252.45098039216	-2473.03921568627
			4254.90196078431	-2475.49019607843
			4254.90196078431	-2477.94117647059
			4257.35294117647	-2480.39215686275
			4259.80392156863	-2482.8431372549
			4259.80392156863	-2485.29411764706
			4262.25490196078	-2487.74509803922
			4264.70588235294	-2490.19607843137
			4264.70588235294	-2492.64705882353
			4267.1568627451	-2495.09803921569
			4267.1568627451	-2497.54901960784
			4269.60784313726	-2500
		</C1>
		<C2 type=matrix rownames=FALSE colnames=FALSE nrow=315 ncol=2 as.numeric=TRUE >
			2737.74509803922	-3825.98039215686
			2737.74509803922	-3828.43137254902
			2737.74509803922	-3830.88235294118
			2737.74509803922	-3833.33333333333
			2740.19607843137	-3835.78431372549
			2740.19607843137	-3838.23529411765
			2740.19607843137	-3840.6862745098
			2740.19607843137	-3843.13725490196
			2740.19607843137	-3845.58823529412
			2740.19607843137	-3848.03921568627
			2740.19607843137	-3850.49019607843
			2740.19607843137	-3852.94117647059
			2740.19607843137	-3855.39215686275
			2740.19607843137	-3857.8431372549
			2740.19607843137	-3860.29411764706
			2740.19607843137	-3862.74509803922
			2740.19607843137	-3865.19607843137
			2737.74509803922	-3867.64705882353
			2737.74509803922	-3870.09803921569
			2737.74509803922	-3872.54901960784
			2737.74509803922	-3875
			2737.74509803922	-3877.45098039216
			2735.29411764706	-3879.90196078431
			2735.29411764706	-3882.35294117647
			2735.29411764706	-3884.80392156863
			2732.8431372549	-3887.25490196078
			2732.8431372549	-3889.70588235294
			2730.39215686275	-3892.1568627451
			2730.39215686275	-3894.60784313726
			2727.94117647059	-3897.05882352941
			2727.94117647059	-3899.50980392157
			2725.49019607843	-3901.96078431373
			2723.03921568627	-3904.41176470588
			2723.03921568627	-3906.86274509804
			2720.58823529412	-3906.86274509804
			2718.13725490196	-3909.3137254902
			2715.6862745098	-3911.76470588235
			2713.23529411765	-3914.21568627451
			2713.23529411765	-3916.66666666667
			2710.78431372549	-3916.66666666667
			2708.33333333333	-3919.11764705882
			2705.88235294118	-3921.56862745098
			2703.43137254902	-3921.56862745098
			2700.98039215686	-3924.01960784314
			2698.52941176471	-3924.01960784314
			2696.07843137255	-3926.47058823529
			2693.62745098039	-3928.92156862745
			2691.17647058824	-3928.92156862745
			2688.72549019608	-3928.92156862745
			2686.27450980392	-3931.37254901961
			2683.82352941176	-3931.37254901961
			2681.37254901961	-3931.37254901961
			2678.92156862745	-3933.82352941176
			2676.47058823529	-3933.82352941176
			2674.01960784314	-3933.82352941176
			2671.56862745098	-3936.27450980392
			2669.11764705882	-3936.27450980392
			2666.66666666667	-3936.27450980392
			2664.21568627451	-3936.27450980392
			2661.76470588235	-3938.72549019608
			2659.3137254902	-3938.72549019608
			2656.86274509804	-3938.72549019608
			2654.41176470588	-3938.72549019608
			2651.96078431373	-3941.17647058824
			2649.50980392157	-3941.17647058824
			2647.05882352941	-3941.17647058824
			2644.60784313726	-3941.17647058824
			2642.1568627451	-3941.17647058824
			2639.70588235294	-3941.17647058824
			2637.25490196078	-3941.17647058824
			2634.80392156863	-3941.17647058824
			2632.35294117647	-3943.62745098039
			2629.90196078431	-3943.62745098039
			2627.45098039216	-3943.62745098039
			2625	-3943.62745098039
			2622.54901960784	-3943.62745098039
			2620.09803921569	-3943.62745098039
			2617.64705882353	-3943.62745098039
			2615.19607843137	-3943.62745098039
			2612.74509803922	-3943.62745098039
			2610.29411764706	-3943.62745098039
			2607.8431372549	-3943.62745098039
			2605.39215686275	-3943.62745098039
			2602.94117647059	-3943.62745098039
			2600.49019607843	-3946.07843137255
			2600.49019607843	-3948.52941176471
			2598.03921568627	-3950.98039215686
			2598.03921568627	-3953.43137254902
			2595.58823529412	-3955.88235294118
			2595.58823529412	-3958.33333333333
			2593.13725490196	-3960.78431372549
			2593.13725490196	-3963.23529411765
			2590.6862745098	-3965.6862745098
			2590.6862745098	-3968.13725490196
			2588.23529411765	-3968.13725490196
			2588.23529411765	-3970.58823529412
			2585.78431372549	-3973.03921568627
			2585.78431372549	-3975.49019607843
			2583.33333333333	-3977.94117647059
			2580.88235294118	-3980.39215686275
			2578.43137254902	-3982.8431372549
			2578.43137254902	-3985.29411764706
			2575.98039215686	-3987.74509803922
			2573.52941176471	-3990.19607843137
			2571.07843137255	-3992.64705882353
			2568.62745098039	-3995.09803921569
			2568.62745098039	-3997.54901960784
			2566.17647058824	-4000
			2563.72549019608	-4000
			2563.72549019608	-4002.45098039216
			2561.27450980392	-4004.90196078431
			2558.82352941176	-4004.90196078431
			2558.82352941176	-4007.35294117647
			2556.37254901961	-4009.80392156863
			2553.92156862745	-4009.80392156863
			2553.92156862745	-4012.25490196078
			2551.47058823529	-4012.25490196078
			2549.01960784314	-4014.70588235294
			2546.56862745098	-4017.1568627451
			2544.11764705882	-4019.60784313726
			2541.66666666667	-4022.05882352941
			2539.21568627451	-4022.05882352941
			2536.76470588235	-4024.50980392157
			2534.3137254902	-4024.50980392157
			2531.86274509804	-4024.50980392157
			2529.41176470588	-4026.96078431373
			2526.96078431373	-4026.96078431373
			2524.50980392157	-4029.41176470588
			2522.05882352941	-4029.41176470588
			2519.60784313726	-4029.41176470588
			2519.60784313726	-4031.86274509804
			2517.1568627451	-4031.86274509804
			2514.70588235294	-4031.86274509804
			2512.25490196078	-4031.86274509804
			2509.80392156863	-4034.3137254902
			2507.35294117647	-4034.3137254902
			2504.90196078431	-4034.3137254902
			2502.45098039216	-4034.3137254902
			2500	-4034.3137254902
			2497.54901960784	-4034.3137254902
			2495.09803921569	-4034.3137254902
			2492.64705882353	-4034.3137254902
			2490.19607843137	-4034.3137254902
			2487.74509803922	-4034.3137254902
			2485.29411764706	-4034.3137254902
			2482.8431372549	-4034.3137254902
			2480.39215686275	-4034.3137254902
			2477.94117647059	-4034.3137254902
			2475.49019607843	-4034.3137254902
			2473.03921568627	-4031.86274509804
			2470.58823529412	-4031.86274509804
			2468.13725490196	-4031.86274509804
			2465.6862745098	-4031.86274509804
			2463.23529411765	-4029.41176470588
			2460.78431372549	-4029.41176470588
			2458.33333333333	-4029.41176470588
			2455.88235294118	-4026.96078431373
			2453.43137254902	-4026.96078431373
			2450.98039215686	-4026.96078431373
			2448.52941176471	-4024.50980392157
			2446.07843137255	-4024.50980392157
			2443.62745098039	-4022.05882352941
			2441.17647058824	-4022.05882352941
			2438.72549019608	-4022.05882352941
			2436.27450980392	-4019.60784313726
			2433.82352941176	-4019.60784313726
			2431.37254901961	-4017.1568627451
			2428.92156862745	-4014.70588235294
			2426.47058823529	-4014.70588235294
			2424.01960784314	-4012.25490196078
			2421.56862745098	-4012.25490196078
			2419.11764705882	-4009.80392156863
			2416.66666666667	-4007.35294117647
			2414.21568627451	-4007.35294117647
			2411.76470588235	-4004.90196078431
			2409.3137254902	-4002.45098039216
			2406.86274509804	-4002.45098039216
			2404.41176470588	-4000
			2401.96078431373	-3997.54901960784
			2399.50980392157	-3995.09803921569
			2397.05882352941	-3995.09803921569
			2394.60784313726	-3992.64705882353
			2392.1568627451	-3990.19607843137
			2389.70588235294	-3987.74509803922
			2387.25490196078	-3985.29411764706
			2384.80392156863	-3982.8431372549
			2382.35294117647	-3980.39215686275
			2379.90196078431	-3980.39215686275
			2377.45098039216	-3977.94117647059
			2375	-3975.49019607843
			2372.54901960784	-3973.03921568627
			2370.09803921569	-3970.58823529412
			2367.64705882353	-3968.13725490196
			2367.64705882353	-3965.6862745098
			2365.19607843137	-3965.6862745098
			2365.19607843137	-3963.23529411765
			2362.74509803922	-3960.78431372549
			2360.29411764706	-3958.33333333333
			2360.29411764706	-3955.88235294118
			2357.8431372549	-3953.43137254902
			2355.39215686275	-3950.98039215686
			2355.39215686275	-3948.52941176471
			2352.94117647059	-3946.07843137255
			2352.94117647059	-3943.62745098039
			2350.49019607843	-3941.17647058824
			2348.03921568627	-3938.72549019608
			2348.03921568627	-3936.27450980392
			2345.58823529412	-3933.82352941176
			2345.58823529412	-3931.37254901961
			2345.58823529412	-3928.92156862745
			2343.13725490196	-3926.47058823529
			2343.13725490196	-3924.01960784314
			2343.13725490196	-3921.56862745098
			2340.6862745098	-3919.11764705882
			2340.6862745098	-3916.66666666667
			2340.6862745098	-3914.21568627451
			2338.23529411765	-3911.76470588235
			2338.23529411765	-3909.3137254902
			2338.23529411765	-3906.86274509804
			2338.23529411765	-3904.41176470588
			2335.78431372549	-3901.96078431373
			2335.78431372549	-3899.50980392157
			2335.78431372549	-3897.05882352941
			2335.78431372549	-3894.60784313726
			2335.78431372549	-3892.1568627451
			2335.78431372549	-3889.70588235294
			2335.78431372549	-3887.25490196078
			2333.33333333333	-3884.80392156863
			2333.33333333333	-3882.35294117647
			2333.33333333333	-3879.90196078431
			2333.33333333333	-3877.45098039216
			2333.33333333333	-3875
			2333.33333333333	-3872.54901960784
			2333.33333333333	-3870.09803921569
			2333.33333333333	-3867.64705882353
			2333.33333333333	-3865.19607843137
			2333.33333333333	-3862.74509803922
			2333.33333333333	-3860.29411764706
			2333.33333333333	-3857.8431372549
			2333.33333333333	-3855.39215686275
			2333.33333333333	-3852.94117647059
			2333.33333333333	-3850.49019607843
			2335.78431372549	-3848.03921568627
			2335.78431372549	-3845.58823529412
			2335.78431372549	-3843.13725490196
			2335.78431372549	-3840.6862745098
			2335.78431372549	-3838.23529411765
			2335.78431372549	-3835.78431372549
			2335.78431372549	-3833.33333333333
			2338.23529411765	-3830.88235294118
			2338.23529411765	-3828.43137254902
			2338.23529411765	-3825.98039215686
			2338.23529411765	-3823.52941176471
			2338.23529411765	-3821.07843137255
			2340.6862745098	-3818.62745098039
			2340.6862745098	-3816.17647058824
			2340.6862745098	-3813.72549019608
			2340.6862745098	-3811.27450980392
			2343.13725490196	-3808.82352941176
			2343.13725490196	-3806.37254901961
			2343.13725490196	-3803.92156862745
			2345.58823529412	-3801.47058823529
			2345.58823529412	-3799.01960784314
			2345.58823529412	-3796.56862745098
			2348.03921568627	-3794.11764705882
			2348.03921568627	-3791.66666666667
			2348.03921568627	-3789.21568627451
			2348.03921568627	-3786.76470588235
			2350.49019607843	-3784.3137254902
			2350.49019607843	-3781.86274509804
			2350.49019607843	-3779.41176470588
			2352.94117647059	-3776.96078431373
			2352.94117647059	-3774.50980392157
			2355.39215686275	-3772.05882352941
			2355.39215686275	-3769.60784313726
			2355.39215686275	-3767.1568627451
			2357.8431372549	-3764.70588235294
			2357.8431372549	-3762.25490196078
			2360.29411764706	-3759.80392156863
			2360.29411764706	-3757.35294117647
			2362.74509803922	-3754.90196078431
			2362.74509803922	-3752.45098039216
			2365.19607843137	-3750
			2365.19607843137	-3747.54901960784
			2365.19607843137	-3745.09803921569
			2367.64705882353	-3742.64705882353
			2367.64705882353	-3740.19607843137
			2370.09803921569	-3737.74509803922
			2370.09803921569	-3735.29411764706
			2372.54901960784	-3732.8431372549
			2372.54901960784	-3730.39215686275
			2375	-3727.94117647059
			2377.45098039216	-3725.49019607843
			2377.45098039216	-3723.03921568627
			2379.90196078431	-3720.58823529412
			2379.90196078431	-3718.13725490196
			2382.35294117647	-3715.6862745098
			2382.35294117647	-3713.23529411765
			2384.80392156863	-3710.78431372549
			2387.25490196078	-3708.33333333333
			2387.25490196078	-3705.88235294118
			2389.70588235294	-3703.43137254902
			2389.70588235294	-3700.98039215686
			2392.1568627451	-3698.52941176471
			2394.60784313726	-3696.07843137255
			2394.60784313726	-3693.62745098039
			2397.05882352941	-3691.17647058824
			2399.50980392157	-3688.72549019608
			2399.50980392157	-3686.27450980392
			2401.96078431373	-3683.82352941176
			2401.96078431373	-3681.37254901961
			2404.41176470588	-3678.92156862745
			2406.86274509804	-3676.47058823529
			2409.3137254902	-3674.01960784314
			2409.3137254902	-3671.56862745098
		</C2>
	</curves.scaled>
	<ruler.points type=matrix rownames=TRUE colnames=FALSE nrow=2 ncol=2 as.numeric=TRUE >
		Ruler point 1	3	1877
		Ruler point 2	105	1877
	</ruler.points>
</shapes>

