<shapes type=list>
	<ruler.pixel type=vector names=FALSE length=1 as.numeric=TRUE >102</ruler.pixel>
	<ruler.interval type=vector names=FALSE length=1 as.numeric=TRUE >250</ruler.interval>
	<scaling.units type=vector names=FALSE length=1 as.numeric=FALSE >nm</scaling.units>
	<scaling type=vector names=FALSE length=1 as.numeric=TRUE >2.45098039215686</scaling>
	<landmarks.pixel type=matrix rownames=TRUE colnames=FALSE nrow=4 ncol=2 as.numeric=TRUE >
		1-TopL	1318	754
		2-TopR	1978	905
		3-BotR	1638	1245
		4-BotL	1570	1205
	</landmarks.pixel>
	<landmarks.scaled type=matrix rownames=TRUE colnames=FALSE nrow=4 ncol=2 as.numeric=TRUE >
		1-TopL	3230.39215686275	-1848.03921568627
		2-TopR	4848.03921568627	-2218.13725490196
		3-BotR	4014.70588235294	-3051.47058823529
		4-BotL	3848.03921568627	-2953.43137254902
	</landmarks.scaled>
	<curves.control type=list>
		<C1 type=matrix rownames=FALSE colnames=FALSE nrow=7 ncol=2 as.numeric=TRUE >
			1318	754
			1539	605
			1713	721
			1819	781
			1881	806
			1948	848
			1978	905
		</C1>
		<C2 type=matrix rownames=FALSE colnames=FALSE nrow=5 ncol=2 as.numeric=TRUE >
			1638	1245
			1659	1305
			1603	1311
			1540	1295
			1570	1205
		</C2>
	</curves.control>
	<curves.pixel type=list>
		<C1 type=matrix rownames=FALSE colnames=FALSE nrow=713 ncol=2 as.numeric=TRUE >
			1318	754
			1319	753
			1320	753
			1321	752
			1322	751
			1323	750
			1324	750
			1325	749
			1326	748
			1327	748
			1328	747
			1329	747
			1329	746
			1330	746
			1331	746
			1331	745
			1332	745
			1333	744
			1334	744
			1335	743
			1336	742
			1337	742
			1338	741
			1339	741
			1339	740
			1340	740
			1341	739
			1342	739
			1342	738
			1343	738
			1344	737
			1345	737
			1345	736
			1346	736
			1347	736
			1348	735
			1349	734
			1350	734
			1351	733
			1352	733
			1353	732
			1354	732
			1355	731
			1355	730
			1356	730
			1357	729
			1358	729
			1359	728
			1360	728
			1361	727
			1362	727
			1363	726
			1364	725
			1365	725
			1366	724
			1367	724
			1368	723
			1369	723
			1370	722
			1371	722
			1372	721
			1373	721
			1374	720
			1375	720
			1376	719
			1377	719
			1378	718
			1379	718
			1380	717
			1381	716
			1382	716
			1383	716
			1383	715
			1384	715
			1385	715
			1385	714
			1386	714
			1387	714
			1387	713
			1388	713
			1389	713
			1389	712
			1390	712
			1391	712
			1391	711
			1392	711
			1393	711
			1393	710
			1394	710
			1395	710
			1395	709
			1396	709
			1397	709
			1397	708
			1398	708
			1399	708
			1399	707
			1400	707
			1401	707
			1402	706
			1403	706
			1404	705
			1405	705
			1406	705
			1406	704
			1407	704
			1408	703
			1409	703
			1410	703
			1410	702
			1411	702
			1412	702
			1413	701
			1414	701
			1415	700
			1416	700
			1417	700
			1418	699
			1419	699
			1420	698
			1421	698
			1422	698
			1423	697
			1424	697
			1424	696
			1425	696
			1426	696
			1427	695
			1428	695
			1429	695
			1430	694
			1431	694
			1432	694
			1433	693
			1434	693
			1435	693
			1436	692
			1437	692
			1438	691
			1439	691
			1440	691
			1441	690
			1442	690
			1443	689
			1444	689
			1445	689
			1446	689
			1447	688
			1448	688
			1449	688
			1450	687
			1451	687
			1452	687
			1453	686
			1454	686
			1455	686
			1456	685
			1457	685
			1458	685
			1459	685
			1460	684
			1461	684
			1462	684
			1462	683
			1463	683
			1464	683
			1465	683
			1466	682
			1467	682
			1468	682
			1469	682
			1470	681
			1471	681
			1472	681
			1473	681
			1474	680
			1475	680
			1476	680
			1477	680
			1478	679
			1479	679
			1480	679
			1481	679
			1481	678
			1482	678
			1483	678
			1484	678
			1485	678
			1486	677
			1487	677
			1488	677
			1489	677
			1490	677
			1491	676
			1492	676
			1493	676
			1494	676
			1495	676
			1496	675
			1497	675
			1498	675
			1499	675
			1500	675
			1501	675
			1502	674
			1503	674
			1504	674
			1505	674
			1506	674
			1507	674
			1508	674
			1509	673
			1510	673
			1511	673
			1512	673
			1513	673
			1514	673
			1515	673
			1516	672
			1517	672
			1518	672
			1519	672
			1520	672
			1521	672
			1522	672
			1523	672
			1524	672
			1525	671
			1526	671
			1527	671
			1528	671
			1529	671
			1530	671
			1531	671
			1532	671
			1533	671
			1534	671
			1535	671
			1536	671
			1537	671
			1538	671
			1539	671
			1540	670
			1541	670
			1542	670
			1543	670
			1544	670
			1545	670
			1546	670
			1547	670
			1548	670
			1549	670
			1550	670
			1551	670
			1552	670
			1553	670
			1554	670
			1555	670
			1556	670
			1557	670
			1558	670
			1559	670
			1560	670
			1561	670
			1562	670
			1563	670
			1564	671
			1565	671
			1566	671
			1567	671
			1568	671
			1569	671
			1570	671
			1571	671
			1572	671
			1573	671
			1574	671
			1575	671
			1576	671
			1577	671
			1578	671
			1579	672
			1580	672
			1581	672
			1582	672
			1583	672
			1584	672
			1585	672
			1586	672
			1587	672
			1588	673
			1589	673
			1590	673
			1591	673
			1592	673
			1593	673
			1594	673
			1595	674
			1596	674
			1597	674
			1598	674
			1599	674
			1600	674
			1601	675
			1602	675
			1603	675
			1604	675
			1605	675
			1606	676
			1607	676
			1608	676
			1609	676
			1610	676
			1611	677
			1612	677
			1613	677
			1614	677
			1615	678
			1616	678
			1617	678
			1618	678
			1619	679
			1620	679
			1621	679
			1622	679
			1623	680
			1624	680
			1625	680
			1626	680
			1627	681
			1628	681
			1629	681
			1630	682
			1631	682
			1632	682
			1633	682
			1634	683
			1635	683
			1636	683
			1637	684
			1638	684
			1639	684
			1640	685
			1641	685
			1642	685
			1643	686
			1644	686
			1645	686
			1646	687
			1647	687
			1648	687
			1649	688
			1650	688
			1651	689
			1652	689
			1653	689
			1654	690
			1655	690
			1656	690
			1656	691
			1657	691
			1658	692
			1659	692
			1660	692
			1661	693
			1662	693
			1663	694
			1664	694
			1665	695
			1666	695
			1667	695
			1668	696
			1669	696
			1670	697
			1671	697
			1672	698
			1673	698
			1674	699
			1675	699
			1676	699
			1677	700
			1678	700
			1679	701
			1680	702
			1681	702
			1682	703
			1683	703
			1684	704
			1685	704
			1686	705
			1687	705
			1688	706
			1689	707
			1690	707
			1691	708
			1692	708
			1693	709
			1694	709
			1695	710
			1696	710
			1697	711
			1698	712
			1699	712
			1700	713
			1701	713
			1702	714
			1703	714
			1704	715
			1705	716
			1706	716
			1707	717
			1708	718
			1709	718
			1710	719
			1711	719
			1712	720
			1712	721
			1713	721
			1714	721
			1714	722
			1715	722
			1716	722
			1716	723
			1717	723
			1718	724
			1719	724
			1720	725
			1721	726
			1722	726
			1723	727
			1724	727
			1725	728
			1726	728
			1727	729
			1728	730
			1729	730
			1730	731
			1731	731
			1732	732
			1733	732
			1734	733
			1735	733
			1736	734
			1737	734
			1738	735
			1739	736
			1740	736
			1741	737
			1742	737
			1743	738
			1744	738
			1745	739
			1746	739
			1747	740
			1748	741
			1749	741
			1750	741
			1750	742
			1751	742
			1752	743
			1753	743
			1754	744
			1755	744
			1756	745
			1757	745
			1758	746
			1759	747
			1760	747
			1761	748
			1762	748
			1763	749
			1764	749
			1765	750
			1766	750
			1767	751
			1768	751
			1769	752
			1770	752
			1770	753
			1771	753
			1772	754
			1773	754
			1774	755
			1775	755
			1776	756
			1777	756
			1778	757
			1779	757
			1780	758
			1781	758
			1782	759
			1783	759
			1784	760
			1785	760
			1786	761
			1787	761
			1788	762
			1789	762
			1789	763
			1790	763
			1791	763
			1792	764
			1793	765
			1794	765
			1795	766
			1796	766
			1797	766
			1798	767
			1799	768
			1800	768
			1801	769
			1802	769
			1803	770
			1804	770
			1805	771
			1806	771
			1807	772
			1808	772
			1809	773
			1810	774
			1811	774
			1812	774
			1813	775
			1814	775
			1815	776
			1816	776
			1817	777
			1818	777
			1819	778
			1820	778
			1821	779
			1822	779
			1823	780
			1824	780
			1825	781
			1826	781
			1827	782
			1828	782
			1829	783
			1830	783
			1831	783
			1831	784
			1832	784
			1833	784
			1833	785
			1834	785
			1835	785
			1835	786
			1836	786
			1837	786
			1838	787
			1839	787
			1840	788
			1841	788
			1842	789
			1843	789
			1844	790
			1845	790
			1846	791
			1847	791
			1848	792
			1849	792
			1850	793
			1851	793
			1852	793
			1853	794
			1854	794
			1855	795
			1856	795
			1857	796
			1858	796
			1859	796
			1859	797
			1860	797
			1861	798
			1862	798
			1863	798
			1864	799
			1865	799
			1866	800
			1867	800
			1868	800
			1868	801
			1869	801
			1870	801
			1871	802
			1872	802
			1873	803
			1874	803
			1875	804
			1876	804
			1877	805
			1878	805
			1879	805
			1880	806
			1881	806
			1882	807
			1883	808
			1884	808
			1885	809
			1886	809
			1887	810
			1888	811
			1889	811
			1890	812
			1891	812
			1892	813
			1893	814
			1894	815
			1895	815
			1896	816
			1897	816
			1897	817
			1898	818
			1899	818
			1900	819
			1901	819
			1902	820
			1903	821
			1904	822
			1905	823
			1906	823
			1907	824
			1908	825
			1909	825
			1910	826
			1911	827
			1912	828
			1913	828
			1914	829
			1915	830
			1916	831
			1917	832
			1918	832
			1918	833
			1919	834
			1920	835
			1921	835
			1922	836
			1923	837
			1924	838
			1925	838
			1926	839
			1927	840
			1927	841
			1928	842
			1929	842
			1930	843
			1931	844
			1932	845
			1933	846
			1934	847
			1935	848
			1936	849
			1937	850
			1938	851
			1939	852
			1940	853
			1941	854
			1942	855
			1943	856
			1944	857
			1945	858
			1946	859
			1946	860
			1947	861
			1948	862
			1949	863
			1950	864
			1951	865
			1952	866
			1953	867
			1953	868
			1954	869
			1955	870
			1956	871
			1957	872
			1958	873
			1958	874
			1959	875
			1960	876
			1961	877
			1961	878
			1962	879
			1962	880
			1963	880
			1963	881
			1964	882
			1965	883
			1966	884
			1966	885
			1967	886
			1967	887
			1968	887
			1968	888
			1969	889
			1969	890
			1970	890
			1970	891
			1971	892
			1971	893
			1972	894
			1972	895
			1973	896
			1974	897
			1974	898
			1975	899
			1975	900
			1976	901
			1976	902
			1977	903
			1977	904
			1978	905
		</C1>
		<C2 type=matrix rownames=FALSE colnames=FALSE nrow=211 ncol=2 as.numeric=TRUE >
			1638	1245
			1638	1246
			1639	1247
			1639	1248
			1639	1249
			1640	1250
			1640	1251
			1640	1252
			1641	1253
			1641	1254
			1641	1255
			1641	1256
			1642	1257
			1642	1258
			1642	1259
			1642	1260
			1642	1261
			1643	1262
			1643	1263
			1643	1264
			1643	1265
			1643	1266
			1643	1267
			1643	1268
			1644	1269
			1644	1270
			1644	1271
			1644	1272
			1644	1273
			1644	1274
			1644	1275
			1644	1276
			1644	1277
			1644	1278
			1643	1279
			1643	1280
			1643	1281
			1643	1282
			1643	1283
			1642	1284
			1642	1285
			1642	1286
			1642	1287
			1641	1288
			1641	1289
			1640	1290
			1640	1291
			1640	1292
			1639	1293
			1638	1294
			1637	1295
			1637	1296
			1636	1297
			1635	1298
			1634	1299
			1633	1300
			1632	1301
			1631	1302
			1630	1302
			1629	1303
			1628	1304
			1627	1304
			1626	1305
			1625	1305
			1624	1306
			1623	1306
			1622	1307
			1621	1307
			1620	1307
			1619	1308
			1618	1308
			1617	1308
			1616	1309
			1615	1309
			1614	1309
			1613	1309
			1612	1309
			1611	1310
			1610	1310
			1609	1310
			1608	1310
			1607	1310
			1606	1311
			1605	1311
			1604	1311
			1603	1311
			1602	1311
			1601	1310
			1600	1310
			1599	1310
			1598	1310
			1597	1309
			1596	1309
			1595	1308
			1594	1308
			1593	1308
			1592	1308
			1592	1307
			1591	1307
			1590	1307
			1589	1306
			1588	1305
			1587	1305
			1586	1304
			1585	1304
			1584	1303
			1583	1303
			1583	1302
			1582	1302
			1581	1301
			1580	1301
			1580	1300
			1579	1300
			1578	1299
			1577	1298
			1576	1297
			1575	1296
			1574	1295
			1573	1294
			1572	1293
			1572	1292
			1571	1292
			1570	1291
			1570	1290
			1569	1289
			1569	1288
			1568	1287
			1567	1286
			1567	1285
			1566	1284
			1566	1283
			1565	1282
			1565	1281
			1565	1280
			1564	1279
			1564	1278
			1564	1277
			1563	1276
			1563	1275
			1563	1274
			1562	1273
			1562	1272
			1562	1271
			1562	1270
			1561	1269
			1561	1268
			1561	1267
			1561	1266
			1561	1265
			1561	1264
			1561	1263
			1561	1262
			1560	1261
			1560	1260
			1560	1259
			1560	1258
			1560	1257
			1560	1256
			1560	1255
			1560	1254
			1560	1253
			1560	1252
			1560	1251
			1560	1250
			1561	1249
			1561	1248
			1561	1247
			1561	1246
			1561	1245
			1561	1244
			1561	1243
			1561	1242
			1561	1241
			1561	1240
			1562	1239
			1562	1238
			1562	1237
			1562	1236
			1562	1235
			1562	1234
			1563	1233
			1563	1232
			1563	1231
			1563	1230
			1563	1229
			1564	1228
			1564	1227
			1564	1226
			1564	1225
			1564	1224
			1565	1224
			1565	1223
			1565	1222
			1565	1221
			1566	1220
			1566	1219
			1566	1218
			1566	1217
			1566	1216
			1567	1216
			1567	1215
			1567	1214
			1567	1213
			1568	1212
			1568	1211
			1568	1210
			1569	1209
			1569	1208
			1569	1207
			1570	1206
			1570	1205
		</C2>
	</curves.pixel>
	<curves.scaled type=list>
		<C1 type=matrix rownames=FALSE colnames=FALSE nrow=713 ncol=2 as.numeric=TRUE >
			3230.39215686275	-1848.03921568627
			3232.8431372549	-1845.58823529412
			3235.29411764706	-1845.58823529412
			3237.74509803922	-1843.13725490196
			3240.19607843137	-1840.6862745098
			3242.64705882353	-1838.23529411765
			3245.09803921569	-1838.23529411765
			3247.54901960784	-1835.78431372549
			3250	-1833.33333333333
			3252.45098039216	-1833.33333333333
			3254.90196078431	-1830.88235294118
			3257.35294117647	-1830.88235294118
			3257.35294117647	-1828.43137254902
			3259.80392156863	-1828.43137254902
			3262.25490196078	-1828.43137254902
			3262.25490196078	-1825.98039215686
			3264.70588235294	-1825.98039215686
			3267.1568627451	-1823.52941176471
			3269.60784313726	-1823.52941176471
			3272.05882352941	-1821.07843137255
			3274.50980392157	-1818.62745098039
			3276.96078431373	-1818.62745098039
			3279.41176470588	-1816.17647058824
			3281.86274509804	-1816.17647058824
			3281.86274509804	-1813.72549019608
			3284.3137254902	-1813.72549019608
			3286.76470588235	-1811.27450980392
			3289.21568627451	-1811.27450980392
			3289.21568627451	-1808.82352941176
			3291.66666666667	-1808.82352941176
			3294.11764705882	-1806.37254901961
			3296.56862745098	-1806.37254901961
			3296.56862745098	-1803.92156862745
			3299.01960784314	-1803.92156862745
			3301.47058823529	-1803.92156862745
			3303.92156862745	-1801.47058823529
			3306.37254901961	-1799.01960784314
			3308.82352941176	-1799.01960784314
			3311.27450980392	-1796.56862745098
			3313.72549019608	-1796.56862745098
			3316.17647058824	-1794.11764705882
			3318.62745098039	-1794.11764705882
			3321.07843137255	-1791.66666666667
			3321.07843137255	-1789.21568627451
			3323.52941176471	-1789.21568627451
			3325.98039215686	-1786.76470588235
			3328.43137254902	-1786.76470588235
			3330.88235294118	-1784.3137254902
			3333.33333333333	-1784.3137254902
			3335.78431372549	-1781.86274509804
			3338.23529411765	-1781.86274509804
			3340.6862745098	-1779.41176470588
			3343.13725490196	-1776.96078431373
			3345.58823529412	-1776.96078431373
			3348.03921568627	-1774.50980392157
			3350.49019607843	-1774.50980392157
			3352.94117647059	-1772.05882352941
			3355.39215686275	-1772.05882352941
			3357.8431372549	-1769.60784313726
			3360.29411764706	-1769.60784313726
			3362.74509803922	-1767.1568627451
			3365.19607843137	-1767.1568627451
			3367.64705882353	-1764.70588235294
			3370.09803921569	-1764.70588235294
			3372.54901960784	-1762.25490196078
			3375	-1762.25490196078
			3377.45098039216	-1759.80392156863
			3379.90196078431	-1759.80392156863
			3382.35294117647	-1757.35294117647
			3384.80392156863	-1754.90196078431
			3387.25490196078	-1754.90196078431
			3389.70588235294	-1754.90196078431
			3389.70588235294	-1752.45098039216
			3392.1568627451	-1752.45098039216
			3394.60784313726	-1752.45098039216
			3394.60784313726	-1750
			3397.05882352941	-1750
			3399.50980392157	-1750
			3399.50980392157	-1747.54901960784
			3401.96078431373	-1747.54901960784
			3404.41176470588	-1747.54901960784
			3404.41176470588	-1745.09803921569
			3406.86274509804	-1745.09803921569
			3409.3137254902	-1745.09803921569
			3409.3137254902	-1742.64705882353
			3411.76470588235	-1742.64705882353
			3414.21568627451	-1742.64705882353
			3414.21568627451	-1740.19607843137
			3416.66666666667	-1740.19607843137
			3419.11764705882	-1740.19607843137
			3419.11764705882	-1737.74509803922
			3421.56862745098	-1737.74509803922
			3424.01960784314	-1737.74509803922
			3424.01960784314	-1735.29411764706
			3426.47058823529	-1735.29411764706
			3428.92156862745	-1735.29411764706
			3428.92156862745	-1732.8431372549
			3431.37254901961	-1732.8431372549
			3433.82352941176	-1732.8431372549
			3436.27450980392	-1730.39215686275
			3438.72549019608	-1730.39215686275
			3441.17647058824	-1727.94117647059
			3443.62745098039	-1727.94117647059
			3446.07843137255	-1727.94117647059
			3446.07843137255	-1725.49019607843
			3448.52941176471	-1725.49019607843
			3450.98039215686	-1723.03921568627
			3453.43137254902	-1723.03921568627
			3455.88235294118	-1723.03921568627
			3455.88235294118	-1720.58823529412
			3458.33333333333	-1720.58823529412
			3460.78431372549	-1720.58823529412
			3463.23529411765	-1718.13725490196
			3465.6862745098	-1718.13725490196
			3468.13725490196	-1715.6862745098
			3470.58823529412	-1715.6862745098
			3473.03921568627	-1715.6862745098
			3475.49019607843	-1713.23529411765
			3477.94117647059	-1713.23529411765
			3480.39215686275	-1710.78431372549
			3482.8431372549	-1710.78431372549
			3485.29411764706	-1710.78431372549
			3487.74509803922	-1708.33333333333
			3490.19607843137	-1708.33333333333
			3490.19607843137	-1705.88235294118
			3492.64705882353	-1705.88235294118
			3495.09803921569	-1705.88235294118
			3497.54901960784	-1703.43137254902
			3500	-1703.43137254902
			3502.45098039216	-1703.43137254902
			3504.90196078431	-1700.98039215686
			3507.35294117647	-1700.98039215686
			3509.80392156863	-1700.98039215686
			3512.25490196078	-1698.52941176471
			3514.70588235294	-1698.52941176471
			3517.1568627451	-1698.52941176471
			3519.60784313726	-1696.07843137255
			3522.05882352941	-1696.07843137255
			3524.50980392157	-1693.62745098039
			3526.96078431373	-1693.62745098039
			3529.41176470588	-1693.62745098039
			3531.86274509804	-1691.17647058824
			3534.3137254902	-1691.17647058824
			3536.76470588235	-1688.72549019608
			3539.21568627451	-1688.72549019608
			3541.66666666667	-1688.72549019608
			3544.11764705882	-1688.72549019608
			3546.56862745098	-1686.27450980392
			3549.01960784314	-1686.27450980392
			3551.47058823529	-1686.27450980392
			3553.92156862745	-1683.82352941176
			3556.37254901961	-1683.82352941176
			3558.82352941176	-1683.82352941176
			3561.27450980392	-1681.37254901961
			3563.72549019608	-1681.37254901961
			3566.17647058824	-1681.37254901961
			3568.62745098039	-1678.92156862745
			3571.07843137255	-1678.92156862745
			3573.52941176471	-1678.92156862745
			3575.98039215686	-1678.92156862745
			3578.43137254902	-1676.47058823529
			3580.88235294118	-1676.47058823529
			3583.33333333333	-1676.47058823529
			3583.33333333333	-1674.01960784314
			3585.78431372549	-1674.01960784314
			3588.23529411765	-1674.01960784314
			3590.6862745098	-1674.01960784314
			3593.13725490196	-1671.56862745098
			3595.58823529412	-1671.56862745098
			3598.03921568627	-1671.56862745098
			3600.49019607843	-1671.56862745098
			3602.94117647059	-1669.11764705882
			3605.39215686275	-1669.11764705882
			3607.8431372549	-1669.11764705882
			3610.29411764706	-1669.11764705882
			3612.74509803922	-1666.66666666667
			3615.19607843137	-1666.66666666667
			3617.64705882353	-1666.66666666667
			3620.09803921569	-1666.66666666667
			3622.54901960784	-1664.21568627451
			3625	-1664.21568627451
			3627.45098039216	-1664.21568627451
			3629.90196078431	-1664.21568627451
			3629.90196078431	-1661.76470588235
			3632.35294117647	-1661.76470588235
			3634.80392156863	-1661.76470588235
			3637.25490196078	-1661.76470588235
			3639.70588235294	-1661.76470588235
			3642.1568627451	-1659.3137254902
			3644.60784313726	-1659.3137254902
			3647.05882352941	-1659.3137254902
			3649.50980392157	-1659.3137254902
			3651.96078431373	-1659.3137254902
			3654.41176470588	-1656.86274509804
			3656.86274509804	-1656.86274509804
			3659.3137254902	-1656.86274509804
			3661.76470588235	-1656.86274509804
			3664.21568627451	-1656.86274509804
			3666.66666666667	-1654.41176470588
			3669.11764705882	-1654.41176470588
			3671.56862745098	-1654.41176470588
			3674.01960784314	-1654.41176470588
			3676.47058823529	-1654.41176470588
			3678.92156862745	-1654.41176470588
			3681.37254901961	-1651.96078431373
			3683.82352941176	-1651.96078431373
			3686.27450980392	-1651.96078431373
			3688.72549019608	-1651.96078431373
			3691.17647058824	-1651.96078431373
			3693.62745098039	-1651.96078431373
			3696.07843137255	-1651.96078431373
			3698.52941176471	-1649.50980392157
			3700.98039215686	-1649.50980392157
			3703.43137254902	-1649.50980392157
			3705.88235294118	-1649.50980392157
			3708.33333333333	-1649.50980392157
			3710.78431372549	-1649.50980392157
			3713.23529411765	-1649.50980392157
			3715.6862745098	-1647.05882352941
			3718.13725490196	-1647.05882352941
			3720.58823529412	-1647.05882352941
			3723.03921568627	-1647.05882352941
			3725.49019607843	-1647.05882352941
			3727.94117647059	-1647.05882352941
			3730.39215686275	-1647.05882352941
			3732.8431372549	-1647.05882352941
			3735.29411764706	-1647.05882352941
			3737.74509803922	-1644.60784313726
			3740.19607843137	-1644.60784313726
			3742.64705882353	-1644.60784313726
			3745.09803921569	-1644.60784313726
			3747.54901960784	-1644.60784313726
			3750	-1644.60784313726
			3752.45098039216	-1644.60784313726
			3754.90196078431	-1644.60784313726
			3757.35294117647	-1644.60784313726
			3759.80392156863	-1644.60784313726
			3762.25490196078	-1644.60784313726
			3764.70588235294	-1644.60784313726
			3767.1568627451	-1644.60784313726
			3769.60784313726	-1644.60784313726
			3772.05882352941	-1644.60784313726
			3774.50980392157	-1642.1568627451
			3776.96078431373	-1642.1568627451
			3779.41176470588	-1642.1568627451
			3781.86274509804	-1642.1568627451
			3784.3137254902	-1642.1568627451
			3786.76470588235	-1642.1568627451
			3789.21568627451	-1642.1568627451
			3791.66666666667	-1642.1568627451
			3794.11764705882	-1642.1568627451
			3796.56862745098	-1642.1568627451
			3799.01960784314	-1642.1568627451
			3801.47058823529	-1642.1568627451
			3803.92156862745	-1642.1568627451
			3806.37254901961	-1642.1568627451
			3808.82352941176	-1642.1568627451
			3811.27450980392	-1642.1568627451
			3813.72549019608	-1642.1568627451
			3816.17647058824	-1642.1568627451
			3818.62745098039	-1642.1568627451
			3821.07843137255	-1642.1568627451
			3823.52941176471	-1642.1568627451
			3825.98039215686	-1642.1568627451
			3828.43137254902	-1642.1568627451
			3830.88235294118	-1642.1568627451
			3833.33333333333	-1644.60784313726
			3835.78431372549	-1644.60784313726
			3838.23529411765	-1644.60784313726
			3840.6862745098	-1644.60784313726
			3843.13725490196	-1644.60784313726
			3845.58823529412	-1644.60784313726
			3848.03921568627	-1644.60784313726
			3850.49019607843	-1644.60784313726
			3852.94117647059	-1644.60784313726
			3855.39215686275	-1644.60784313726
			3857.8431372549	-1644.60784313726
			3860.29411764706	-1644.60784313726
			3862.74509803922	-1644.60784313726
			3865.19607843137	-1644.60784313726
			3867.64705882353	-1644.60784313726
			3870.09803921569	-1647.05882352941
			3872.54901960784	-1647.05882352941
			3875	-1647.05882352941
			3877.45098039216	-1647.05882352941
			3879.90196078431	-1647.05882352941
			3882.35294117647	-1647.05882352941
			3884.80392156863	-1647.05882352941
			3887.25490196078	-1647.05882352941
			3889.70588235294	-1647.05882352941
			3892.1568627451	-1649.50980392157
			3894.60784313726	-1649.50980392157
			3897.05882352941	-1649.50980392157
			3899.50980392157	-1649.50980392157
			3901.96078431373	-1649.50980392157
			3904.41176470588	-1649.50980392157
			3906.86274509804	-1649.50980392157
			3909.3137254902	-1651.96078431373
			3911.76470588235	-1651.96078431373
			3914.21568627451	-1651.96078431373
			3916.66666666667	-1651.96078431373
			3919.11764705882	-1651.96078431373
			3921.56862745098	-1651.96078431373
			3924.01960784314	-1654.41176470588
			3926.47058823529	-1654.41176470588
			3928.92156862745	-1654.41176470588
			3931.37254901961	-1654.41176470588
			3933.82352941176	-1654.41176470588
			3936.27450980392	-1656.86274509804
			3938.72549019608	-1656.86274509804
			3941.17647058824	-1656.86274509804
			3943.62745098039	-1656.86274509804
			3946.07843137255	-1656.86274509804
			3948.52941176471	-1659.3137254902
			3950.98039215686	-1659.3137254902
			3953.43137254902	-1659.3137254902
			3955.88235294118	-1659.3137254902
			3958.33333333333	-1661.76470588235
			3960.78431372549	-1661.76470588235
			3963.23529411765	-1661.76470588235
			3965.6862745098	-1661.76470588235
			3968.13725490196	-1664.21568627451
			3970.58823529412	-1664.21568627451
			3973.03921568627	-1664.21568627451
			3975.49019607843	-1664.21568627451
			3977.94117647059	-1666.66666666667
			3980.39215686275	-1666.66666666667
			3982.8431372549	-1666.66666666667
			3985.29411764706	-1666.66666666667
			3987.74509803922	-1669.11764705882
			3990.19607843137	-1669.11764705882
			3992.64705882353	-1669.11764705882
			3995.09803921569	-1671.56862745098
			3997.54901960784	-1671.56862745098
			4000	-1671.56862745098
			4002.45098039216	-1671.56862745098
			4004.90196078431	-1674.01960784314
			4007.35294117647	-1674.01960784314
			4009.80392156863	-1674.01960784314
			4012.25490196078	-1676.47058823529
			4014.70588235294	-1676.47058823529
			4017.1568627451	-1676.47058823529
			4019.60784313726	-1678.92156862745
			4022.05882352941	-1678.92156862745
			4024.50980392157	-1678.92156862745
			4026.96078431373	-1681.37254901961
			4029.41176470588	-1681.37254901961
			4031.86274509804	-1681.37254901961
			4034.3137254902	-1683.82352941176
			4036.76470588235	-1683.82352941176
			4039.21568627451	-1683.82352941176
			4041.66666666667	-1686.27450980392
			4044.11764705882	-1686.27450980392
			4046.56862745098	-1688.72549019608
			4049.01960784314	-1688.72549019608
			4051.47058823529	-1688.72549019608
			4053.92156862745	-1691.17647058824
			4056.37254901961	-1691.17647058824
			4058.82352941176	-1691.17647058824
			4058.82352941176	-1693.62745098039
			4061.27450980392	-1693.62745098039
			4063.72549019608	-1696.07843137255
			4066.17647058824	-1696.07843137255
			4068.62745098039	-1696.07843137255
			4071.07843137255	-1698.52941176471
			4073.52941176471	-1698.52941176471
			4075.98039215686	-1700.98039215686
			4078.43137254902	-1700.98039215686
			4080.88235294118	-1703.43137254902
			4083.33333333333	-1703.43137254902
			4085.78431372549	-1703.43137254902
			4088.23529411765	-1705.88235294118
			4090.6862745098	-1705.88235294118
			4093.13725490196	-1708.33333333333
			4095.58823529412	-1708.33333333333
			4098.03921568627	-1710.78431372549
			4100.49019607843	-1710.78431372549
			4102.94117647059	-1713.23529411765
			4105.39215686275	-1713.23529411765
			4107.8431372549	-1713.23529411765
			4110.29411764706	-1715.6862745098
			4112.74509803922	-1715.6862745098
			4115.19607843137	-1718.13725490196
			4117.64705882353	-1720.58823529412
			4120.09803921569	-1720.58823529412
			4122.54901960784	-1723.03921568627
			4125	-1723.03921568627
			4127.45098039216	-1725.49019607843
			4129.90196078431	-1725.49019607843
			4132.35294117647	-1727.94117647059
			4134.80392156863	-1727.94117647059
			4137.25490196078	-1730.39215686275
			4139.70588235294	-1732.8431372549
			4142.1568627451	-1732.8431372549
			4144.60784313726	-1735.29411764706
			4147.05882352941	-1735.29411764706
			4149.50980392157	-1737.74509803922
			4151.96078431373	-1737.74509803922
			4154.41176470588	-1740.19607843137
			4156.86274509804	-1740.19607843137
			4159.3137254902	-1742.64705882353
			4161.76470588235	-1745.09803921569
			4164.21568627451	-1745.09803921569
			4166.66666666667	-1747.54901960784
			4169.11764705882	-1747.54901960784
			4171.56862745098	-1750
			4174.01960784314	-1750
			4176.47058823529	-1752.45098039216
			4178.92156862745	-1754.90196078431
			4181.37254901961	-1754.90196078431
			4183.82352941176	-1757.35294117647
			4186.27450980392	-1759.80392156863
			4188.72549019608	-1759.80392156863
			4191.17647058824	-1762.25490196078
			4193.62745098039	-1762.25490196078
			4196.07843137255	-1764.70588235294
			4196.07843137255	-1767.1568627451
			4198.52941176471	-1767.1568627451
			4200.98039215686	-1767.1568627451
			4200.98039215686	-1769.60784313726
			4203.43137254902	-1769.60784313726
			4205.88235294118	-1769.60784313726
			4205.88235294118	-1772.05882352941
			4208.33333333333	-1772.05882352941
			4210.78431372549	-1774.50980392157
			4213.23529411765	-1774.50980392157
			4215.6862745098	-1776.96078431373
			4218.13725490196	-1779.41176470588
			4220.58823529412	-1779.41176470588
			4223.03921568627	-1781.86274509804
			4225.49019607843	-1781.86274509804
			4227.94117647059	-1784.3137254902
			4230.39215686275	-1784.3137254902
			4232.8431372549	-1786.76470588235
			4235.29411764706	-1789.21568627451
			4237.74509803922	-1789.21568627451
			4240.19607843137	-1791.66666666667
			4242.64705882353	-1791.66666666667
			4245.09803921569	-1794.11764705882
			4247.54901960784	-1794.11764705882
			4250	-1796.56862745098
			4252.45098039216	-1796.56862745098
			4254.90196078431	-1799.01960784314
			4257.35294117647	-1799.01960784314
			4259.80392156863	-1801.47058823529
			4262.25490196078	-1803.92156862745
			4264.70588235294	-1803.92156862745
			4267.1568627451	-1806.37254901961
			4269.60784313726	-1806.37254901961
			4272.05882352941	-1808.82352941176
			4274.50980392157	-1808.82352941176
			4276.96078431373	-1811.27450980392
			4279.41176470588	-1811.27450980392
			4281.86274509804	-1813.72549019608
			4284.3137254902	-1816.17647058824
			4286.76470588235	-1816.17647058824
			4289.21568627451	-1816.17647058824
			4289.21568627451	-1818.62745098039
			4291.66666666667	-1818.62745098039
			4294.11764705882	-1821.07843137255
			4296.56862745098	-1821.07843137255
			4299.01960784314	-1823.52941176471
			4301.47058823529	-1823.52941176471
			4303.92156862745	-1825.98039215686
			4306.37254901961	-1825.98039215686
			4308.82352941176	-1828.43137254902
			4311.27450980392	-1830.88235294118
			4313.72549019608	-1830.88235294118
			4316.17647058824	-1833.33333333333
			4318.62745098039	-1833.33333333333
			4321.07843137255	-1835.78431372549
			4323.52941176471	-1835.78431372549
			4325.98039215686	-1838.23529411765
			4328.43137254902	-1838.23529411765
			4330.88235294118	-1840.6862745098
			4333.33333333333	-1840.6862745098
			4335.78431372549	-1843.13725490196
			4338.23529411765	-1843.13725490196
			4338.23529411765	-1845.58823529412
			4340.6862745098	-1845.58823529412
			4343.13725490196	-1848.03921568627
			4345.58823529412	-1848.03921568627
			4348.03921568627	-1850.49019607843
			4350.49019607843	-1850.49019607843
			4352.94117647059	-1852.94117647059
			4355.39215686275	-1852.94117647059
			4357.8431372549	-1855.39215686275
			4360.29411764706	-1855.39215686275
			4362.74509803922	-1857.8431372549
			4365.19607843137	-1857.8431372549
			4367.64705882353	-1860.29411764706
			4370.09803921569	-1860.29411764706
			4372.54901960784	-1862.74509803922
			4375	-1862.74509803922
			4377.45098039216	-1865.19607843137
			4379.90196078431	-1865.19607843137
			4382.35294117647	-1867.64705882353
			4384.80392156863	-1867.64705882353
			4384.80392156863	-1870.09803921569
			4387.25490196078	-1870.09803921569
			4389.70588235294	-1870.09803921569
			4392.1568627451	-1872.54901960784
			4394.60784313726	-1875
			4397.05882352941	-1875
			4399.50980392157	-1877.45098039216
			4401.96078431373	-1877.45098039216
			4404.41176470588	-1877.45098039216
			4406.86274509804	-1879.90196078431
			4409.3137254902	-1882.35294117647
			4411.76470588235	-1882.35294117647
			4414.21568627451	-1884.80392156863
			4416.66666666667	-1884.80392156863
			4419.11764705882	-1887.25490196078
			4421.56862745098	-1887.25490196078
			4424.01960784314	-1889.70588235294
			4426.47058823529	-1889.70588235294
			4428.92156862745	-1892.1568627451
			4431.37254901961	-1892.1568627451
			4433.82352941176	-1894.60784313726
			4436.27450980392	-1897.05882352941
			4438.72549019608	-1897.05882352941
			4441.17647058824	-1897.05882352941
			4443.62745098039	-1899.50980392157
			4446.07843137255	-1899.50980392157
			4448.52941176471	-1901.96078431373
			4450.98039215686	-1901.96078431373
			4453.43137254902	-1904.41176470588
			4455.88235294118	-1904.41176470588
			4458.33333333333	-1906.86274509804
			4460.78431372549	-1906.86274509804
			4463.23529411765	-1909.3137254902
			4465.6862745098	-1909.3137254902
			4468.13725490196	-1911.76470588235
			4470.58823529412	-1911.76470588235
			4473.03921568627	-1914.21568627451
			4475.49019607843	-1914.21568627451
			4477.94117647059	-1916.66666666667
			4480.39215686275	-1916.66666666667
			4482.8431372549	-1919.11764705882
			4485.29411764706	-1919.11764705882
			4487.74509803922	-1919.11764705882
			4487.74509803922	-1921.56862745098
			4490.19607843137	-1921.56862745098
			4492.64705882353	-1921.56862745098
			4492.64705882353	-1924.01960784314
			4495.09803921569	-1924.01960784314
			4497.54901960784	-1924.01960784314
			4497.54901960784	-1926.47058823529
			4500	-1926.47058823529
			4502.45098039216	-1926.47058823529
			4504.90196078431	-1928.92156862745
			4507.35294117647	-1928.92156862745
			4509.80392156863	-1931.37254901961
			4512.25490196078	-1931.37254901961
			4514.70588235294	-1933.82352941176
			4517.1568627451	-1933.82352941176
			4519.60784313726	-1936.27450980392
			4522.05882352941	-1936.27450980392
			4524.50980392157	-1938.72549019608
			4526.96078431373	-1938.72549019608
			4529.41176470588	-1941.17647058824
			4531.86274509804	-1941.17647058824
			4534.3137254902	-1943.62745098039
			4536.76470588235	-1943.62745098039
			4539.21568627451	-1943.62745098039
			4541.66666666667	-1946.07843137255
			4544.11764705882	-1946.07843137255
			4546.56862745098	-1948.52941176471
			4549.01960784314	-1948.52941176471
			4551.47058823529	-1950.98039215686
			4553.92156862745	-1950.98039215686
			4556.37254901961	-1950.98039215686
			4556.37254901961	-1953.43137254902
			4558.82352941176	-1953.43137254902
			4561.27450980392	-1955.88235294118
			4563.72549019608	-1955.88235294118
			4566.17647058824	-1955.88235294118
			4568.62745098039	-1958.33333333333
			4571.07843137255	-1958.33333333333
			4573.52941176471	-1960.78431372549
			4575.98039215686	-1960.78431372549
			4578.43137254902	-1960.78431372549
			4578.43137254902	-1963.23529411765
			4580.88235294118	-1963.23529411765
			4583.33333333333	-1963.23529411765
			4585.78431372549	-1965.6862745098
			4588.23529411765	-1965.6862745098
			4590.6862745098	-1968.13725490196
			4593.13725490196	-1968.13725490196
			4595.58823529412	-1970.58823529412
			4598.03921568627	-1970.58823529412
			4600.49019607843	-1973.03921568627
			4602.94117647059	-1973.03921568627
			4605.39215686275	-1973.03921568627
			4607.8431372549	-1975.49019607843
			4610.29411764706	-1975.49019607843
			4612.74509803922	-1977.94117647059
			4615.19607843137	-1980.39215686275
			4617.64705882353	-1980.39215686275
			4620.09803921569	-1982.8431372549
			4622.54901960784	-1982.8431372549
			4625	-1985.29411764706
			4627.45098039216	-1987.74509803922
			4629.90196078431	-1987.74509803922
			4632.35294117647	-1990.19607843137
			4634.80392156863	-1990.19607843137
			4637.25490196078	-1992.64705882353
			4639.70588235294	-1995.09803921569
			4642.1568627451	-1997.54901960784
			4644.60784313726	-1997.54901960784
			4647.05882352941	-2000
			4649.50980392157	-2000
			4649.50980392157	-2002.45098039216
			4651.96078431373	-2004.90196078431
			4654.41176470588	-2004.90196078431
			4656.86274509804	-2007.35294117647
			4659.3137254902	-2007.35294117647
			4661.76470588235	-2009.80392156863
			4664.21568627451	-2012.25490196078
			4666.66666666667	-2014.70588235294
			4669.11764705882	-2017.1568627451
			4671.56862745098	-2017.1568627451
			4674.01960784314	-2019.60784313726
			4676.47058823529	-2022.05882352941
			4678.92156862745	-2022.05882352941
			4681.37254901961	-2024.50980392157
			4683.82352941176	-2026.96078431373
			4686.27450980392	-2029.41176470588
			4688.72549019608	-2029.41176470588
			4691.17647058824	-2031.86274509804
			4693.62745098039	-2034.3137254902
			4696.07843137255	-2036.76470588235
			4698.52941176471	-2039.21568627451
			4700.98039215686	-2039.21568627451
			4700.98039215686	-2041.66666666667
			4703.43137254902	-2044.11764705882
			4705.88235294118	-2046.56862745098
			4708.33333333333	-2046.56862745098
			4710.78431372549	-2049.01960784314
			4713.23529411765	-2051.47058823529
			4715.6862745098	-2053.92156862745
			4718.13725490196	-2053.92156862745
			4720.58823529412	-2056.37254901961
			4723.03921568627	-2058.82352941176
			4723.03921568627	-2061.27450980392
			4725.49019607843	-2063.72549019608
			4727.94117647059	-2063.72549019608
			4730.39215686275	-2066.17647058824
			4732.8431372549	-2068.62745098039
			4735.29411764706	-2071.07843137255
			4737.74509803922	-2073.52941176471
			4740.19607843137	-2075.98039215686
			4742.64705882353	-2078.43137254902
			4745.09803921569	-2080.88235294118
			4747.54901960784	-2083.33333333333
			4750	-2085.78431372549
			4752.45098039216	-2088.23529411765
			4754.90196078431	-2090.6862745098
			4757.35294117647	-2093.13725490196
			4759.80392156863	-2095.58823529412
			4762.25490196078	-2098.03921568627
			4764.70588235294	-2100.49019607843
			4767.1568627451	-2102.94117647059
			4769.60784313726	-2105.39215686275
			4769.60784313726	-2107.8431372549
			4772.05882352941	-2110.29411764706
			4774.50980392157	-2112.74509803922
			4776.96078431373	-2115.19607843137
			4779.41176470588	-2117.64705882353
			4781.86274509804	-2120.09803921569
			4784.3137254902	-2122.54901960784
			4786.76470588235	-2125
			4786.76470588235	-2127.45098039216
			4789.21568627451	-2129.90196078431
			4791.66666666667	-2132.35294117647
			4794.11764705882	-2134.80392156863
			4796.56862745098	-2137.25490196078
			4799.01960784314	-2139.70588235294
			4799.01960784314	-2142.1568627451
			4801.47058823529	-2144.60784313726
			4803.92156862745	-2147.05882352941
			4806.37254901961	-2149.50980392157
			4806.37254901961	-2151.96078431373
			4808.82352941176	-2154.41176470588
			4808.82352941176	-2156.86274509804
			4811.27450980392	-2156.86274509804
			4811.27450980392	-2159.3137254902
			4813.72549019608	-2161.76470588235
			4816.17647058824	-2164.21568627451
			4818.62745098039	-2166.66666666667
			4818.62745098039	-2169.11764705882
			4821.07843137255	-2171.56862745098
			4821.07843137255	-2174.01960784314
			4823.52941176471	-2174.01960784314
			4823.52941176471	-2176.47058823529
			4825.98039215686	-2178.92156862745
			4825.98039215686	-2181.37254901961
			4828.43137254902	-2181.37254901961
			4828.43137254902	-2183.82352941176
			4830.88235294118	-2186.27450980392
			4830.88235294118	-2188.72549019608
			4833.33333333333	-2191.17647058824
			4833.33333333333	-2193.62745098039
			4835.78431372549	-2196.07843137255
			4838.23529411765	-2198.52941176471
			4838.23529411765	-2200.98039215686
			4840.6862745098	-2203.43137254902
			4840.6862745098	-2205.88235294118
			4843.13725490196	-2208.33333333333
			4843.13725490196	-2210.78431372549
			4845.58823529412	-2213.23529411765
			4845.58823529412	-2215.6862745098
			4848.03921568627	-2218.13725490196
		</C1>
		<C2 type=matrix rownames=FALSE colnames=FALSE nrow=211 ncol=2 as.numeric=TRUE >
			4014.70588235294	-3051.47058823529
			4014.70588235294	-3053.92156862745
			4017.1568627451	-3056.37254901961
			4017.1568627451	-3058.82352941176
			4017.1568627451	-3061.27450980392
			4019.60784313726	-3063.72549019608
			4019.60784313726	-3066.17647058824
			4019.60784313726	-3068.62745098039
			4022.05882352941	-3071.07843137255
			4022.05882352941	-3073.52941176471
			4022.05882352941	-3075.98039215686
			4022.05882352941	-3078.43137254902
			4024.50980392157	-3080.88235294118
			4024.50980392157	-3083.33333333333
			4024.50980392157	-3085.78431372549
			4024.50980392157	-3088.23529411765
			4024.50980392157	-3090.6862745098
			4026.96078431373	-3093.13725490196
			4026.96078431373	-3095.58823529412
			4026.96078431373	-3098.03921568627
			4026.96078431373	-3100.49019607843
			4026.96078431373	-3102.94117647059
			4026.96078431373	-3105.39215686275
			4026.96078431373	-3107.8431372549
			4029.41176470588	-3110.29411764706
			4029.41176470588	-3112.74509803922
			4029.41176470588	-3115.19607843137
			4029.41176470588	-3117.64705882353
			4029.41176470588	-3120.09803921569
			4029.41176470588	-3122.54901960784
			4029.41176470588	-3125
			4029.41176470588	-3127.45098039216
			4029.41176470588	-3129.90196078431
			4029.41176470588	-3132.35294117647
			4026.96078431373	-3134.80392156863
			4026.96078431373	-3137.25490196078
			4026.96078431373	-3139.70588235294
			4026.96078431373	-3142.1568627451
			4026.96078431373	-3144.60784313726
			4024.50980392157	-3147.05882352941
			4024.50980392157	-3149.50980392157
			4024.50980392157	-3151.96078431373
			4024.50980392157	-3154.41176470588
			4022.05882352941	-3156.86274509804
			4022.05882352941	-3159.3137254902
			4019.60784313726	-3161.76470588235
			4019.60784313726	-3164.21568627451
			4019.60784313726	-3166.66666666667
			4017.1568627451	-3169.11764705882
			4014.70588235294	-3171.56862745098
			4012.25490196078	-3174.01960784314
			4012.25490196078	-3176.47058823529
			4009.80392156863	-3178.92156862745
			4007.35294117647	-3181.37254901961
			4004.90196078431	-3183.82352941176
			4002.45098039216	-3186.27450980392
			4000	-3188.72549019608
			3997.54901960784	-3191.17647058824
			3995.09803921569	-3191.17647058824
			3992.64705882353	-3193.62745098039
			3990.19607843137	-3196.07843137255
			3987.74509803922	-3196.07843137255
			3985.29411764706	-3198.52941176471
			3982.8431372549	-3198.52941176471
			3980.39215686275	-3200.98039215686
			3977.94117647059	-3200.98039215686
			3975.49019607843	-3203.43137254902
			3973.03921568627	-3203.43137254902
			3970.58823529412	-3203.43137254902
			3968.13725490196	-3205.88235294118
			3965.6862745098	-3205.88235294118
			3963.23529411765	-3205.88235294118
			3960.78431372549	-3208.33333333333
			3958.33333333333	-3208.33333333333
			3955.88235294118	-3208.33333333333
			3953.43137254902	-3208.33333333333
			3950.98039215686	-3208.33333333333
			3948.52941176471	-3210.78431372549
			3946.07843137255	-3210.78431372549
			3943.62745098039	-3210.78431372549
			3941.17647058824	-3210.78431372549
			3938.72549019608	-3210.78431372549
			3936.27450980392	-3213.23529411765
			3933.82352941176	-3213.23529411765
			3931.37254901961	-3213.23529411765
			3928.92156862745	-3213.23529411765
			3926.47058823529	-3213.23529411765
			3924.01960784314	-3210.78431372549
			3921.56862745098	-3210.78431372549
			3919.11764705882	-3210.78431372549
			3916.66666666667	-3210.78431372549
			3914.21568627451	-3208.33333333333
			3911.76470588235	-3208.33333333333
			3909.3137254902	-3205.88235294118
			3906.86274509804	-3205.88235294118
			3904.41176470588	-3205.88235294118
			3901.96078431373	-3205.88235294118
			3901.96078431373	-3203.43137254902
			3899.50980392157	-3203.43137254902
			3897.05882352941	-3203.43137254902
			3894.60784313726	-3200.98039215686
			3892.1568627451	-3198.52941176471
			3889.70588235294	-3198.52941176471
			3887.25490196078	-3196.07843137255
			3884.80392156863	-3196.07843137255
			3882.35294117647	-3193.62745098039
			3879.90196078431	-3193.62745098039
			3879.90196078431	-3191.17647058824
			3877.45098039216	-3191.17647058824
			3875	-3188.72549019608
			3872.54901960784	-3188.72549019608
			3872.54901960784	-3186.27450980392
			3870.09803921569	-3186.27450980392
			3867.64705882353	-3183.82352941176
			3865.19607843137	-3181.37254901961
			3862.74509803922	-3178.92156862745
			3860.29411764706	-3176.47058823529
			3857.8431372549	-3174.01960784314
			3855.39215686275	-3171.56862745098
			3852.94117647059	-3169.11764705882
			3852.94117647059	-3166.66666666667
			3850.49019607843	-3166.66666666667
			3848.03921568627	-3164.21568627451
			3848.03921568627	-3161.76470588235
			3845.58823529412	-3159.3137254902
			3845.58823529412	-3156.86274509804
			3843.13725490196	-3154.41176470588
			3840.6862745098	-3151.96078431373
			3840.6862745098	-3149.50980392157
			3838.23529411765	-3147.05882352941
			3838.23529411765	-3144.60784313726
			3835.78431372549	-3142.1568627451
			3835.78431372549	-3139.70588235294
			3835.78431372549	-3137.25490196078
			3833.33333333333	-3134.80392156863
			3833.33333333333	-3132.35294117647
			3833.33333333333	-3129.90196078431
			3830.88235294118	-3127.45098039216
			3830.88235294118	-3125
			3830.88235294118	-3122.54901960784
			3828.43137254902	-3120.09803921569
			3828.43137254902	-3117.64705882353
			3828.43137254902	-3115.19607843137
			3828.43137254902	-3112.74509803922
			3825.98039215686	-3110.29411764706
			3825.98039215686	-3107.8431372549
			3825.98039215686	-3105.39215686275
			3825.98039215686	-3102.94117647059
			3825.98039215686	-3100.49019607843
			3825.98039215686	-3098.03921568627
			3825.98039215686	-3095.58823529412
			3825.98039215686	-3093.13725490196
			3823.52941176471	-3090.6862745098
			3823.52941176471	-3088.23529411765
			3823.52941176471	-3085.78431372549
			3823.52941176471	-3083.33333333333
			3823.52941176471	-3080.88235294118
			3823.52941176471	-3078.43137254902
			3823.52941176471	-3075.98039215686
			3823.52941176471	-3073.52941176471
			3823.52941176471	-3071.07843137255
			3823.52941176471	-3068.62745098039
			3823.52941176471	-3066.17647058824
			3823.52941176471	-3063.72549019608
			3825.98039215686	-3061.27450980392
			3825.98039215686	-3058.82352941176
			3825.98039215686	-3056.37254901961
			3825.98039215686	-3053.92156862745
			3825.98039215686	-3051.47058823529
			3825.98039215686	-3049.01960784314
			3825.98039215686	-3046.56862745098
			3825.98039215686	-3044.11764705882
			3825.98039215686	-3041.66666666667
			3825.98039215686	-3039.21568627451
			3828.43137254902	-3036.76470588235
			3828.43137254902	-3034.3137254902
			3828.43137254902	-3031.86274509804
			3828.43137254902	-3029.41176470588
			3828.43137254902	-3026.96078431373
			3828.43137254902	-3024.50980392157
			3830.88235294118	-3022.05882352941
			3830.88235294118	-3019.60784313726
			3830.88235294118	-3017.1568627451
			3830.88235294118	-3014.70588235294
			3830.88235294118	-3012.25490196078
			3833.33333333333	-3009.80392156863
			3833.33333333333	-3007.35294117647
			3833.33333333333	-3004.90196078431
			3833.33333333333	-3002.45098039216
			3833.33333333333	-3000
			3835.78431372549	-3000
			3835.78431372549	-2997.54901960784
			3835.78431372549	-2995.09803921569
			3835.78431372549	-2992.64705882353
			3838.23529411765	-2990.19607843137
			3838.23529411765	-2987.74509803922
			3838.23529411765	-2985.29411764706
			3838.23529411765	-2982.8431372549
			3838.23529411765	-2980.39215686275
			3840.6862745098	-2980.39215686275
			3840.6862745098	-2977.94117647059
			3840.6862745098	-2975.49019607843
			3840.6862745098	-2973.03921568627
			3843.13725490196	-2970.58823529412
			3843.13725490196	-2968.13725490196
			3843.13725490196	-2965.6862745098
			3845.58823529412	-2963.23529411765
			3845.58823529412	-2960.78431372549
			3845.58823529412	-2958.33333333333
			3848.03921568627	-2955.88235294118
			3848.03921568627	-2953.43137254902
		</C2>
	</curves.scaled>
	<ruler.points type=matrix rownames=TRUE colnames=FALSE nrow=2 ncol=2 as.numeric=TRUE >
		Ruler point 1	3	1877
		Ruler point 2	105	1877
	</ruler.points>
</shapes>

