<shapes type=list>
	<ruler.pixel type=vector names=FALSE length=1 as.numeric=TRUE >102</ruler.pixel>
	<ruler.interval type=vector names=FALSE length=1 as.numeric=TRUE >250</ruler.interval>
	<scaling.units type=vector names=FALSE length=1 as.numeric=FALSE >nm</scaling.units>
	<scaling type=vector names=FALSE length=1 as.numeric=TRUE >2.45098039215686</scaling>
	<landmarks.pixel type=matrix rownames=TRUE colnames=FALSE nrow=4 ncol=2 as.numeric=TRUE >
		1-TopL	1507	596
		2-TopR	2382	812
		3-BotR	1927	1292
		4-BotL	1823	1255
	</landmarks.pixel>
	<landmarks.scaled type=matrix rownames=TRUE colnames=FALSE nrow=4 ncol=2 as.numeric=TRUE >
		1-TopL	3693.62745098039	-1460.78431372549
		2-TopR	5838.23529411765	-1990.19607843137
		3-BotR	4723.03921568627	-3166.66666666667
		4-BotL	4468.13725490196	-3075.98039215686
	</landmarks.scaled>
	<curves.control type=list>
		<C1 type=matrix rownames=FALSE colnames=FALSE nrow=7 ncol=2 as.numeric=TRUE >
			1507	596
			1715	463
			1935	526
			2108	615
			2231	685
			2331	728
			2382	812
		</C1>
		<C2 type=matrix rownames=FALSE colnames=FALSE nrow=7 ncol=2 as.numeric=TRUE >
			1927	1292
			1954	1344
			1899	1339
			1889	1373
			1827	1362
			1780	1341
			1823	1255
		</C2>
	</curves.control>
	<curves.pixel type=list>
		<C1 type=matrix rownames=FALSE colnames=FALSE nrow=934 ncol=2 as.numeric=TRUE >
			1507	596
			1508	595
			1509	595
			1510	594
			1511	594
			1511	593
			1512	593
			1513	592
			1514	592
			1514	591
			1515	591
			1516	590
			1517	590
			1517	589
			1518	589
			1519	589
			1520	588
			1521	587
			1522	587
			1523	586
			1524	585
			1525	585
			1526	584
			1527	584
			1528	583
			1529	583
			1529	582
			1530	582
			1531	581
			1532	581
			1533	580
			1534	580
			1535	579
			1536	579
			1537	578
			1538	577
			1539	577
			1540	576
			1541	575
			1542	575
			1543	574
			1544	574
			1545	573
			1546	573
			1547	572
			1548	572
			1549	571
			1550	571
			1550	570
			1551	570
			1552	570
			1553	569
			1554	569
			1554	568
			1555	568
			1556	568
			1557	567
			1558	567
			1558	566
			1559	566
			1560	565
			1561	565
			1562	565
			1562	564
			1563	564
			1564	563
			1565	563
			1566	562
			1567	562
			1568	561
			1569	561
			1570	560
			1571	560
			1572	559
			1573	559
			1574	558
			1575	558
			1576	558
			1577	557
			1578	557
			1579	556
			1580	556
			1581	555
			1582	555
			1583	554
			1584	553
			1585	553
			1586	553
			1587	552
			1588	552
			1589	551
			1590	551
			1591	550
			1592	550
			1593	549
			1594	549
			1595	549
			1596	548
			1597	548
			1598	547
			1599	547
			1600	546
			1601	546
			1602	546
			1603	545
			1604	545
			1605	544
			1606	544
			1607	544
			1608	543
			1609	543
			1610	542
			1611	542
			1612	542
			1613	541
			1614	541
			1615	540
			1616	540
			1617	540
			1618	539
			1619	539
			1620	538
			1621	538
			1622	538
			1623	537
			1624	537
			1625	537
			1626	536
			1627	536
			1628	536
			1629	535
			1630	535
			1631	534
			1632	534
			1633	534
			1634	533
			1635	533
			1636	533
			1637	532
			1638	532
			1639	532
			1640	531
			1641	531
			1642	531
			1643	530
			1644	530
			1645	530
			1646	529
			1647	529
			1648	529
			1649	528
			1650	528
			1651	528
			1652	528
			1653	527
			1654	527
			1655	527
			1656	526
			1657	526
			1658	526
			1659	525
			1660	525
			1661	525
			1662	525
			1663	524
			1664	524
			1665	524
			1666	523
			1667	523
			1668	523
			1669	523
			1670	522
			1671	522
			1672	522
			1673	522
			1674	521
			1675	521
			1676	521
			1677	520
			1678	520
			1679	520
			1680	520
			1681	519
			1682	519
			1683	519
			1684	519
			1685	519
			1686	518
			1687	518
			1688	518
			1689	518
			1690	517
			1691	517
			1692	517
			1693	517
			1694	516
			1695	516
			1696	516
			1697	516
			1698	516
			1699	515
			1700	515
			1701	515
			1702	515
			1703	515
			1704	514
			1705	514
			1706	514
			1707	514
			1708	514
			1709	513
			1710	513
			1711	513
			1712	513
			1713	513
			1714	513
			1715	512
			1716	512
			1717	512
			1718	512
			1719	512
			1720	512
			1721	511
			1722	511
			1723	511
			1724	511
			1725	511
			1726	511
			1727	511
			1728	510
			1729	510
			1730	510
			1731	510
			1732	510
			1733	510
			1734	510
			1735	509
			1736	509
			1737	509
			1738	509
			1739	509
			1740	509
			1741	509
			1742	509
			1743	509
			1744	508
			1745	508
			1746	508
			1747	508
			1748	508
			1749	508
			1750	508
			1751	508
			1752	508
			1753	508
			1754	508
			1755	507
			1756	507
			1757	507
			1758	507
			1759	507
			1760	507
			1761	507
			1762	507
			1763	507
			1764	507
			1765	507
			1766	507
			1767	507
			1768	507
			1768	506
			1769	506
			1770	506
			1771	506
			1772	506
			1773	506
			1774	506
			1775	506
			1776	506
			1777	506
			1778	506
			1779	506
			1780	506
			1781	506
			1782	506
			1783	506
			1784	506
			1785	506
			1786	506
			1787	506
			1788	506
			1789	506
			1790	506
			1791	506
			1792	506
			1793	506
			1794	506
			1795	506
			1796	506
			1797	506
			1798	506
			1799	506
			1800	506
			1801	506
			1802	506
			1803	506
			1804	506
			1805	506
			1806	506
			1807	506
			1808	506
			1809	506
			1810	506
			1811	506
			1812	506
			1813	506
			1814	506
			1815	506
			1816	506
			1817	506
			1818	506
			1819	506
			1820	506
			1821	506
			1822	507
			1823	507
			1824	507
			1825	507
			1826	507
			1827	507
			1828	507
			1829	507
			1830	507
			1831	507
			1832	507
			1833	507
			1834	507
			1835	507
			1836	507
			1837	508
			1838	508
			1839	508
			1840	508
			1841	508
			1842	508
			1843	508
			1844	508
			1845	508
			1846	509
			1847	509
			1848	509
			1849	509
			1850	509
			1851	509
			1852	509
			1853	509
			1854	509
			1855	509
			1856	510
			1857	510
			1858	510
			1859	510
			1860	510
			1861	510
			1862	511
			1863	511
			1864	511
			1865	511
			1866	511
			1867	511
			1868	511
			1869	512
			1870	512
			1871	512
			1872	512
			1873	512
			1874	512
			1875	512
			1876	513
			1877	513
			1878	513
			1879	513
			1880	513
			1881	514
			1882	514
			1883	514
			1884	514
			1885	514
			1886	514
			1887	515
			1888	515
			1889	515
			1890	515
			1891	515
			1892	516
			1893	516
			1894	516
			1895	516
			1896	516
			1897	516
			1897	517
			1898	517
			1899	517
			1900	517
			1901	517
			1902	518
			1903	518
			1904	518
			1905	518
			1906	518
			1907	519
			1908	519
			1909	519
			1910	520
			1911	520
			1912	520
			1913	520
			1914	521
			1915	521
			1916	521
			1917	521
			1918	521
			1918	522
			1919	522
			1920	522
			1921	522
			1922	522
			1922	523
			1923	523
			1924	523
			1925	523
			1926	523
			1926	524
			1927	524
			1928	524
			1929	524
			1930	524
			1930	525
			1931	525
			1932	525
			1933	525
			1934	526
			1935	526
			1936	527
			1937	527
			1938	528
			1939	528
			1940	529
			1941	529
			1942	530
			1943	530
			1944	531
			1945	531
			1946	531
			1947	532
			1948	533
			1949	533
			1950	534
			1951	534
			1952	535
			1953	535
			1954	536
			1955	536
			1956	537
			1957	537
			1957	538
			1958	538
			1959	538
			1960	539
			1961	540
			1962	540
			1963	541
			1964	541
			1965	541
			1966	542
			1967	542
			1968	543
			1969	543
			1970	544
			1971	545
			1972	545
			1973	546
			1974	546
			1975	547
			1976	547
			1977	548
			1978	548
			1979	549
			1980	549
			1981	550
			1982	550
			1983	551
			1984	551
			1985	552
			1986	552
			1987	553
			1988	553
			1989	554
			1990	555
			1991	555
			1992	555
			1992	556
			1993	556
			1994	556
			1994	557
			1995	557
			1996	557
			1996	558
			1997	558
			1998	559
			1999	559
			2000	560
			2001	560
			2002	561
			2003	561
			2004	562
			2005	562
			2006	563
			2007	563
			2008	564
			2009	564
			2010	565
			2011	565
			2012	566
			2013	566
			2014	567
			2015	567
			2016	568
			2017	568
			2017	569
			2018	569
			2019	570
			2020	570
			2021	571
			2022	571
			2023	572
			2024	572
			2025	573
			2026	573
			2027	574
			2028	574
			2029	575
			2030	575
			2031	576
			2032	577
			2033	577
			2034	578
			2035	578
			2036	579
			2037	579
			2038	580
			2039	580
			2040	581
			2041	581
			2042	582
			2043	582
			2044	583
			2045	583
			2046	584
			2047	584
			2048	585
			2049	585
			2050	586
			2051	586
			2052	587
			2053	587
			2054	588
			2055	588
			2055	589
			2056	589
			2057	590
			2058	590
			2059	591
			2060	591
			2061	592
			2062	592
			2063	593
			2064	593
			2065	594
			2066	594
			2067	595
			2068	595
			2068	596
			2069	596
			2070	597
			2071	597
			2072	598
			2073	598
			2074	599
			2075	599
			2076	600
			2077	600
			2078	601
			2079	601
			2080	602
			2081	603
			2082	603
			2083	604
			2084	604
			2085	605
			2086	605
			2087	606
			2088	606
			2089	607
			2090	607
			2091	608
			2092	608
			2093	609
			2094	609
			2095	610
			2096	610
			2097	611
			2098	611
			2099	612
			2100	613
			2101	613
			2102	614
			2103	614
			2103	615
			2104	615
			2105	615
			2105	616
			2106	616
			2107	616
			2107	617
			2108	617
			2109	617
			2109	618
			2110	618
			2111	618
			2111	619
			2112	619
			2113	620
			2114	620
			2115	621
			2116	621
			2117	622
			2118	622
			2118	623
			2119	623
			2120	623
			2121	624
			2122	624
			2122	625
			2123	625
			2124	626
			2125	626
			2126	627
			2127	627
			2128	628
			2129	628
			2130	629
			2131	629
			2132	630
			2133	630
			2134	631
			2135	631
			2136	632
			2137	633
			2138	633
			2139	634
			2140	634
			2140	635
			2141	635
			2142	635
			2142	636
			2143	636
			2144	636
			2144	637
			2145	637
			2146	637
			2146	638
			2147	638
			2148	639
			2149	639
			2150	640
			2151	640
			2152	641
			2153	641
			2153	642
			2154	642
			2155	643
			2156	643
			2157	644
			2158	644
			2159	645
			2160	645
			2161	646
			2162	646
			2163	647
			2164	647
			2165	648
			2166	648
			2166	649
			2167	649
			2168	650
			2169	650
			2170	651
			2171	651
			2172	652
			2173	652
			2174	653
			2175	653
			2176	654
			2177	655
			2178	655
			2179	656
			2180	656
			2180	657
			2181	657
			2182	657
			2182	658
			2183	658
			2184	658
			2184	659
			2185	659
			2186	659
			2186	660
			2187	660
			2188	661
			2189	662
			2190	662
			2191	662
			2192	663
			2193	664
			2194	664
			2195	665
			2196	665
			2197	666
			2198	666
			2199	667
			2200	667
			2200	668
			2201	668
			2202	669
			2203	669
			2204	670
			2205	670
			2206	671
			2207	671
			2208	672
			2209	672
			2209	673
			2210	673
			2211	674
			2212	674
			2213	675
			2214	675
			2215	676
			2216	676
			2217	677
			2218	678
			2219	678
			2220	679
			2221	680
			2222	680
			2223	680
			2223	681
			2224	681
			2225	681
			2225	682
			2226	682
			2227	683
			2228	684
			2229	684
			2230	684
			2231	685
			2232	685
			2233	686
			2234	686
			2235	687
			2236	687
			2237	688
			2238	688
			2239	689
			2240	689
			2241	690
			2242	690
			2243	690
			2244	691
			2245	691
			2246	692
			2247	692
			2248	693
			2249	693
			2250	694
			2251	694
			2252	695
			2253	695
			2254	696
			2255	696
			2256	697
			2257	697
			2258	698
			2259	698
			2260	699
			2261	699
			2262	700
			2263	700
			2264	701
			2265	702
			2266	702
			2267	703
			2268	703
			2269	704
			2270	704
			2271	705
			2272	705
			2272	706
			2273	706
			2274	707
			2275	707
			2276	708
			2277	709
			2278	709
			2279	710
			2280	710
			2281	711
			2282	711
			2283	712
			2284	713
			2285	714
			2286	714
			2287	715
			2288	715
			2289	716
			2290	717
			2291	717
			2292	718
			2293	719
			2294	719
			2295	720
			2296	721
			2297	721
			2298	722
			2298	723
			2299	723
			2300	724
			2301	724
			2302	725
			2303	726
			2304	726
			2305	727
			2305	728
			2306	728
			2307	729
			2308	730
			2309	730
			2310	731
			2311	732
			2312	733
			2313	734
			2314	735
			2315	735
			2316	736
			2317	737
			2318	738
			2319	739
			2320	740
			2321	740
			2322	741
			2323	742
			2324	743
			2325	744
			2326	745
			2327	745
			2328	746
			2329	747
			2330	748
			2331	749
			2332	750
			2333	751
			2334	752
			2335	753
			2336	754
			2337	755
			2338	756
			2339	757
			2340	758
			2341	759
			2342	760
			2343	761
			2344	762
			2345	763
			2346	764
			2347	765
			2348	766
			2348	767
			2349	768
			2350	769
			2351	770
			2352	771
			2353	772
			2354	773
			2354	774
			2355	775
			2356	776
			2357	777
			2358	778
			2359	779
			2359	780
			2360	781
			2361	782
			2362	783
			2363	784
			2364	785
			2364	786
			2365	787
			2366	788
			2367	789
			2367	790
			2368	791
			2369	792
			2370	793
			2370	794
			2371	795
			2372	796
			2372	797
			2373	798
			2374	799
			2374	800
			2375	800
			2375	801
			2376	802
			2376	803
			2377	804
			2378	805
			2378	806
			2379	807
			2380	808
			2380	809
			2381	810
			2381	811
			2382	812
		</C1>
		<C2 type=matrix rownames=FALSE colnames=FALSE nrow=272 ncol=2 as.numeric=TRUE >
			1927	1292
			1928	1293
			1928	1294
			1929	1295
			1929	1296
			1930	1297
			1930	1298
			1931	1299
			1931	1300
			1931	1301
			1932	1302
			1932	1303
			1933	1304
			1933	1305
			1933	1306
			1934	1307
			1934	1308
			1934	1309
			1934	1310
			1935	1311
			1935	1312
			1935	1313
			1935	1314
			1936	1315
			1936	1316
			1936	1317
			1936	1318
			1936	1319
			1936	1320
			1936	1321
			1936	1322
			1936	1323
			1936	1324
			1935	1325
			1935	1326
			1935	1327
			1935	1328
			1934	1328
			1934	1329
			1933	1330
			1933	1331
			1932	1332
			1931	1333
			1930	1334
			1929	1334
			1928	1335
			1927	1336
			1926	1336
			1925	1337
			1924	1337
			1923	1337
			1922	1338
			1921	1338
			1920	1338
			1919	1339
			1918	1339
			1917	1339
			1916	1339
			1915	1339
			1914	1339
			1913	1339
			1912	1339
			1911	1339
			1910	1339
			1909	1339
			1908	1339
			1907	1339
			1906	1339
			1905	1339
			1904	1339
			1903	1339
			1902	1339
			1901	1339
			1900	1339
			1899	1339
			1899	1340
			1898	1341
			1898	1342
			1897	1343
			1897	1344
			1897	1345
			1896	1346
			1896	1347
			1895	1348
			1894	1349
			1893	1350
			1893	1351
			1892	1351
			1892	1352
			1891	1353
			1890	1354
			1889	1355
			1888	1356
			1887	1357
			1886	1357
			1885	1358
			1884	1358
			1883	1359
			1882	1359
			1881	1360
			1880	1360
			1879	1361
			1878	1361
			1877	1361
			1876	1362
			1875	1362
			1874	1362
			1873	1363
			1872	1363
			1871	1363
			1870	1363
			1869	1363
			1868	1364
			1867	1364
			1866	1364
			1865	1364
			1864	1364
			1863	1364
			1862	1364
			1861	1364
			1860	1365
			1859	1365
			1858	1365
			1857	1365
			1856	1365
			1855	1365
			1854	1365
			1853	1365
			1852	1365
			1851	1365
			1850	1365
			1849	1365
			1848	1365
			1847	1364
			1846	1364
			1845	1364
			1844	1364
			1843	1364
			1842	1364
			1841	1364
			1840	1364
			1839	1364
			1838	1364
			1837	1364
			1836	1363
			1835	1363
			1834	1363
			1833	1363
			1832	1363
			1831	1363
			1830	1363
			1829	1362
			1828	1362
			1827	1362
			1826	1362
			1826	1361
			1825	1361
			1824	1361
			1824	1360
			1823	1360
			1822	1359
			1821	1359
			1820	1358
			1819	1357
			1818	1357
			1817	1356
			1816	1355
			1815	1354
			1814	1353
			1813	1352
			1812	1351
			1811	1350
			1810	1349
			1810	1348
			1809	1347
			1809	1346
			1808	1346
			1808	1345
			1807	1344
			1807	1343
			1806	1342
			1806	1341
			1806	1340
			1805	1340
			1805	1339
			1805	1338
			1804	1337
			1804	1336
			1804	1335
			1804	1334
			1803	1333
			1803	1332
			1803	1331
			1803	1330
			1803	1329
			1803	1328
			1803	1327
			1803	1326
			1803	1325
			1802	1324
			1802	1323
			1802	1322
			1802	1321
			1803	1320
			1803	1319
			1803	1318
			1803	1317
			1803	1316
			1803	1315
			1803	1314
			1803	1313
			1803	1312
			1803	1311
			1803	1310
			1804	1310
			1804	1309
			1804	1308
			1804	1307
			1804	1306
			1804	1305
			1805	1304
			1805	1303
			1805	1302
			1805	1301
			1806	1300
			1806	1299
			1806	1298
			1806	1297
			1807	1296
			1807	1295
			1807	1294
			1807	1293
			1808	1292
			1808	1291
			1808	1290
			1809	1289
			1809	1288
			1809	1287
			1810	1286
			1810	1285
			1810	1284
			1811	1283
			1811	1282
			1812	1281
			1812	1280
			1812	1279
			1813	1278
			1813	1277
			1813	1276
			1814	1276
			1814	1275
			1814	1274
			1815	1273
			1815	1272
			1816	1271
			1816	1270
			1816	1269
			1817	1269
			1817	1268
			1817	1267
			1818	1266
			1818	1265
			1819	1264
			1819	1263
			1820	1262
			1820	1261
			1821	1260
			1821	1259
			1822	1258
			1822	1257
			1823	1256
			1823	1255
		</C2>
	</curves.pixel>
	<curves.scaled type=list>
		<C1 type=matrix rownames=FALSE colnames=FALSE nrow=934 ncol=2 as.numeric=TRUE >
			3693.62745098039	-1460.78431372549
			3696.07843137255	-1458.33333333333
			3698.52941176471	-1458.33333333333
			3700.98039215686	-1455.88235294118
			3703.43137254902	-1455.88235294118
			3703.43137254902	-1453.43137254902
			3705.88235294118	-1453.43137254902
			3708.33333333333	-1450.98039215686
			3710.78431372549	-1450.98039215686
			3710.78431372549	-1448.52941176471
			3713.23529411765	-1448.52941176471
			3715.6862745098	-1446.07843137255
			3718.13725490196	-1446.07843137255
			3718.13725490196	-1443.62745098039
			3720.58823529412	-1443.62745098039
			3723.03921568627	-1443.62745098039
			3725.49019607843	-1441.17647058824
			3727.94117647059	-1438.72549019608
			3730.39215686275	-1438.72549019608
			3732.8431372549	-1436.27450980392
			3735.29411764706	-1433.82352941176
			3737.74509803922	-1433.82352941176
			3740.19607843137	-1431.37254901961
			3742.64705882353	-1431.37254901961
			3745.09803921569	-1428.92156862745
			3747.54901960784	-1428.92156862745
			3747.54901960784	-1426.47058823529
			3750	-1426.47058823529
			3752.45098039216	-1424.01960784314
			3754.90196078431	-1424.01960784314
			3757.35294117647	-1421.56862745098
			3759.80392156863	-1421.56862745098
			3762.25490196078	-1419.11764705882
			3764.70588235294	-1419.11764705882
			3767.1568627451	-1416.66666666667
			3769.60784313726	-1414.21568627451
			3772.05882352941	-1414.21568627451
			3774.50980392157	-1411.76470588235
			3776.96078431373	-1409.3137254902
			3779.41176470588	-1409.3137254902
			3781.86274509804	-1406.86274509804
			3784.3137254902	-1406.86274509804
			3786.76470588235	-1404.41176470588
			3789.21568627451	-1404.41176470588
			3791.66666666667	-1401.96078431373
			3794.11764705882	-1401.96078431373
			3796.56862745098	-1399.50980392157
			3799.01960784314	-1399.50980392157
			3799.01960784314	-1397.05882352941
			3801.47058823529	-1397.05882352941
			3803.92156862745	-1397.05882352941
			3806.37254901961	-1394.60784313726
			3808.82352941176	-1394.60784313726
			3808.82352941176	-1392.1568627451
			3811.27450980392	-1392.1568627451
			3813.72549019608	-1392.1568627451
			3816.17647058824	-1389.70588235294
			3818.62745098039	-1389.70588235294
			3818.62745098039	-1387.25490196078
			3821.07843137255	-1387.25490196078
			3823.52941176471	-1384.80392156863
			3825.98039215686	-1384.80392156863
			3828.43137254902	-1384.80392156863
			3828.43137254902	-1382.35294117647
			3830.88235294118	-1382.35294117647
			3833.33333333333	-1379.90196078431
			3835.78431372549	-1379.90196078431
			3838.23529411765	-1377.45098039216
			3840.6862745098	-1377.45098039216
			3843.13725490196	-1375
			3845.58823529412	-1375
			3848.03921568627	-1372.54901960784
			3850.49019607843	-1372.54901960784
			3852.94117647059	-1370.09803921569
			3855.39215686275	-1370.09803921569
			3857.8431372549	-1367.64705882353
			3860.29411764706	-1367.64705882353
			3862.74509803922	-1367.64705882353
			3865.19607843137	-1365.19607843137
			3867.64705882353	-1365.19607843137
			3870.09803921569	-1362.74509803922
			3872.54901960784	-1362.74509803922
			3875	-1360.29411764706
			3877.45098039216	-1360.29411764706
			3879.90196078431	-1357.8431372549
			3882.35294117647	-1355.39215686275
			3884.80392156863	-1355.39215686275
			3887.25490196078	-1355.39215686275
			3889.70588235294	-1352.94117647059
			3892.1568627451	-1352.94117647059
			3894.60784313726	-1350.49019607843
			3897.05882352941	-1350.49019607843
			3899.50980392157	-1348.03921568627
			3901.96078431373	-1348.03921568627
			3904.41176470588	-1345.58823529412
			3906.86274509804	-1345.58823529412
			3909.3137254902	-1345.58823529412
			3911.76470588235	-1343.13725490196
			3914.21568627451	-1343.13725490196
			3916.66666666667	-1340.6862745098
			3919.11764705882	-1340.6862745098
			3921.56862745098	-1338.23529411765
			3924.01960784314	-1338.23529411765
			3926.47058823529	-1338.23529411765
			3928.92156862745	-1335.78431372549
			3931.37254901961	-1335.78431372549
			3933.82352941176	-1333.33333333333
			3936.27450980392	-1333.33333333333
			3938.72549019608	-1333.33333333333
			3941.17647058824	-1330.88235294118
			3943.62745098039	-1330.88235294118
			3946.07843137255	-1328.43137254902
			3948.52941176471	-1328.43137254902
			3950.98039215686	-1328.43137254902
			3953.43137254902	-1325.98039215686
			3955.88235294118	-1325.98039215686
			3958.33333333333	-1323.52941176471
			3960.78431372549	-1323.52941176471
			3963.23529411765	-1323.52941176471
			3965.6862745098	-1321.07843137255
			3968.13725490196	-1321.07843137255
			3970.58823529412	-1318.62745098039
			3973.03921568627	-1318.62745098039
			3975.49019607843	-1318.62745098039
			3977.94117647059	-1316.17647058824
			3980.39215686275	-1316.17647058824
			3982.8431372549	-1316.17647058824
			3985.29411764706	-1313.72549019608
			3987.74509803922	-1313.72549019608
			3990.19607843137	-1313.72549019608
			3992.64705882353	-1311.27450980392
			3995.09803921569	-1311.27450980392
			3997.54901960784	-1308.82352941176
			4000	-1308.82352941176
			4002.45098039216	-1308.82352941176
			4004.90196078431	-1306.37254901961
			4007.35294117647	-1306.37254901961
			4009.80392156863	-1306.37254901961
			4012.25490196078	-1303.92156862745
			4014.70588235294	-1303.92156862745
			4017.1568627451	-1303.92156862745
			4019.60784313726	-1301.47058823529
			4022.05882352941	-1301.47058823529
			4024.50980392157	-1301.47058823529
			4026.96078431373	-1299.01960784314
			4029.41176470588	-1299.01960784314
			4031.86274509804	-1299.01960784314
			4034.3137254902	-1296.56862745098
			4036.76470588235	-1296.56862745098
			4039.21568627451	-1296.56862745098
			4041.66666666667	-1294.11764705882
			4044.11764705882	-1294.11764705882
			4046.56862745098	-1294.11764705882
			4049.01960784314	-1294.11764705882
			4051.47058823529	-1291.66666666667
			4053.92156862745	-1291.66666666667
			4056.37254901961	-1291.66666666667
			4058.82352941176	-1289.21568627451
			4061.27450980392	-1289.21568627451
			4063.72549019608	-1289.21568627451
			4066.17647058824	-1286.76470588235
			4068.62745098039	-1286.76470588235
			4071.07843137255	-1286.76470588235
			4073.52941176471	-1286.76470588235
			4075.98039215686	-1284.3137254902
			4078.43137254902	-1284.3137254902
			4080.88235294118	-1284.3137254902
			4083.33333333333	-1281.86274509804
			4085.78431372549	-1281.86274509804
			4088.23529411765	-1281.86274509804
			4090.6862745098	-1281.86274509804
			4093.13725490196	-1279.41176470588
			4095.58823529412	-1279.41176470588
			4098.03921568627	-1279.41176470588
			4100.49019607843	-1279.41176470588
			4102.94117647059	-1276.96078431373
			4105.39215686275	-1276.96078431373
			4107.8431372549	-1276.96078431373
			4110.29411764706	-1274.50980392157
			4112.74509803922	-1274.50980392157
			4115.19607843137	-1274.50980392157
			4117.64705882353	-1274.50980392157
			4120.09803921569	-1272.05882352941
			4122.54901960784	-1272.05882352941
			4125	-1272.05882352941
			4127.45098039216	-1272.05882352941
			4129.90196078431	-1272.05882352941
			4132.35294117647	-1269.60784313726
			4134.80392156863	-1269.60784313726
			4137.25490196078	-1269.60784313726
			4139.70588235294	-1269.60784313726
			4142.1568627451	-1267.1568627451
			4144.60784313726	-1267.1568627451
			4147.05882352941	-1267.1568627451
			4149.50980392157	-1267.1568627451
			4151.96078431373	-1264.70588235294
			4154.41176470588	-1264.70588235294
			4156.86274509804	-1264.70588235294
			4159.3137254902	-1264.70588235294
			4161.76470588235	-1264.70588235294
			4164.21568627451	-1262.25490196078
			4166.66666666667	-1262.25490196078
			4169.11764705882	-1262.25490196078
			4171.56862745098	-1262.25490196078
			4174.01960784314	-1262.25490196078
			4176.47058823529	-1259.80392156863
			4178.92156862745	-1259.80392156863
			4181.37254901961	-1259.80392156863
			4183.82352941176	-1259.80392156863
			4186.27450980392	-1259.80392156863
			4188.72549019608	-1257.35294117647
			4191.17647058824	-1257.35294117647
			4193.62745098039	-1257.35294117647
			4196.07843137255	-1257.35294117647
			4198.52941176471	-1257.35294117647
			4200.98039215686	-1257.35294117647
			4203.43137254902	-1254.90196078431
			4205.88235294118	-1254.90196078431
			4208.33333333333	-1254.90196078431
			4210.78431372549	-1254.90196078431
			4213.23529411765	-1254.90196078431
			4215.6862745098	-1254.90196078431
			4218.13725490196	-1252.45098039216
			4220.58823529412	-1252.45098039216
			4223.03921568627	-1252.45098039216
			4225.49019607843	-1252.45098039216
			4227.94117647059	-1252.45098039216
			4230.39215686275	-1252.45098039216
			4232.8431372549	-1252.45098039216
			4235.29411764706	-1250
			4237.74509803922	-1250
			4240.19607843137	-1250
			4242.64705882353	-1250
			4245.09803921569	-1250
			4247.54901960784	-1250
			4250	-1250
			4252.45098039216	-1247.54901960784
			4254.90196078431	-1247.54901960784
			4257.35294117647	-1247.54901960784
			4259.80392156863	-1247.54901960784
			4262.25490196078	-1247.54901960784
			4264.70588235294	-1247.54901960784
			4267.1568627451	-1247.54901960784
			4269.60784313726	-1247.54901960784
			4272.05882352941	-1247.54901960784
			4274.50980392157	-1245.09803921569
			4276.96078431373	-1245.09803921569
			4279.41176470588	-1245.09803921569
			4281.86274509804	-1245.09803921569
			4284.3137254902	-1245.09803921569
			4286.76470588235	-1245.09803921569
			4289.21568627451	-1245.09803921569
			4291.66666666667	-1245.09803921569
			4294.11764705882	-1245.09803921569
			4296.56862745098	-1245.09803921569
			4299.01960784314	-1245.09803921569
			4301.47058823529	-1242.64705882353
			4303.92156862745	-1242.64705882353
			4306.37254901961	-1242.64705882353
			4308.82352941176	-1242.64705882353
			4311.27450980392	-1242.64705882353
			4313.72549019608	-1242.64705882353
			4316.17647058824	-1242.64705882353
			4318.62745098039	-1242.64705882353
			4321.07843137255	-1242.64705882353
			4323.52941176471	-1242.64705882353
			4325.98039215686	-1242.64705882353
			4328.43137254902	-1242.64705882353
			4330.88235294118	-1242.64705882353
			4333.33333333333	-1242.64705882353
			4333.33333333333	-1240.19607843137
			4335.78431372549	-1240.19607843137
			4338.23529411765	-1240.19607843137
			4340.6862745098	-1240.19607843137
			4343.13725490196	-1240.19607843137
			4345.58823529412	-1240.19607843137
			4348.03921568627	-1240.19607843137
			4350.49019607843	-1240.19607843137
			4352.94117647059	-1240.19607843137
			4355.39215686275	-1240.19607843137
			4357.8431372549	-1240.19607843137
			4360.29411764706	-1240.19607843137
			4362.74509803922	-1240.19607843137
			4365.19607843137	-1240.19607843137
			4367.64705882353	-1240.19607843137
			4370.09803921569	-1240.19607843137
			4372.54901960784	-1240.19607843137
			4375	-1240.19607843137
			4377.45098039216	-1240.19607843137
			4379.90196078431	-1240.19607843137
			4382.35294117647	-1240.19607843137
			4384.80392156863	-1240.19607843137
			4387.25490196078	-1240.19607843137
			4389.70588235294	-1240.19607843137
			4392.1568627451	-1240.19607843137
			4394.60784313726	-1240.19607843137
			4397.05882352941	-1240.19607843137
			4399.50980392157	-1240.19607843137
			4401.96078431373	-1240.19607843137
			4404.41176470588	-1240.19607843137
			4406.86274509804	-1240.19607843137
			4409.3137254902	-1240.19607843137
			4411.76470588235	-1240.19607843137
			4414.21568627451	-1240.19607843137
			4416.66666666667	-1240.19607843137
			4419.11764705882	-1240.19607843137
			4421.56862745098	-1240.19607843137
			4424.01960784314	-1240.19607843137
			4426.47058823529	-1240.19607843137
			4428.92156862745	-1240.19607843137
			4431.37254901961	-1240.19607843137
			4433.82352941176	-1240.19607843137
			4436.27450980392	-1240.19607843137
			4438.72549019608	-1240.19607843137
			4441.17647058824	-1240.19607843137
			4443.62745098039	-1240.19607843137
			4446.07843137255	-1240.19607843137
			4448.52941176471	-1240.19607843137
			4450.98039215686	-1240.19607843137
			4453.43137254902	-1240.19607843137
			4455.88235294118	-1240.19607843137
			4458.33333333333	-1240.19607843137
			4460.78431372549	-1240.19607843137
			4463.23529411765	-1240.19607843137
			4465.6862745098	-1242.64705882353
			4468.13725490196	-1242.64705882353
			4470.58823529412	-1242.64705882353
			4473.03921568627	-1242.64705882353
			4475.49019607843	-1242.64705882353
			4477.94117647059	-1242.64705882353
			4480.39215686275	-1242.64705882353
			4482.8431372549	-1242.64705882353
			4485.29411764706	-1242.64705882353
			4487.74509803922	-1242.64705882353
			4490.19607843137	-1242.64705882353
			4492.64705882353	-1242.64705882353
			4495.09803921569	-1242.64705882353
			4497.54901960784	-1242.64705882353
			4500	-1242.64705882353
			4502.45098039216	-1245.09803921569
			4504.90196078431	-1245.09803921569
			4507.35294117647	-1245.09803921569
			4509.80392156863	-1245.09803921569
			4512.25490196078	-1245.09803921569
			4514.70588235294	-1245.09803921569
			4517.1568627451	-1245.09803921569
			4519.60784313726	-1245.09803921569
			4522.05882352941	-1245.09803921569
			4524.50980392157	-1247.54901960784
			4526.96078431373	-1247.54901960784
			4529.41176470588	-1247.54901960784
			4531.86274509804	-1247.54901960784
			4534.3137254902	-1247.54901960784
			4536.76470588235	-1247.54901960784
			4539.21568627451	-1247.54901960784
			4541.66666666667	-1247.54901960784
			4544.11764705882	-1247.54901960784
			4546.56862745098	-1247.54901960784
			4549.01960784314	-1250
			4551.47058823529	-1250
			4553.92156862745	-1250
			4556.37254901961	-1250
			4558.82352941176	-1250
			4561.27450980392	-1250
			4563.72549019608	-1252.45098039216
			4566.17647058824	-1252.45098039216
			4568.62745098039	-1252.45098039216
			4571.07843137255	-1252.45098039216
			4573.52941176471	-1252.45098039216
			4575.98039215686	-1252.45098039216
			4578.43137254902	-1252.45098039216
			4580.88235294118	-1254.90196078431
			4583.33333333333	-1254.90196078431
			4585.78431372549	-1254.90196078431
			4588.23529411765	-1254.90196078431
			4590.6862745098	-1254.90196078431
			4593.13725490196	-1254.90196078431
			4595.58823529412	-1254.90196078431
			4598.03921568627	-1257.35294117647
			4600.49019607843	-1257.35294117647
			4602.94117647059	-1257.35294117647
			4605.39215686275	-1257.35294117647
			4607.8431372549	-1257.35294117647
			4610.29411764706	-1259.80392156863
			4612.74509803922	-1259.80392156863
			4615.19607843137	-1259.80392156863
			4617.64705882353	-1259.80392156863
			4620.09803921569	-1259.80392156863
			4622.54901960784	-1259.80392156863
			4625	-1262.25490196078
			4627.45098039216	-1262.25490196078
			4629.90196078431	-1262.25490196078
			4632.35294117647	-1262.25490196078
			4634.80392156863	-1262.25490196078
			4637.25490196078	-1264.70588235294
			4639.70588235294	-1264.70588235294
			4642.1568627451	-1264.70588235294
			4644.60784313726	-1264.70588235294
			4647.05882352941	-1264.70588235294
			4649.50980392157	-1264.70588235294
			4649.50980392157	-1267.1568627451
			4651.96078431373	-1267.1568627451
			4654.41176470588	-1267.1568627451
			4656.86274509804	-1267.1568627451
			4659.3137254902	-1267.1568627451
			4661.76470588235	-1269.60784313726
			4664.21568627451	-1269.60784313726
			4666.66666666667	-1269.60784313726
			4669.11764705882	-1269.60784313726
			4671.56862745098	-1269.60784313726
			4674.01960784314	-1272.05882352941
			4676.47058823529	-1272.05882352941
			4678.92156862745	-1272.05882352941
			4681.37254901961	-1274.50980392157
			4683.82352941176	-1274.50980392157
			4686.27450980392	-1274.50980392157
			4688.72549019608	-1274.50980392157
			4691.17647058824	-1276.96078431373
			4693.62745098039	-1276.96078431373
			4696.07843137255	-1276.96078431373
			4698.52941176471	-1276.96078431373
			4700.98039215686	-1276.96078431373
			4700.98039215686	-1279.41176470588
			4703.43137254902	-1279.41176470588
			4705.88235294118	-1279.41176470588
			4708.33333333333	-1279.41176470588
			4710.78431372549	-1279.41176470588
			4710.78431372549	-1281.86274509804
			4713.23529411765	-1281.86274509804
			4715.6862745098	-1281.86274509804
			4718.13725490196	-1281.86274509804
			4720.58823529412	-1281.86274509804
			4720.58823529412	-1284.3137254902
			4723.03921568627	-1284.3137254902
			4725.49019607843	-1284.3137254902
			4727.94117647059	-1284.3137254902
			4730.39215686275	-1284.3137254902
			4730.39215686275	-1286.76470588235
			4732.8431372549	-1286.76470588235
			4735.29411764706	-1286.76470588235
			4737.74509803922	-1286.76470588235
			4740.19607843137	-1289.21568627451
			4742.64705882353	-1289.21568627451
			4745.09803921569	-1291.66666666667
			4747.54901960784	-1291.66666666667
			4750	-1294.11764705882
			4752.45098039216	-1294.11764705882
			4754.90196078431	-1296.56862745098
			4757.35294117647	-1296.56862745098
			4759.80392156863	-1299.01960784314
			4762.25490196078	-1299.01960784314
			4764.70588235294	-1301.47058823529
			4767.1568627451	-1301.47058823529
			4769.60784313726	-1301.47058823529
			4772.05882352941	-1303.92156862745
			4774.50980392157	-1306.37254901961
			4776.96078431373	-1306.37254901961
			4779.41176470588	-1308.82352941176
			4781.86274509804	-1308.82352941176
			4784.3137254902	-1311.27450980392
			4786.76470588235	-1311.27450980392
			4789.21568627451	-1313.72549019608
			4791.66666666667	-1313.72549019608
			4794.11764705882	-1316.17647058824
			4796.56862745098	-1316.17647058824
			4796.56862745098	-1318.62745098039
			4799.01960784314	-1318.62745098039
			4801.47058823529	-1318.62745098039
			4803.92156862745	-1321.07843137255
			4806.37254901961	-1323.52941176471
			4808.82352941176	-1323.52941176471
			4811.27450980392	-1325.98039215686
			4813.72549019608	-1325.98039215686
			4816.17647058824	-1325.98039215686
			4818.62745098039	-1328.43137254902
			4821.07843137255	-1328.43137254902
			4823.52941176471	-1330.88235294118
			4825.98039215686	-1330.88235294118
			4828.43137254902	-1333.33333333333
			4830.88235294118	-1335.78431372549
			4833.33333333333	-1335.78431372549
			4835.78431372549	-1338.23529411765
			4838.23529411765	-1338.23529411765
			4840.6862745098	-1340.6862745098
			4843.13725490196	-1340.6862745098
			4845.58823529412	-1343.13725490196
			4848.03921568627	-1343.13725490196
			4850.49019607843	-1345.58823529412
			4852.94117647059	-1345.58823529412
			4855.39215686275	-1348.03921568627
			4857.8431372549	-1348.03921568627
			4860.29411764706	-1350.49019607843
			4862.74509803922	-1350.49019607843
			4865.19607843137	-1352.94117647059
			4867.64705882353	-1352.94117647059
			4870.09803921569	-1355.39215686275
			4872.54901960784	-1355.39215686275
			4875	-1357.8431372549
			4877.45098039216	-1360.29411764706
			4879.90196078431	-1360.29411764706
			4882.35294117647	-1360.29411764706
			4882.35294117647	-1362.74509803922
			4884.80392156863	-1362.74509803922
			4887.25490196078	-1362.74509803922
			4887.25490196078	-1365.19607843137
			4889.70588235294	-1365.19607843137
			4892.1568627451	-1365.19607843137
			4892.1568627451	-1367.64705882353
			4894.60784313726	-1367.64705882353
			4897.05882352941	-1370.09803921569
			4899.50980392157	-1370.09803921569
			4901.96078431373	-1372.54901960784
			4904.41176470588	-1372.54901960784
			4906.86274509804	-1375
			4909.3137254902	-1375
			4911.76470588235	-1377.45098039216
			4914.21568627451	-1377.45098039216
			4916.66666666667	-1379.90196078431
			4919.11764705882	-1379.90196078431
			4921.56862745098	-1382.35294117647
			4924.01960784314	-1382.35294117647
			4926.47058823529	-1384.80392156863
			4928.92156862745	-1384.80392156863
			4931.37254901961	-1387.25490196078
			4933.82352941176	-1387.25490196078
			4936.27450980392	-1389.70588235294
			4938.72549019608	-1389.70588235294
			4941.17647058824	-1392.1568627451
			4943.62745098039	-1392.1568627451
			4943.62745098039	-1394.60784313726
			4946.07843137255	-1394.60784313726
			4948.52941176471	-1397.05882352941
			4950.98039215686	-1397.05882352941
			4953.43137254902	-1399.50980392157
			4955.88235294118	-1399.50980392157
			4958.33333333333	-1401.96078431373
			4960.78431372549	-1401.96078431373
			4963.23529411765	-1404.41176470588
			4965.6862745098	-1404.41176470588
			4968.13725490196	-1406.86274509804
			4970.58823529412	-1406.86274509804
			4973.03921568627	-1409.3137254902
			4975.49019607843	-1409.3137254902
			4977.94117647059	-1411.76470588235
			4980.39215686275	-1414.21568627451
			4982.8431372549	-1414.21568627451
			4985.29411764706	-1416.66666666667
			4987.74509803922	-1416.66666666667
			4990.19607843137	-1419.11764705882
			4992.64705882353	-1419.11764705882
			4995.09803921569	-1421.56862745098
			4997.54901960784	-1421.56862745098
			5000	-1424.01960784314
			5002.45098039216	-1424.01960784314
			5004.90196078431	-1426.47058823529
			5007.35294117647	-1426.47058823529
			5009.80392156863	-1428.92156862745
			5012.25490196078	-1428.92156862745
			5014.70588235294	-1431.37254901961
			5017.1568627451	-1431.37254901961
			5019.60784313726	-1433.82352941176
			5022.05882352941	-1433.82352941176
			5024.50980392157	-1436.27450980392
			5026.96078431373	-1436.27450980392
			5029.41176470588	-1438.72549019608
			5031.86274509804	-1438.72549019608
			5034.3137254902	-1441.17647058824
			5036.76470588235	-1441.17647058824
			5036.76470588235	-1443.62745098039
			5039.21568627451	-1443.62745098039
			5041.66666666667	-1446.07843137255
			5044.11764705882	-1446.07843137255
			5046.56862745098	-1448.52941176471
			5049.01960784314	-1448.52941176471
			5051.47058823529	-1450.98039215686
			5053.92156862745	-1450.98039215686
			5056.37254901961	-1453.43137254902
			5058.82352941176	-1453.43137254902
			5061.27450980392	-1455.88235294118
			5063.72549019608	-1455.88235294118
			5066.17647058824	-1458.33333333333
			5068.62745098039	-1458.33333333333
			5068.62745098039	-1460.78431372549
			5071.07843137255	-1460.78431372549
			5073.52941176471	-1463.23529411765
			5075.98039215686	-1463.23529411765
			5078.43137254902	-1465.6862745098
			5080.88235294118	-1465.6862745098
			5083.33333333333	-1468.13725490196
			5085.78431372549	-1468.13725490196
			5088.23529411765	-1470.58823529412
			5090.6862745098	-1470.58823529412
			5093.13725490196	-1473.03921568627
			5095.58823529412	-1473.03921568627
			5098.03921568627	-1475.49019607843
			5100.49019607843	-1477.94117647059
			5102.94117647059	-1477.94117647059
			5105.39215686275	-1480.39215686275
			5107.8431372549	-1480.39215686275
			5110.29411764706	-1482.8431372549
			5112.74509803922	-1482.8431372549
			5115.19607843137	-1485.29411764706
			5117.64705882353	-1485.29411764706
			5120.09803921569	-1487.74509803922
			5122.54901960784	-1487.74509803922
			5125	-1490.19607843137
			5127.45098039216	-1490.19607843137
			5129.90196078431	-1492.64705882353
			5132.35294117647	-1492.64705882353
			5134.80392156863	-1495.09803921569
			5137.25490196078	-1495.09803921569
			5139.70588235294	-1497.54901960784
			5142.1568627451	-1497.54901960784
			5144.60784313726	-1500
			5147.05882352941	-1502.45098039216
			5149.50980392157	-1502.45098039216
			5151.96078431373	-1504.90196078431
			5154.41176470588	-1504.90196078431
			5154.41176470588	-1507.35294117647
			5156.86274509804	-1507.35294117647
			5159.3137254902	-1507.35294117647
			5159.3137254902	-1509.80392156863
			5161.76470588235	-1509.80392156863
			5164.21568627451	-1509.80392156863
			5164.21568627451	-1512.25490196078
			5166.66666666667	-1512.25490196078
			5169.11764705882	-1512.25490196078
			5169.11764705882	-1514.70588235294
			5171.56862745098	-1514.70588235294
			5174.01960784314	-1514.70588235294
			5174.01960784314	-1517.1568627451
			5176.47058823529	-1517.1568627451
			5178.92156862745	-1519.60784313726
			5181.37254901961	-1519.60784313726
			5183.82352941176	-1522.05882352941
			5186.27450980392	-1522.05882352941
			5188.72549019608	-1524.50980392157
			5191.17647058824	-1524.50980392157
			5191.17647058824	-1526.96078431373
			5193.62745098039	-1526.96078431373
			5196.07843137255	-1526.96078431373
			5198.52941176471	-1529.41176470588
			5200.98039215686	-1529.41176470588
			5200.98039215686	-1531.86274509804
			5203.43137254902	-1531.86274509804
			5205.88235294118	-1534.3137254902
			5208.33333333333	-1534.3137254902
			5210.78431372549	-1536.76470588235
			5213.23529411765	-1536.76470588235
			5215.6862745098	-1539.21568627451
			5218.13725490196	-1539.21568627451
			5220.58823529412	-1541.66666666667
			5223.03921568627	-1541.66666666667
			5225.49019607843	-1544.11764705882
			5227.94117647059	-1544.11764705882
			5230.39215686275	-1546.56862745098
			5232.8431372549	-1546.56862745098
			5235.29411764706	-1549.01960784314
			5237.74509803922	-1551.47058823529
			5240.19607843137	-1551.47058823529
			5242.64705882353	-1553.92156862745
			5245.09803921569	-1553.92156862745
			5245.09803921569	-1556.37254901961
			5247.54901960784	-1556.37254901961
			5250	-1556.37254901961
			5250	-1558.82352941176
			5252.45098039216	-1558.82352941176
			5254.90196078431	-1558.82352941176
			5254.90196078431	-1561.27450980392
			5257.35294117647	-1561.27450980392
			5259.80392156863	-1561.27450980392
			5259.80392156863	-1563.72549019608
			5262.25490196078	-1563.72549019608
			5264.70588235294	-1566.17647058824
			5267.1568627451	-1566.17647058824
			5269.60784313726	-1568.62745098039
			5272.05882352941	-1568.62745098039
			5274.50980392157	-1571.07843137255
			5276.96078431373	-1571.07843137255
			5276.96078431373	-1573.52941176471
			5279.41176470588	-1573.52941176471
			5281.86274509804	-1575.98039215686
			5284.3137254902	-1575.98039215686
			5286.76470588235	-1578.43137254902
			5289.21568627451	-1578.43137254902
			5291.66666666667	-1580.88235294118
			5294.11764705882	-1580.88235294118
			5296.56862745098	-1583.33333333333
			5299.01960784314	-1583.33333333333
			5301.47058823529	-1585.78431372549
			5303.92156862745	-1585.78431372549
			5306.37254901961	-1588.23529411765
			5308.82352941176	-1588.23529411765
			5308.82352941176	-1590.6862745098
			5311.27450980392	-1590.6862745098
			5313.72549019608	-1593.13725490196
			5316.17647058824	-1593.13725490196
			5318.62745098039	-1595.58823529412
			5321.07843137255	-1595.58823529412
			5323.52941176471	-1598.03921568627
			5325.98039215686	-1598.03921568627
			5328.43137254902	-1600.49019607843
			5330.88235294118	-1600.49019607843
			5333.33333333333	-1602.94117647059
			5335.78431372549	-1605.39215686275
			5338.23529411765	-1605.39215686275
			5340.6862745098	-1607.8431372549
			5343.13725490196	-1607.8431372549
			5343.13725490196	-1610.29411764706
			5345.58823529412	-1610.29411764706
			5348.03921568627	-1610.29411764706
			5348.03921568627	-1612.74509803922
			5350.49019607843	-1612.74509803922
			5352.94117647059	-1612.74509803922
			5352.94117647059	-1615.19607843137
			5355.39215686275	-1615.19607843137
			5357.8431372549	-1615.19607843137
			5357.8431372549	-1617.64705882353
			5360.29411764706	-1617.64705882353
			5362.74509803922	-1620.09803921569
			5365.19607843137	-1622.54901960784
			5367.64705882353	-1622.54901960784
			5370.09803921569	-1622.54901960784
			5372.54901960784	-1625
			5375	-1627.45098039216
			5377.45098039216	-1627.45098039216
			5379.90196078431	-1629.90196078431
			5382.35294117647	-1629.90196078431
			5384.80392156863	-1632.35294117647
			5387.25490196078	-1632.35294117647
			5389.70588235294	-1634.80392156863
			5392.1568627451	-1634.80392156863
			5392.1568627451	-1637.25490196078
			5394.60784313726	-1637.25490196078
			5397.05882352941	-1639.70588235294
			5399.50980392157	-1639.70588235294
			5401.96078431373	-1642.1568627451
			5404.41176470588	-1642.1568627451
			5406.86274509804	-1644.60784313726
			5409.3137254902	-1644.60784313726
			5411.76470588235	-1647.05882352941
			5414.21568627451	-1647.05882352941
			5414.21568627451	-1649.50980392157
			5416.66666666667	-1649.50980392157
			5419.11764705882	-1651.96078431373
			5421.56862745098	-1651.96078431373
			5424.01960784314	-1654.41176470588
			5426.47058823529	-1654.41176470588
			5428.92156862745	-1656.86274509804
			5431.37254901961	-1656.86274509804
			5433.82352941176	-1659.3137254902
			5436.27450980392	-1661.76470588235
			5438.72549019608	-1661.76470588235
			5441.17647058824	-1664.21568627451
			5443.62745098039	-1666.66666666667
			5446.07843137255	-1666.66666666667
			5448.52941176471	-1666.66666666667
			5448.52941176471	-1669.11764705882
			5450.98039215686	-1669.11764705882
			5453.43137254902	-1669.11764705882
			5453.43137254902	-1671.56862745098
			5455.88235294118	-1671.56862745098
			5458.33333333333	-1674.01960784314
			5460.78431372549	-1676.47058823529
			5463.23529411765	-1676.47058823529
			5465.6862745098	-1676.47058823529
			5468.13725490196	-1678.92156862745
			5470.58823529412	-1678.92156862745
			5473.03921568627	-1681.37254901961
			5475.49019607843	-1681.37254901961
			5477.94117647059	-1683.82352941176
			5480.39215686275	-1683.82352941176
			5482.8431372549	-1686.27450980392
			5485.29411764706	-1686.27450980392
			5487.74509803922	-1688.72549019608
			5490.19607843137	-1688.72549019608
			5492.64705882353	-1691.17647058824
			5495.09803921569	-1691.17647058824
			5497.54901960784	-1691.17647058824
			5500	-1693.62745098039
			5502.45098039216	-1693.62745098039
			5504.90196078431	-1696.07843137255
			5507.35294117647	-1696.07843137255
			5509.80392156863	-1698.52941176471
			5512.25490196078	-1698.52941176471
			5514.70588235294	-1700.98039215686
			5517.1568627451	-1700.98039215686
			5519.60784313726	-1703.43137254902
			5522.05882352941	-1703.43137254902
			5524.50980392157	-1705.88235294118
			5526.96078431373	-1705.88235294118
			5529.41176470588	-1708.33333333333
			5531.86274509804	-1708.33333333333
			5534.3137254902	-1710.78431372549
			5536.76470588235	-1710.78431372549
			5539.21568627451	-1713.23529411765
			5541.66666666667	-1713.23529411765
			5544.11764705882	-1715.6862745098
			5546.56862745098	-1715.6862745098
			5549.01960784314	-1718.13725490196
			5551.47058823529	-1720.58823529412
			5553.92156862745	-1720.58823529412
			5556.37254901961	-1723.03921568627
			5558.82352941176	-1723.03921568627
			5561.27450980392	-1725.49019607843
			5563.72549019608	-1725.49019607843
			5566.17647058824	-1727.94117647059
			5568.62745098039	-1727.94117647059
			5568.62745098039	-1730.39215686275
			5571.07843137255	-1730.39215686275
			5573.52941176471	-1732.8431372549
			5575.98039215686	-1732.8431372549
			5578.43137254902	-1735.29411764706
			5580.88235294118	-1737.74509803922
			5583.33333333333	-1737.74509803922
			5585.78431372549	-1740.19607843137
			5588.23529411765	-1740.19607843137
			5590.6862745098	-1742.64705882353
			5593.13725490196	-1742.64705882353
			5595.58823529412	-1745.09803921569
			5598.03921568627	-1747.54901960784
			5600.49019607843	-1750
			5602.94117647059	-1750
			5605.39215686275	-1752.45098039216
			5607.8431372549	-1752.45098039216
			5610.29411764706	-1754.90196078431
			5612.74509803922	-1757.35294117647
			5615.19607843137	-1757.35294117647
			5617.64705882353	-1759.80392156863
			5620.09803921569	-1762.25490196078
			5622.54901960784	-1762.25490196078
			5625	-1764.70588235294
			5627.45098039216	-1767.1568627451
			5629.90196078431	-1767.1568627451
			5632.35294117647	-1769.60784313726
			5632.35294117647	-1772.05882352941
			5634.80392156863	-1772.05882352941
			5637.25490196078	-1774.50980392157
			5639.70588235294	-1774.50980392157
			5642.1568627451	-1776.96078431373
			5644.60784313726	-1779.41176470588
			5647.05882352941	-1779.41176470588
			5649.50980392157	-1781.86274509804
			5649.50980392157	-1784.3137254902
			5651.96078431373	-1784.3137254902
			5654.41176470588	-1786.76470588235
			5656.86274509804	-1789.21568627451
			5659.3137254902	-1789.21568627451
			5661.76470588235	-1791.66666666667
			5664.21568627451	-1794.11764705882
			5666.66666666667	-1796.56862745098
			5669.11764705882	-1799.01960784314
			5671.56862745098	-1801.47058823529
			5674.01960784314	-1801.47058823529
			5676.47058823529	-1803.92156862745
			5678.92156862745	-1806.37254901961
			5681.37254901961	-1808.82352941176
			5683.82352941176	-1811.27450980392
			5686.27450980392	-1813.72549019608
			5688.72549019608	-1813.72549019608
			5691.17647058824	-1816.17647058824
			5693.62745098039	-1818.62745098039
			5696.07843137255	-1821.07843137255
			5698.52941176471	-1823.52941176471
			5700.98039215686	-1825.98039215686
			5703.43137254902	-1825.98039215686
			5705.88235294118	-1828.43137254902
			5708.33333333333	-1830.88235294118
			5710.78431372549	-1833.33333333333
			5713.23529411765	-1835.78431372549
			5715.6862745098	-1838.23529411765
			5718.13725490196	-1840.6862745098
			5720.58823529412	-1843.13725490196
			5723.03921568627	-1845.58823529412
			5725.49019607843	-1848.03921568627
			5727.94117647059	-1850.49019607843
			5730.39215686275	-1852.94117647059
			5732.8431372549	-1855.39215686275
			5735.29411764706	-1857.8431372549
			5737.74509803922	-1860.29411764706
			5740.19607843137	-1862.74509803922
			5742.64705882353	-1865.19607843137
			5745.09803921569	-1867.64705882353
			5747.54901960784	-1870.09803921569
			5750	-1872.54901960784
			5752.45098039216	-1875
			5754.90196078431	-1877.45098039216
			5754.90196078431	-1879.90196078431
			5757.35294117647	-1882.35294117647
			5759.80392156863	-1884.80392156863
			5762.25490196078	-1887.25490196078
			5764.70588235294	-1889.70588235294
			5767.1568627451	-1892.1568627451
			5769.60784313726	-1894.60784313726
			5769.60784313726	-1897.05882352941
			5772.05882352941	-1899.50980392157
			5774.50980392157	-1901.96078431373
			5776.96078431373	-1904.41176470588
			5779.41176470588	-1906.86274509804
			5781.86274509804	-1909.3137254902
			5781.86274509804	-1911.76470588235
			5784.3137254902	-1914.21568627451
			5786.76470588235	-1916.66666666667
			5789.21568627451	-1919.11764705882
			5791.66666666667	-1921.56862745098
			5794.11764705882	-1924.01960784314
			5794.11764705882	-1926.47058823529
			5796.56862745098	-1928.92156862745
			5799.01960784314	-1931.37254901961
			5801.47058823529	-1933.82352941176
			5801.47058823529	-1936.27450980392
			5803.92156862745	-1938.72549019608
			5806.37254901961	-1941.17647058824
			5808.82352941176	-1943.62745098039
			5808.82352941176	-1946.07843137255
			5811.27450980392	-1948.52941176471
			5813.72549019608	-1950.98039215686
			5813.72549019608	-1953.43137254902
			5816.17647058824	-1955.88235294118
			5818.62745098039	-1958.33333333333
			5818.62745098039	-1960.78431372549
			5821.07843137255	-1960.78431372549
			5821.07843137255	-1963.23529411765
			5823.52941176471	-1965.6862745098
			5823.52941176471	-1968.13725490196
			5825.98039215686	-1970.58823529412
			5828.43137254902	-1973.03921568627
			5828.43137254902	-1975.49019607843
			5830.88235294118	-1977.94117647059
			5833.33333333333	-1980.39215686275
			5833.33333333333	-1982.8431372549
			5835.78431372549	-1985.29411764706
			5835.78431372549	-1987.74509803922
			5838.23529411765	-1990.19607843137
		</C1>
		<C2 type=matrix rownames=FALSE colnames=FALSE nrow=272 ncol=2 as.numeric=TRUE >
			4723.03921568627	-3166.66666666667
			4725.49019607843	-3169.11764705882
			4725.49019607843	-3171.56862745098
			4727.94117647059	-3174.01960784314
			4727.94117647059	-3176.47058823529
			4730.39215686275	-3178.92156862745
			4730.39215686275	-3181.37254901961
			4732.8431372549	-3183.82352941176
			4732.8431372549	-3186.27450980392
			4732.8431372549	-3188.72549019608
			4735.29411764706	-3191.17647058824
			4735.29411764706	-3193.62745098039
			4737.74509803922	-3196.07843137255
			4737.74509803922	-3198.52941176471
			4737.74509803922	-3200.98039215686
			4740.19607843137	-3203.43137254902
			4740.19607843137	-3205.88235294118
			4740.19607843137	-3208.33333333333
			4740.19607843137	-3210.78431372549
			4742.64705882353	-3213.23529411765
			4742.64705882353	-3215.6862745098
			4742.64705882353	-3218.13725490196
			4742.64705882353	-3220.58823529412
			4745.09803921569	-3223.03921568627
			4745.09803921569	-3225.49019607843
			4745.09803921569	-3227.94117647059
			4745.09803921569	-3230.39215686275
			4745.09803921569	-3232.8431372549
			4745.09803921569	-3235.29411764706
			4745.09803921569	-3237.74509803922
			4745.09803921569	-3240.19607843137
			4745.09803921569	-3242.64705882353
			4745.09803921569	-3245.09803921569
			4742.64705882353	-3247.54901960784
			4742.64705882353	-3250
			4742.64705882353	-3252.45098039216
			4742.64705882353	-3254.90196078431
			4740.19607843137	-3254.90196078431
			4740.19607843137	-3257.35294117647
			4737.74509803922	-3259.80392156863
			4737.74509803922	-3262.25490196078
			4735.29411764706	-3264.70588235294
			4732.8431372549	-3267.1568627451
			4730.39215686275	-3269.60784313726
			4727.94117647059	-3269.60784313726
			4725.49019607843	-3272.05882352941
			4723.03921568627	-3274.50980392157
			4720.58823529412	-3274.50980392157
			4718.13725490196	-3276.96078431373
			4715.6862745098	-3276.96078431373
			4713.23529411765	-3276.96078431373
			4710.78431372549	-3279.41176470588
			4708.33333333333	-3279.41176470588
			4705.88235294118	-3279.41176470588
			4703.43137254902	-3281.86274509804
			4700.98039215686	-3281.86274509804
			4698.52941176471	-3281.86274509804
			4696.07843137255	-3281.86274509804
			4693.62745098039	-3281.86274509804
			4691.17647058824	-3281.86274509804
			4688.72549019608	-3281.86274509804
			4686.27450980392	-3281.86274509804
			4683.82352941176	-3281.86274509804
			4681.37254901961	-3281.86274509804
			4678.92156862745	-3281.86274509804
			4676.47058823529	-3281.86274509804
			4674.01960784314	-3281.86274509804
			4671.56862745098	-3281.86274509804
			4669.11764705882	-3281.86274509804
			4666.66666666667	-3281.86274509804
			4664.21568627451	-3281.86274509804
			4661.76470588235	-3281.86274509804
			4659.3137254902	-3281.86274509804
			4656.86274509804	-3281.86274509804
			4654.41176470588	-3281.86274509804
			4654.41176470588	-3284.3137254902
			4651.96078431373	-3286.76470588235
			4651.96078431373	-3289.21568627451
			4649.50980392157	-3291.66666666667
			4649.50980392157	-3294.11764705882
			4649.50980392157	-3296.56862745098
			4647.05882352941	-3299.01960784314
			4647.05882352941	-3301.47058823529
			4644.60784313726	-3303.92156862745
			4642.1568627451	-3306.37254901961
			4639.70588235294	-3308.82352941176
			4639.70588235294	-3311.27450980392
			4637.25490196078	-3311.27450980392
			4637.25490196078	-3313.72549019608
			4634.80392156863	-3316.17647058824
			4632.35294117647	-3318.62745098039
			4629.90196078431	-3321.07843137255
			4627.45098039216	-3323.52941176471
			4625	-3325.98039215686
			4622.54901960784	-3325.98039215686
			4620.09803921569	-3328.43137254902
			4617.64705882353	-3328.43137254902
			4615.19607843137	-3330.88235294118
			4612.74509803922	-3330.88235294118
			4610.29411764706	-3333.33333333333
			4607.8431372549	-3333.33333333333
			4605.39215686275	-3335.78431372549
			4602.94117647059	-3335.78431372549
			4600.49019607843	-3335.78431372549
			4598.03921568627	-3338.23529411765
			4595.58823529412	-3338.23529411765
			4593.13725490196	-3338.23529411765
			4590.6862745098	-3340.6862745098
			4588.23529411765	-3340.6862745098
			4585.78431372549	-3340.6862745098
			4583.33333333333	-3340.6862745098
			4580.88235294118	-3340.6862745098
			4578.43137254902	-3343.13725490196
			4575.98039215686	-3343.13725490196
			4573.52941176471	-3343.13725490196
			4571.07843137255	-3343.13725490196
			4568.62745098039	-3343.13725490196
			4566.17647058824	-3343.13725490196
			4563.72549019608	-3343.13725490196
			4561.27450980392	-3343.13725490196
			4558.82352941176	-3345.58823529412
			4556.37254901961	-3345.58823529412
			4553.92156862745	-3345.58823529412
			4551.47058823529	-3345.58823529412
			4549.01960784314	-3345.58823529412
			4546.56862745098	-3345.58823529412
			4544.11764705882	-3345.58823529412
			4541.66666666667	-3345.58823529412
			4539.21568627451	-3345.58823529412
			4536.76470588235	-3345.58823529412
			4534.3137254902	-3345.58823529412
			4531.86274509804	-3345.58823529412
			4529.41176470588	-3345.58823529412
			4526.96078431373	-3343.13725490196
			4524.50980392157	-3343.13725490196
			4522.05882352941	-3343.13725490196
			4519.60784313726	-3343.13725490196
			4517.1568627451	-3343.13725490196
			4514.70588235294	-3343.13725490196
			4512.25490196078	-3343.13725490196
			4509.80392156863	-3343.13725490196
			4507.35294117647	-3343.13725490196
			4504.90196078431	-3343.13725490196
			4502.45098039216	-3343.13725490196
			4500	-3340.6862745098
			4497.54901960784	-3340.6862745098
			4495.09803921569	-3340.6862745098
			4492.64705882353	-3340.6862745098
			4490.19607843137	-3340.6862745098
			4487.74509803922	-3340.6862745098
			4485.29411764706	-3340.6862745098
			4482.8431372549	-3338.23529411765
			4480.39215686275	-3338.23529411765
			4477.94117647059	-3338.23529411765
			4475.49019607843	-3338.23529411765
			4475.49019607843	-3335.78431372549
			4473.03921568627	-3335.78431372549
			4470.58823529412	-3335.78431372549
			4470.58823529412	-3333.33333333333
			4468.13725490196	-3333.33333333333
			4465.6862745098	-3330.88235294118
			4463.23529411765	-3330.88235294118
			4460.78431372549	-3328.43137254902
			4458.33333333333	-3325.98039215686
			4455.88235294118	-3325.98039215686
			4453.43137254902	-3323.52941176471
			4450.98039215686	-3321.07843137255
			4448.52941176471	-3318.62745098039
			4446.07843137255	-3316.17647058824
			4443.62745098039	-3313.72549019608
			4441.17647058824	-3311.27450980392
			4438.72549019608	-3308.82352941176
			4436.27450980392	-3306.37254901961
			4436.27450980392	-3303.92156862745
			4433.82352941176	-3301.47058823529
			4433.82352941176	-3299.01960784314
			4431.37254901961	-3299.01960784314
			4431.37254901961	-3296.56862745098
			4428.92156862745	-3294.11764705882
			4428.92156862745	-3291.66666666667
			4426.47058823529	-3289.21568627451
			4426.47058823529	-3286.76470588235
			4426.47058823529	-3284.3137254902
			4424.01960784314	-3284.3137254902
			4424.01960784314	-3281.86274509804
			4424.01960784314	-3279.41176470588
			4421.56862745098	-3276.96078431373
			4421.56862745098	-3274.50980392157
			4421.56862745098	-3272.05882352941
			4421.56862745098	-3269.60784313726
			4419.11764705882	-3267.1568627451
			4419.11764705882	-3264.70588235294
			4419.11764705882	-3262.25490196078
			4419.11764705882	-3259.80392156863
			4419.11764705882	-3257.35294117647
			4419.11764705882	-3254.90196078431
			4419.11764705882	-3252.45098039216
			4419.11764705882	-3250
			4419.11764705882	-3247.54901960784
			4416.66666666667	-3245.09803921569
			4416.66666666667	-3242.64705882353
			4416.66666666667	-3240.19607843137
			4416.66666666667	-3237.74509803922
			4419.11764705882	-3235.29411764706
			4419.11764705882	-3232.8431372549
			4419.11764705882	-3230.39215686275
			4419.11764705882	-3227.94117647059
			4419.11764705882	-3225.49019607843
			4419.11764705882	-3223.03921568627
			4419.11764705882	-3220.58823529412
			4419.11764705882	-3218.13725490196
			4419.11764705882	-3215.6862745098
			4419.11764705882	-3213.23529411765
			4419.11764705882	-3210.78431372549
			4421.56862745098	-3210.78431372549
			4421.56862745098	-3208.33333333333
			4421.56862745098	-3205.88235294118
			4421.56862745098	-3203.43137254902
			4421.56862745098	-3200.98039215686
			4421.56862745098	-3198.52941176471
			4424.01960784314	-3196.07843137255
			4424.01960784314	-3193.62745098039
			4424.01960784314	-3191.17647058824
			4424.01960784314	-3188.72549019608
			4426.47058823529	-3186.27450980392
			4426.47058823529	-3183.82352941176
			4426.47058823529	-3181.37254901961
			4426.47058823529	-3178.92156862745
			4428.92156862745	-3176.47058823529
			4428.92156862745	-3174.01960784314
			4428.92156862745	-3171.56862745098
			4428.92156862745	-3169.11764705882
			4431.37254901961	-3166.66666666667
			4431.37254901961	-3164.21568627451
			4431.37254901961	-3161.76470588235
			4433.82352941176	-3159.3137254902
			4433.82352941176	-3156.86274509804
			4433.82352941176	-3154.41176470588
			4436.27450980392	-3151.96078431373
			4436.27450980392	-3149.50980392157
			4436.27450980392	-3147.05882352941
			4438.72549019608	-3144.60784313726
			4438.72549019608	-3142.1568627451
			4441.17647058824	-3139.70588235294
			4441.17647058824	-3137.25490196078
			4441.17647058824	-3134.80392156863
			4443.62745098039	-3132.35294117647
			4443.62745098039	-3129.90196078431
			4443.62745098039	-3127.45098039216
			4446.07843137255	-3127.45098039216
			4446.07843137255	-3125
			4446.07843137255	-3122.54901960784
			4448.52941176471	-3120.09803921569
			4448.52941176471	-3117.64705882353
			4450.98039215686	-3115.19607843137
			4450.98039215686	-3112.74509803922
			4450.98039215686	-3110.29411764706
			4453.43137254902	-3110.29411764706
			4453.43137254902	-3107.8431372549
			4453.43137254902	-3105.39215686275
			4455.88235294118	-3102.94117647059
			4455.88235294118	-3100.49019607843
			4458.33333333333	-3098.03921568627
			4458.33333333333	-3095.58823529412
			4460.78431372549	-3093.13725490196
			4460.78431372549	-3090.6862745098
			4463.23529411765	-3088.23529411765
			4463.23529411765	-3085.78431372549
			4465.6862745098	-3083.33333333333
			4465.6862745098	-3080.88235294118
			4468.13725490196	-3078.43137254902
			4468.13725490196	-3075.98039215686
		</C2>
	</curves.scaled>
	<ruler.points type=matrix rownames=TRUE colnames=FALSE nrow=2 ncol=2 as.numeric=TRUE >
		Ruler point 1	3	1877
		Ruler point 2	105	1877
	</ruler.points>
</shapes>

