<shapes type=list>
	<ruler.pixel type=vector names=FALSE length=1 as.numeric=TRUE >102</ruler.pixel>
	<ruler.interval type=vector names=FALSE length=1 as.numeric=TRUE >250</ruler.interval>
	<scaling.units type=vector names=FALSE length=1 as.numeric=FALSE >nm</scaling.units>
	<scaling type=vector names=FALSE length=1 as.numeric=TRUE >2.45098039215686</scaling>
	<landmarks.pixel type=matrix rownames=TRUE colnames=FALSE nrow=4 ncol=2 as.numeric=TRUE >
		1-TopL	1442	639
		2-TopR	2046	709
		3-BotR	1773	1093
		4-BotL	1692	1059
	</landmarks.pixel>
	<landmarks.scaled type=matrix rownames=TRUE colnames=FALSE nrow=4 ncol=2 as.numeric=TRUE >
		1-TopL	3534.3137254902	-1566.17647058824
		2-TopR	5014.70588235294	-1737.74509803922
		3-BotR	4345.58823529412	-2678.92156862745
		4-BotL	4147.05882352941	-2595.58823529412
	</landmarks.scaled>
	<curves.control type=list>
		<C1 type=matrix rownames=FALSE colnames=FALSE nrow=7 ncol=2 as.numeric=TRUE >
			1442	639
			1571	535
			1713	546
			1792	555
			1869	605
			2002	643
			2046	709
		</C1>
		<C2 type=matrix rownames=FALSE colnames=FALSE nrow=7 ncol=2 as.numeric=TRUE >
			1773	1093
			1782	1123
			1759	1126
			1749	1152
			1711	1137
			1668	1127
			1692	1059
		</C2>
	</curves.control>
	<curves.pixel type=list>
		<C1 type=matrix rownames=FALSE colnames=FALSE nrow=638 ncol=2 as.numeric=TRUE >
			1442	639
			1443	638
			1444	637
			1445	636
			1446	636
			1447	635
			1448	635
			1448	634
			1449	634
			1450	633
			1450	632
			1451	632
			1452	631
			1453	630
			1454	629
			1455	629
			1456	628
			1457	627
			1458	627
			1459	626
			1459	625
			1460	625
			1461	624
			1462	624
			1463	623
			1464	622
			1465	622
			1465	621
			1466	621
			1467	620
			1468	619
			1469	619
			1470	618
			1471	617
			1472	616
			1473	616
			1474	615
			1475	614
			1476	614
			1477	613
			1478	612
			1479	612
			1480	611
			1481	610
			1482	610
			1483	609
			1484	608
			1485	608
			1486	607
			1487	606
			1488	606
			1489	605
			1490	604
			1491	604
			1492	603
			1493	602
			1494	602
			1495	601
			1496	601
			1497	600
			1498	600
			1499	599
			1500	598
			1501	598
			1502	598
			1502	597
			1503	597
			1504	596
			1505	596
			1505	595
			1506	595
			1507	595
			1507	594
			1508	594
			1509	593
			1510	593
			1510	592
			1511	592
			1512	592
			1513	591
			1514	590
			1515	590
			1516	589
			1517	589
			1518	589
			1519	588
			1520	587
			1521	587
			1522	586
			1523	585
			1524	585
			1525	585
			1525	584
			1526	584
			1527	584
			1528	583
			1529	583
			1530	582
			1531	582
			1532	581
			1533	581
			1534	580
			1535	580
			1536	579
			1537	579
			1538	578
			1539	578
			1540	578
			1540	577
			1541	577
			1542	576
			1543	576
			1544	576
			1545	575
			1546	575
			1547	574
			1548	574
			1549	574
			1550	573
			1551	573
			1552	572
			1553	572
			1554	571
			1555	571
			1556	571
			1556	570
			1557	570
			1558	570
			1559	569
			1560	569
			1561	568
			1562	568
			1563	568
			1564	568
			1564	567
			1565	567
			1566	567
			1567	566
			1568	566
			1569	565
			1570	565
			1571	565
			1572	564
			1573	564
			1574	564
			1575	563
			1576	563
			1577	563
			1578	562
			1579	562
			1580	562
			1581	562
			1582	561
			1583	561
			1584	561
			1585	560
			1586	560
			1587	560
			1588	559
			1589	559
			1590	559
			1591	559
			1592	558
			1593	558
			1594	558
			1595	557
			1596	557
			1597	557
			1598	557
			1599	556
			1600	556
			1601	556
			1602	555
			1603	555
			1604	555
			1605	555
			1606	554
			1607	554
			1608	554
			1609	554
			1610	554
			1611	553
			1612	553
			1613	553
			1614	553
			1615	552
			1616	552
			1617	552
			1618	552
			1619	552
			1620	551
			1621	551
			1622	551
			1623	551
			1624	551
			1625	550
			1626	550
			1627	550
			1628	550
			1629	550
			1630	550
			1631	549
			1632	549
			1633	549
			1634	549
			1635	549
			1636	549
			1637	549
			1638	548
			1639	548
			1640	548
			1641	548
			1642	548
			1643	548
			1644	548
			1644	547
			1645	547
			1646	547
			1647	547
			1648	547
			1649	547
			1650	547
			1651	547
			1652	547
			1653	547
			1654	546
			1655	546
			1656	546
			1657	546
			1658	546
			1659	546
			1660	546
			1661	546
			1662	546
			1663	546
			1664	546
			1665	546
			1666	546
			1667	545
			1668	545
			1669	545
			1670	545
			1671	545
			1672	545
			1673	545
			1674	545
			1675	545
			1676	545
			1677	545
			1678	545
			1679	545
			1680	545
			1681	545
			1682	545
			1683	545
			1684	545
			1685	545
			1686	545
			1687	545
			1688	545
			1689	545
			1690	545
			1691	545
			1692	545
			1693	545
			1694	545
			1695	545
			1696	545
			1697	545
			1698	545
			1699	545
			1700	545
			1701	545
			1702	545
			1703	545
			1704	545
			1705	545
			1706	546
			1707	546
			1708	546
			1709	546
			1710	546
			1711	546
			1712	546
			1713	546
			1714	546
			1715	546
			1716	546
			1717	547
			1718	547
			1719	547
			1720	547
			1721	547
			1722	547
			1723	547
			1724	548
			1725	548
			1726	548
			1727	548
			1728	548
			1729	548
			1730	548
			1731	549
			1732	549
			1733	549
			1734	549
			1735	549
			1736	549
			1737	550
			1738	550
			1739	550
			1740	550
			1741	550
			1742	551
			1743	551
			1744	551
			1745	551
			1746	552
			1747	552
			1748	552
			1749	552
			1750	552
			1751	553
			1752	553
			1753	553
			1754	553
			1754	554
			1755	554
			1756	554
			1757	554
			1758	555
			1759	555
			1760	555
			1761	555
			1762	556
			1763	556
			1764	556
			1765	556
			1766	557
			1767	557
			1768	557
			1769	558
			1770	558
			1771	558
			1772	559
			1773	559
			1774	559
			1775	559
			1776	560
			1777	560
			1778	560
			1779	561
			1780	561
			1781	561
			1782	562
			1783	562
			1784	562
			1785	563
			1786	563
			1787	564
			1788	564
			1789	564
			1790	565
			1791	565
			1792	565
			1793	566
			1794	566
			1795	566
			1795	567
			1796	567
			1797	567
			1798	568
			1799	568
			1800	568
			1800	569
			1801	569
			1802	569
			1803	570
			1804	570
			1805	571
			1806	571
			1807	572
			1808	572
			1809	573
			1810	573
			1811	573
			1812	574
			1813	574
			1814	575
			1815	575
			1816	576
			1817	576
			1818	577
			1819	577
			1820	578
			1821	578
			1822	579
			1823	579
			1824	579
			1825	580
			1826	580
			1827	581
			1828	581
			1829	582
			1830	582
			1831	583
			1832	583
			1833	584
			1834	585
			1835	585
			1836	586
			1837	586
			1838	587
			1839	587
			1840	588
			1841	588
			1842	589
			1843	589
			1844	590
			1845	590
			1846	591
			1847	592
			1848	592
			1849	593
			1850	593
			1851	594
			1852	594
			1853	595
			1854	596
			1855	596
			1856	597
			1857	597
			1858	598
			1859	599
			1860	599
			1861	600
			1862	600
			1863	601
			1864	602
			1865	602
			1866	603
			1867	604
			1868	604
			1869	605
			1870	605
			1871	606
			1872	606
			1873	606
			1874	607
			1875	607
			1876	607
			1877	607
			1878	608
			1879	608
			1880	608
			1881	608
			1881	609
			1882	609
			1883	609
			1884	609
			1884	610
			1885	610
			1886	610
			1887	610
			1888	611
			1889	611
			1890	611
			1890	612
			1891	612
			1892	612
			1893	612
			1894	613
			1895	613
			1896	613
			1897	614
			1898	614
			1899	614
			1900	615
			1901	615
			1902	615
			1903	616
			1904	616
			1905	616
			1906	617
			1907	617
			1908	617
			1909	618
			1910	618
			1911	618
			1912	619
			1913	619
			1914	619
			1914	620
			1915	620
			1916	620
			1917	621
			1918	621
			1919	622
			1920	622
			1921	622
			1922	623
			1923	623
			1924	623
			1925	624
			1926	624
			1927	625
			1928	625
			1929	625
			1929	626
			1930	626
			1931	626
			1932	627
			1933	627
			1934	628
			1935	628
			1936	628
			1937	629
			1938	629
			1939	630
			1940	630
			1941	630
			1942	631
			1943	631
			1944	632
			1945	632
			1946	633
			1947	633
			1948	634
			1949	634
			1950	635
			1951	635
			1952	636
			1953	636
			1954	637
			1955	637
			1956	638
			1957	638
			1958	639
			1959	639
			1960	639
			1961	640
			1962	640
			1963	641
			1964	641
			1965	642
			1966	642
			1967	643
			1968	643
			1969	644
			1970	644
			1971	645
			1972	645
			1973	646
			1974	646
			1974	647
			1975	647
			1976	648
			1977	648
			1978	649
			1979	650
			1980	650
			1981	651
			1982	651
			1982	652
			1983	652
			1984	653
			1985	653
			1986	654
			1987	654
			1988	655
			1989	656
			1990	656
			1991	657
			1992	658
			1993	658
			1994	659
			1995	660
			1996	660
			1997	661
			1998	662
			1999	662
			2000	663
			2001	664
			2002	664
			2003	665
			2003	666
			2004	666
			2005	667
			2006	668
			2007	668
			2008	669
			2009	670
			2010	670
			2010	671
			2011	672
			2012	672
			2013	673
			2014	674
			2015	674
			2015	675
			2016	676
			2017	677
			2018	677
			2019	678
			2019	679
			2020	679
			2021	680
			2022	681
			2023	682
			2024	683
			2025	684
			2026	685
			2027	686
			2028	687
			2029	688
			2030	689
			2031	690
			2032	691
			2033	692
			2033	693
			2034	693
			2035	694
			2035	695
			2036	695
			2036	696
			2037	697
			2038	698
			2039	699
			2039	700
			2040	701
			2041	702
			2042	703
			2043	704
			2043	705
			2044	706
			2045	707
			2045	708
			2046	709
		</C1>
		<C2 type=matrix rownames=FALSE colnames=FALSE nrow=182 ncol=2 as.numeric=TRUE >
			1773	1093
			1773	1094
			1774	1095
			1774	1096
			1774	1097
			1774	1098
			1775	1099
			1775	1100
			1775	1101
			1775	1102
			1775	1103
			1775	1104
			1775	1105
			1775	1106
			1776	1107
			1776	1108
			1775	1109
			1775	1110
			1775	1111
			1775	1112
			1775	1113
			1775	1114
			1775	1115
			1774	1115
			1774	1116
			1774	1117
			1773	1118
			1773	1119
			1772	1120
			1771	1121
			1770	1121
			1770	1122
			1769	1123
			1768	1123
			1767	1124
			1766	1124
			1765	1124
			1764	1125
			1763	1125
			1762	1125
			1761	1126
			1760	1126
			1759	1127
			1758	1128
			1758	1129
			1757	1130
			1757	1131
			1756	1131
			1756	1132
			1755	1133
			1754	1134
			1753	1135
			1752	1136
			1751	1137
			1750	1138
			1749	1139
			1748	1140
			1747	1140
			1746	1141
			1745	1141
			1744	1141
			1743	1141
			1742	1142
			1741	1142
			1740	1142
			1739	1142
			1738	1142
			1737	1142
			1736	1142
			1735	1142
			1734	1142
			1733	1142
			1732	1142
			1731	1142
			1730	1142
			1729	1142
			1728	1142
			1727	1142
			1726	1142
			1725	1141
			1724	1141
			1723	1141
			1722	1141
			1721	1140
			1720	1140
			1719	1140
			1718	1140
			1717	1139
			1716	1139
			1715	1139
			1714	1138
			1713	1138
			1712	1137
			1711	1137
			1710	1137
			1709	1136
			1708	1136
			1707	1136
			1706	1136
			1705	1135
			1704	1135
			1703	1134
			1702	1134
			1701	1133
			1700	1133
			1699	1132
			1698	1131
			1697	1131
			1696	1130
			1695	1130
			1695	1129
			1694	1129
			1693	1128
			1692	1127
			1691	1126
			1690	1125
			1690	1124
			1689	1123
			1689	1122
			1688	1121
			1688	1120
			1687	1119
			1687	1118
			1686	1117
			1686	1116
			1686	1115
			1685	1114
			1685	1113
			1685	1112
			1684	1111
			1684	1110
			1684	1109
			1684	1108
			1684	1107
			1684	1106
			1684	1105
			1684	1104
			1683	1103
			1683	1102
			1683	1101
			1683	1100
			1683	1099
			1683	1098
			1683	1097
			1684	1096
			1684	1095
			1684	1094
			1684	1093
			1684	1092
			1684	1091
			1684	1090
			1684	1089
			1684	1088
			1685	1087
			1685	1086
			1685	1085
			1685	1084
			1685	1083
			1685	1082
			1686	1081
			1686	1080
			1686	1079
			1686	1078
			1687	1077
			1687	1076
			1687	1075
			1687	1074
			1688	1073
			1688	1072
			1688	1071
			1688	1070
			1689	1069
			1689	1068
			1689	1067
			1690	1066
			1690	1065
			1690	1064
			1691	1063
			1691	1062
			1691	1061
			1692	1060
			1692	1059
		</C2>
	</curves.pixel>
	<curves.scaled type=list>
		<C1 type=matrix rownames=FALSE colnames=FALSE nrow=638 ncol=2 as.numeric=TRUE >
			3534.3137254902	-1566.17647058824
			3536.76470588235	-1563.72549019608
			3539.21568627451	-1561.27450980392
			3541.66666666667	-1558.82352941176
			3544.11764705882	-1558.82352941176
			3546.56862745098	-1556.37254901961
			3549.01960784314	-1556.37254901961
			3549.01960784314	-1553.92156862745
			3551.47058823529	-1553.92156862745
			3553.92156862745	-1551.47058823529
			3553.92156862745	-1549.01960784314
			3556.37254901961	-1549.01960784314
			3558.82352941176	-1546.56862745098
			3561.27450980392	-1544.11764705882
			3563.72549019608	-1541.66666666667
			3566.17647058824	-1541.66666666667
			3568.62745098039	-1539.21568627451
			3571.07843137255	-1536.76470588235
			3573.52941176471	-1536.76470588235
			3575.98039215686	-1534.3137254902
			3575.98039215686	-1531.86274509804
			3578.43137254902	-1531.86274509804
			3580.88235294118	-1529.41176470588
			3583.33333333333	-1529.41176470588
			3585.78431372549	-1526.96078431373
			3588.23529411765	-1524.50980392157
			3590.6862745098	-1524.50980392157
			3590.6862745098	-1522.05882352941
			3593.13725490196	-1522.05882352941
			3595.58823529412	-1519.60784313726
			3598.03921568627	-1517.1568627451
			3600.49019607843	-1517.1568627451
			3602.94117647059	-1514.70588235294
			3605.39215686275	-1512.25490196078
			3607.8431372549	-1509.80392156863
			3610.29411764706	-1509.80392156863
			3612.74509803922	-1507.35294117647
			3615.19607843137	-1504.90196078431
			3617.64705882353	-1504.90196078431
			3620.09803921569	-1502.45098039216
			3622.54901960784	-1500
			3625	-1500
			3627.45098039216	-1497.54901960784
			3629.90196078431	-1495.09803921569
			3632.35294117647	-1495.09803921569
			3634.80392156863	-1492.64705882353
			3637.25490196078	-1490.19607843137
			3639.70588235294	-1490.19607843137
			3642.1568627451	-1487.74509803922
			3644.60784313726	-1485.29411764706
			3647.05882352941	-1485.29411764706
			3649.50980392157	-1482.8431372549
			3651.96078431373	-1480.39215686275
			3654.41176470588	-1480.39215686275
			3656.86274509804	-1477.94117647059
			3659.3137254902	-1475.49019607843
			3661.76470588235	-1475.49019607843
			3664.21568627451	-1473.03921568627
			3666.66666666667	-1473.03921568627
			3669.11764705882	-1470.58823529412
			3671.56862745098	-1470.58823529412
			3674.01960784314	-1468.13725490196
			3676.47058823529	-1465.6862745098
			3678.92156862745	-1465.6862745098
			3681.37254901961	-1465.6862745098
			3681.37254901961	-1463.23529411765
			3683.82352941176	-1463.23529411765
			3686.27450980392	-1460.78431372549
			3688.72549019608	-1460.78431372549
			3688.72549019608	-1458.33333333333
			3691.17647058824	-1458.33333333333
			3693.62745098039	-1458.33333333333
			3693.62745098039	-1455.88235294118
			3696.07843137255	-1455.88235294118
			3698.52941176471	-1453.43137254902
			3700.98039215686	-1453.43137254902
			3700.98039215686	-1450.98039215686
			3703.43137254902	-1450.98039215686
			3705.88235294118	-1450.98039215686
			3708.33333333333	-1448.52941176471
			3710.78431372549	-1446.07843137255
			3713.23529411765	-1446.07843137255
			3715.6862745098	-1443.62745098039
			3718.13725490196	-1443.62745098039
			3720.58823529412	-1443.62745098039
			3723.03921568627	-1441.17647058824
			3725.49019607843	-1438.72549019608
			3727.94117647059	-1438.72549019608
			3730.39215686275	-1436.27450980392
			3732.8431372549	-1433.82352941176
			3735.29411764706	-1433.82352941176
			3737.74509803922	-1433.82352941176
			3737.74509803922	-1431.37254901961
			3740.19607843137	-1431.37254901961
			3742.64705882353	-1431.37254901961
			3745.09803921569	-1428.92156862745
			3747.54901960784	-1428.92156862745
			3750	-1426.47058823529
			3752.45098039216	-1426.47058823529
			3754.90196078431	-1424.01960784314
			3757.35294117647	-1424.01960784314
			3759.80392156863	-1421.56862745098
			3762.25490196078	-1421.56862745098
			3764.70588235294	-1419.11764705882
			3767.1568627451	-1419.11764705882
			3769.60784313726	-1416.66666666667
			3772.05882352941	-1416.66666666667
			3774.50980392157	-1416.66666666667
			3774.50980392157	-1414.21568627451
			3776.96078431373	-1414.21568627451
			3779.41176470588	-1411.76470588235
			3781.86274509804	-1411.76470588235
			3784.3137254902	-1411.76470588235
			3786.76470588235	-1409.3137254902
			3789.21568627451	-1409.3137254902
			3791.66666666667	-1406.86274509804
			3794.11764705882	-1406.86274509804
			3796.56862745098	-1406.86274509804
			3799.01960784314	-1404.41176470588
			3801.47058823529	-1404.41176470588
			3803.92156862745	-1401.96078431373
			3806.37254901961	-1401.96078431373
			3808.82352941176	-1399.50980392157
			3811.27450980392	-1399.50980392157
			3813.72549019608	-1399.50980392157
			3813.72549019608	-1397.05882352941
			3816.17647058824	-1397.05882352941
			3818.62745098039	-1397.05882352941
			3821.07843137255	-1394.60784313726
			3823.52941176471	-1394.60784313726
			3825.98039215686	-1392.1568627451
			3828.43137254902	-1392.1568627451
			3830.88235294118	-1392.1568627451
			3833.33333333333	-1392.1568627451
			3833.33333333333	-1389.70588235294
			3835.78431372549	-1389.70588235294
			3838.23529411765	-1389.70588235294
			3840.6862745098	-1387.25490196078
			3843.13725490196	-1387.25490196078
			3845.58823529412	-1384.80392156863
			3848.03921568627	-1384.80392156863
			3850.49019607843	-1384.80392156863
			3852.94117647059	-1382.35294117647
			3855.39215686275	-1382.35294117647
			3857.8431372549	-1382.35294117647
			3860.29411764706	-1379.90196078431
			3862.74509803922	-1379.90196078431
			3865.19607843137	-1379.90196078431
			3867.64705882353	-1377.45098039216
			3870.09803921569	-1377.45098039216
			3872.54901960784	-1377.45098039216
			3875	-1377.45098039216
			3877.45098039216	-1375
			3879.90196078431	-1375
			3882.35294117647	-1375
			3884.80392156863	-1372.54901960784
			3887.25490196078	-1372.54901960784
			3889.70588235294	-1372.54901960784
			3892.1568627451	-1370.09803921569
			3894.60784313726	-1370.09803921569
			3897.05882352941	-1370.09803921569
			3899.50980392157	-1370.09803921569
			3901.96078431373	-1367.64705882353
			3904.41176470588	-1367.64705882353
			3906.86274509804	-1367.64705882353
			3909.3137254902	-1365.19607843137
			3911.76470588235	-1365.19607843137
			3914.21568627451	-1365.19607843137
			3916.66666666667	-1365.19607843137
			3919.11764705882	-1362.74509803922
			3921.56862745098	-1362.74509803922
			3924.01960784314	-1362.74509803922
			3926.47058823529	-1360.29411764706
			3928.92156862745	-1360.29411764706
			3931.37254901961	-1360.29411764706
			3933.82352941176	-1360.29411764706
			3936.27450980392	-1357.8431372549
			3938.72549019608	-1357.8431372549
			3941.17647058824	-1357.8431372549
			3943.62745098039	-1357.8431372549
			3946.07843137255	-1357.8431372549
			3948.52941176471	-1355.39215686275
			3950.98039215686	-1355.39215686275
			3953.43137254902	-1355.39215686275
			3955.88235294118	-1355.39215686275
			3958.33333333333	-1352.94117647059
			3960.78431372549	-1352.94117647059
			3963.23529411765	-1352.94117647059
			3965.6862745098	-1352.94117647059
			3968.13725490196	-1352.94117647059
			3970.58823529412	-1350.49019607843
			3973.03921568627	-1350.49019607843
			3975.49019607843	-1350.49019607843
			3977.94117647059	-1350.49019607843
			3980.39215686275	-1350.49019607843
			3982.8431372549	-1348.03921568627
			3985.29411764706	-1348.03921568627
			3987.74509803922	-1348.03921568627
			3990.19607843137	-1348.03921568627
			3992.64705882353	-1348.03921568627
			3995.09803921569	-1348.03921568627
			3997.54901960784	-1345.58823529412
			4000	-1345.58823529412
			4002.45098039216	-1345.58823529412
			4004.90196078431	-1345.58823529412
			4007.35294117647	-1345.58823529412
			4009.80392156863	-1345.58823529412
			4012.25490196078	-1345.58823529412
			4014.70588235294	-1343.13725490196
			4017.1568627451	-1343.13725490196
			4019.60784313726	-1343.13725490196
			4022.05882352941	-1343.13725490196
			4024.50980392157	-1343.13725490196
			4026.96078431373	-1343.13725490196
			4029.41176470588	-1343.13725490196
			4029.41176470588	-1340.6862745098
			4031.86274509804	-1340.6862745098
			4034.3137254902	-1340.6862745098
			4036.76470588235	-1340.6862745098
			4039.21568627451	-1340.6862745098
			4041.66666666667	-1340.6862745098
			4044.11764705882	-1340.6862745098
			4046.56862745098	-1340.6862745098
			4049.01960784314	-1340.6862745098
			4051.47058823529	-1340.6862745098
			4053.92156862745	-1338.23529411765
			4056.37254901961	-1338.23529411765
			4058.82352941176	-1338.23529411765
			4061.27450980392	-1338.23529411765
			4063.72549019608	-1338.23529411765
			4066.17647058824	-1338.23529411765
			4068.62745098039	-1338.23529411765
			4071.07843137255	-1338.23529411765
			4073.52941176471	-1338.23529411765
			4075.98039215686	-1338.23529411765
			4078.43137254902	-1338.23529411765
			4080.88235294118	-1338.23529411765
			4083.33333333333	-1338.23529411765
			4085.78431372549	-1335.78431372549
			4088.23529411765	-1335.78431372549
			4090.6862745098	-1335.78431372549
			4093.13725490196	-1335.78431372549
			4095.58823529412	-1335.78431372549
			4098.03921568627	-1335.78431372549
			4100.49019607843	-1335.78431372549
			4102.94117647059	-1335.78431372549
			4105.39215686275	-1335.78431372549
			4107.8431372549	-1335.78431372549
			4110.29411764706	-1335.78431372549
			4112.74509803922	-1335.78431372549
			4115.19607843137	-1335.78431372549
			4117.64705882353	-1335.78431372549
			4120.09803921569	-1335.78431372549
			4122.54901960784	-1335.78431372549
			4125	-1335.78431372549
			4127.45098039216	-1335.78431372549
			4129.90196078431	-1335.78431372549
			4132.35294117647	-1335.78431372549
			4134.80392156863	-1335.78431372549
			4137.25490196078	-1335.78431372549
			4139.70588235294	-1335.78431372549
			4142.1568627451	-1335.78431372549
			4144.60784313726	-1335.78431372549
			4147.05882352941	-1335.78431372549
			4149.50980392157	-1335.78431372549
			4151.96078431373	-1335.78431372549
			4154.41176470588	-1335.78431372549
			4156.86274509804	-1335.78431372549
			4159.3137254902	-1335.78431372549
			4161.76470588235	-1335.78431372549
			4164.21568627451	-1335.78431372549
			4166.66666666667	-1335.78431372549
			4169.11764705882	-1335.78431372549
			4171.56862745098	-1335.78431372549
			4174.01960784314	-1335.78431372549
			4176.47058823529	-1335.78431372549
			4178.92156862745	-1335.78431372549
			4181.37254901961	-1338.23529411765
			4183.82352941176	-1338.23529411765
			4186.27450980392	-1338.23529411765
			4188.72549019608	-1338.23529411765
			4191.17647058824	-1338.23529411765
			4193.62745098039	-1338.23529411765
			4196.07843137255	-1338.23529411765
			4198.52941176471	-1338.23529411765
			4200.98039215686	-1338.23529411765
			4203.43137254902	-1338.23529411765
			4205.88235294118	-1338.23529411765
			4208.33333333333	-1340.6862745098
			4210.78431372549	-1340.6862745098
			4213.23529411765	-1340.6862745098
			4215.6862745098	-1340.6862745098
			4218.13725490196	-1340.6862745098
			4220.58823529412	-1340.6862745098
			4223.03921568627	-1340.6862745098
			4225.49019607843	-1343.13725490196
			4227.94117647059	-1343.13725490196
			4230.39215686275	-1343.13725490196
			4232.8431372549	-1343.13725490196
			4235.29411764706	-1343.13725490196
			4237.74509803922	-1343.13725490196
			4240.19607843137	-1343.13725490196
			4242.64705882353	-1345.58823529412
			4245.09803921569	-1345.58823529412
			4247.54901960784	-1345.58823529412
			4250	-1345.58823529412
			4252.45098039216	-1345.58823529412
			4254.90196078431	-1345.58823529412
			4257.35294117647	-1348.03921568627
			4259.80392156863	-1348.03921568627
			4262.25490196078	-1348.03921568627
			4264.70588235294	-1348.03921568627
			4267.1568627451	-1348.03921568627
			4269.60784313726	-1350.49019607843
			4272.05882352941	-1350.49019607843
			4274.50980392157	-1350.49019607843
			4276.96078431373	-1350.49019607843
			4279.41176470588	-1352.94117647059
			4281.86274509804	-1352.94117647059
			4284.3137254902	-1352.94117647059
			4286.76470588235	-1352.94117647059
			4289.21568627451	-1352.94117647059
			4291.66666666667	-1355.39215686275
			4294.11764705882	-1355.39215686275
			4296.56862745098	-1355.39215686275
			4299.01960784314	-1355.39215686275
			4299.01960784314	-1357.8431372549
			4301.47058823529	-1357.8431372549
			4303.92156862745	-1357.8431372549
			4306.37254901961	-1357.8431372549
			4308.82352941176	-1360.29411764706
			4311.27450980392	-1360.29411764706
			4313.72549019608	-1360.29411764706
			4316.17647058824	-1360.29411764706
			4318.62745098039	-1362.74509803922
			4321.07843137255	-1362.74509803922
			4323.52941176471	-1362.74509803922
			4325.98039215686	-1362.74509803922
			4328.43137254902	-1365.19607843137
			4330.88235294118	-1365.19607843137
			4333.33333333333	-1365.19607843137
			4335.78431372549	-1367.64705882353
			4338.23529411765	-1367.64705882353
			4340.6862745098	-1367.64705882353
			4343.13725490196	-1370.09803921569
			4345.58823529412	-1370.09803921569
			4348.03921568627	-1370.09803921569
			4350.49019607843	-1370.09803921569
			4352.94117647059	-1372.54901960784
			4355.39215686275	-1372.54901960784
			4357.8431372549	-1372.54901960784
			4360.29411764706	-1375
			4362.74509803922	-1375
			4365.19607843137	-1375
			4367.64705882353	-1377.45098039216
			4370.09803921569	-1377.45098039216
			4372.54901960784	-1377.45098039216
			4375	-1379.90196078431
			4377.45098039216	-1379.90196078431
			4379.90196078431	-1382.35294117647
			4382.35294117647	-1382.35294117647
			4384.80392156863	-1382.35294117647
			4387.25490196078	-1384.80392156863
			4389.70588235294	-1384.80392156863
			4392.1568627451	-1384.80392156863
			4394.60784313726	-1387.25490196078
			4397.05882352941	-1387.25490196078
			4399.50980392157	-1387.25490196078
			4399.50980392157	-1389.70588235294
			4401.96078431373	-1389.70588235294
			4404.41176470588	-1389.70588235294
			4406.86274509804	-1392.1568627451
			4409.3137254902	-1392.1568627451
			4411.76470588235	-1392.1568627451
			4411.76470588235	-1394.60784313726
			4414.21568627451	-1394.60784313726
			4416.66666666667	-1394.60784313726
			4419.11764705882	-1397.05882352941
			4421.56862745098	-1397.05882352941
			4424.01960784314	-1399.50980392157
			4426.47058823529	-1399.50980392157
			4428.92156862745	-1401.96078431373
			4431.37254901961	-1401.96078431373
			4433.82352941176	-1404.41176470588
			4436.27450980392	-1404.41176470588
			4438.72549019608	-1404.41176470588
			4441.17647058824	-1406.86274509804
			4443.62745098039	-1406.86274509804
			4446.07843137255	-1409.3137254902
			4448.52941176471	-1409.3137254902
			4450.98039215686	-1411.76470588235
			4453.43137254902	-1411.76470588235
			4455.88235294118	-1414.21568627451
			4458.33333333333	-1414.21568627451
			4460.78431372549	-1416.66666666667
			4463.23529411765	-1416.66666666667
			4465.6862745098	-1419.11764705882
			4468.13725490196	-1419.11764705882
			4470.58823529412	-1419.11764705882
			4473.03921568627	-1421.56862745098
			4475.49019607843	-1421.56862745098
			4477.94117647059	-1424.01960784314
			4480.39215686275	-1424.01960784314
			4482.8431372549	-1426.47058823529
			4485.29411764706	-1426.47058823529
			4487.74509803922	-1428.92156862745
			4490.19607843137	-1428.92156862745
			4492.64705882353	-1431.37254901961
			4495.09803921569	-1433.82352941176
			4497.54901960784	-1433.82352941176
			4500	-1436.27450980392
			4502.45098039216	-1436.27450980392
			4504.90196078431	-1438.72549019608
			4507.35294117647	-1438.72549019608
			4509.80392156863	-1441.17647058824
			4512.25490196078	-1441.17647058824
			4514.70588235294	-1443.62745098039
			4517.1568627451	-1443.62745098039
			4519.60784313726	-1446.07843137255
			4522.05882352941	-1446.07843137255
			4524.50980392157	-1448.52941176471
			4526.96078431373	-1450.98039215686
			4529.41176470588	-1450.98039215686
			4531.86274509804	-1453.43137254902
			4534.3137254902	-1453.43137254902
			4536.76470588235	-1455.88235294118
			4539.21568627451	-1455.88235294118
			4541.66666666667	-1458.33333333333
			4544.11764705882	-1460.78431372549
			4546.56862745098	-1460.78431372549
			4549.01960784314	-1463.23529411765
			4551.47058823529	-1463.23529411765
			4553.92156862745	-1465.6862745098
			4556.37254901961	-1468.13725490196
			4558.82352941176	-1468.13725490196
			4561.27450980392	-1470.58823529412
			4563.72549019608	-1470.58823529412
			4566.17647058824	-1473.03921568627
			4568.62745098039	-1475.49019607843
			4571.07843137255	-1475.49019607843
			4573.52941176471	-1477.94117647059
			4575.98039215686	-1480.39215686275
			4578.43137254902	-1480.39215686275
			4580.88235294118	-1482.8431372549
			4583.33333333333	-1482.8431372549
			4585.78431372549	-1485.29411764706
			4588.23529411765	-1485.29411764706
			4590.6862745098	-1485.29411764706
			4593.13725490196	-1487.74509803922
			4595.58823529412	-1487.74509803922
			4598.03921568627	-1487.74509803922
			4600.49019607843	-1487.74509803922
			4602.94117647059	-1490.19607843137
			4605.39215686275	-1490.19607843137
			4607.8431372549	-1490.19607843137
			4610.29411764706	-1490.19607843137
			4610.29411764706	-1492.64705882353
			4612.74509803922	-1492.64705882353
			4615.19607843137	-1492.64705882353
			4617.64705882353	-1492.64705882353
			4617.64705882353	-1495.09803921569
			4620.09803921569	-1495.09803921569
			4622.54901960784	-1495.09803921569
			4625	-1495.09803921569
			4627.45098039216	-1497.54901960784
			4629.90196078431	-1497.54901960784
			4632.35294117647	-1497.54901960784
			4632.35294117647	-1500
			4634.80392156863	-1500
			4637.25490196078	-1500
			4639.70588235294	-1500
			4642.1568627451	-1502.45098039216
			4644.60784313726	-1502.45098039216
			4647.05882352941	-1502.45098039216
			4649.50980392157	-1504.90196078431
			4651.96078431373	-1504.90196078431
			4654.41176470588	-1504.90196078431
			4656.86274509804	-1507.35294117647
			4659.3137254902	-1507.35294117647
			4661.76470588235	-1507.35294117647
			4664.21568627451	-1509.80392156863
			4666.66666666667	-1509.80392156863
			4669.11764705882	-1509.80392156863
			4671.56862745098	-1512.25490196078
			4674.01960784314	-1512.25490196078
			4676.47058823529	-1512.25490196078
			4678.92156862745	-1514.70588235294
			4681.37254901961	-1514.70588235294
			4683.82352941176	-1514.70588235294
			4686.27450980392	-1517.1568627451
			4688.72549019608	-1517.1568627451
			4691.17647058824	-1517.1568627451
			4691.17647058824	-1519.60784313726
			4693.62745098039	-1519.60784313726
			4696.07843137255	-1519.60784313726
			4698.52941176471	-1522.05882352941
			4700.98039215686	-1522.05882352941
			4703.43137254902	-1524.50980392157
			4705.88235294118	-1524.50980392157
			4708.33333333333	-1524.50980392157
			4710.78431372549	-1526.96078431373
			4713.23529411765	-1526.96078431373
			4715.6862745098	-1526.96078431373
			4718.13725490196	-1529.41176470588
			4720.58823529412	-1529.41176470588
			4723.03921568627	-1531.86274509804
			4725.49019607843	-1531.86274509804
			4727.94117647059	-1531.86274509804
			4727.94117647059	-1534.3137254902
			4730.39215686275	-1534.3137254902
			4732.8431372549	-1534.3137254902
			4735.29411764706	-1536.76470588235
			4737.74509803922	-1536.76470588235
			4740.19607843137	-1539.21568627451
			4742.64705882353	-1539.21568627451
			4745.09803921569	-1539.21568627451
			4747.54901960784	-1541.66666666667
			4750	-1541.66666666667
			4752.45098039216	-1544.11764705882
			4754.90196078431	-1544.11764705882
			4757.35294117647	-1544.11764705882
			4759.80392156863	-1546.56862745098
			4762.25490196078	-1546.56862745098
			4764.70588235294	-1549.01960784314
			4767.1568627451	-1549.01960784314
			4769.60784313726	-1551.47058823529
			4772.05882352941	-1551.47058823529
			4774.50980392157	-1553.92156862745
			4776.96078431373	-1553.92156862745
			4779.41176470588	-1556.37254901961
			4781.86274509804	-1556.37254901961
			4784.3137254902	-1558.82352941176
			4786.76470588235	-1558.82352941176
			4789.21568627451	-1561.27450980392
			4791.66666666667	-1561.27450980392
			4794.11764705882	-1563.72549019608
			4796.56862745098	-1563.72549019608
			4799.01960784314	-1566.17647058824
			4801.47058823529	-1566.17647058824
			4803.92156862745	-1566.17647058824
			4806.37254901961	-1568.62745098039
			4808.82352941176	-1568.62745098039
			4811.27450980392	-1571.07843137255
			4813.72549019608	-1571.07843137255
			4816.17647058824	-1573.52941176471
			4818.62745098039	-1573.52941176471
			4821.07843137255	-1575.98039215686
			4823.52941176471	-1575.98039215686
			4825.98039215686	-1578.43137254902
			4828.43137254902	-1578.43137254902
			4830.88235294118	-1580.88235294118
			4833.33333333333	-1580.88235294118
			4835.78431372549	-1583.33333333333
			4838.23529411765	-1583.33333333333
			4838.23529411765	-1585.78431372549
			4840.6862745098	-1585.78431372549
			4843.13725490196	-1588.23529411765
			4845.58823529412	-1588.23529411765
			4848.03921568627	-1590.6862745098
			4850.49019607843	-1593.13725490196
			4852.94117647059	-1593.13725490196
			4855.39215686275	-1595.58823529412
			4857.8431372549	-1595.58823529412
			4857.8431372549	-1598.03921568627
			4860.29411764706	-1598.03921568627
			4862.74509803922	-1600.49019607843
			4865.19607843137	-1600.49019607843
			4867.64705882353	-1602.94117647059
			4870.09803921569	-1602.94117647059
			4872.54901960784	-1605.39215686275
			4875	-1607.8431372549
			4877.45098039216	-1607.8431372549
			4879.90196078431	-1610.29411764706
			4882.35294117647	-1612.74509803922
			4884.80392156863	-1612.74509803922
			4887.25490196078	-1615.19607843137
			4889.70588235294	-1617.64705882353
			4892.1568627451	-1617.64705882353
			4894.60784313726	-1620.09803921569
			4897.05882352941	-1622.54901960784
			4899.50980392157	-1622.54901960784
			4901.96078431373	-1625
			4904.41176470588	-1627.45098039216
			4906.86274509804	-1627.45098039216
			4909.3137254902	-1629.90196078431
			4909.3137254902	-1632.35294117647
			4911.76470588235	-1632.35294117647
			4914.21568627451	-1634.80392156863
			4916.66666666667	-1637.25490196078
			4919.11764705882	-1637.25490196078
			4921.56862745098	-1639.70588235294
			4924.01960784314	-1642.1568627451
			4926.47058823529	-1642.1568627451
			4926.47058823529	-1644.60784313726
			4928.92156862745	-1647.05882352941
			4931.37254901961	-1647.05882352941
			4933.82352941176	-1649.50980392157
			4936.27450980392	-1651.96078431373
			4938.72549019608	-1651.96078431373
			4938.72549019608	-1654.41176470588
			4941.17647058824	-1656.86274509804
			4943.62745098039	-1659.3137254902
			4946.07843137255	-1659.3137254902
			4948.52941176471	-1661.76470588235
			4948.52941176471	-1664.21568627451
			4950.98039215686	-1664.21568627451
			4953.43137254902	-1666.66666666667
			4955.88235294118	-1669.11764705882
			4958.33333333333	-1671.56862745098
			4960.78431372549	-1674.01960784314
			4963.23529411765	-1676.47058823529
			4965.6862745098	-1678.92156862745
			4968.13725490196	-1681.37254901961
			4970.58823529412	-1683.82352941176
			4973.03921568627	-1686.27450980392
			4975.49019607843	-1688.72549019608
			4977.94117647059	-1691.17647058824
			4980.39215686275	-1693.62745098039
			4982.8431372549	-1696.07843137255
			4982.8431372549	-1698.52941176471
			4985.29411764706	-1698.52941176471
			4987.74509803922	-1700.98039215686
			4987.74509803922	-1703.43137254902
			4990.19607843137	-1703.43137254902
			4990.19607843137	-1705.88235294118
			4992.64705882353	-1708.33333333333
			4995.09803921569	-1710.78431372549
			4997.54901960784	-1713.23529411765
			4997.54901960784	-1715.6862745098
			5000	-1718.13725490196
			5002.45098039216	-1720.58823529412
			5004.90196078431	-1723.03921568627
			5007.35294117647	-1725.49019607843
			5007.35294117647	-1727.94117647059
			5009.80392156863	-1730.39215686275
			5012.25490196078	-1732.8431372549
			5012.25490196078	-1735.29411764706
			5014.70588235294	-1737.74509803922
		</C1>
		<C2 type=matrix rownames=FALSE colnames=FALSE nrow=182 ncol=2 as.numeric=TRUE >
			4345.58823529412	-2678.92156862745
			4345.58823529412	-2681.37254901961
			4348.03921568627	-2683.82352941176
			4348.03921568627	-2686.27450980392
			4348.03921568627	-2688.72549019608
			4348.03921568627	-2691.17647058824
			4350.49019607843	-2693.62745098039
			4350.49019607843	-2696.07843137255
			4350.49019607843	-2698.52941176471
			4350.49019607843	-2700.98039215686
			4350.49019607843	-2703.43137254902
			4350.49019607843	-2705.88235294118
			4350.49019607843	-2708.33333333333
			4350.49019607843	-2710.78431372549
			4352.94117647059	-2713.23529411765
			4352.94117647059	-2715.6862745098
			4350.49019607843	-2718.13725490196
			4350.49019607843	-2720.58823529412
			4350.49019607843	-2723.03921568627
			4350.49019607843	-2725.49019607843
			4350.49019607843	-2727.94117647059
			4350.49019607843	-2730.39215686275
			4350.49019607843	-2732.8431372549
			4348.03921568627	-2732.8431372549
			4348.03921568627	-2735.29411764706
			4348.03921568627	-2737.74509803922
			4345.58823529412	-2740.19607843137
			4345.58823529412	-2742.64705882353
			4343.13725490196	-2745.09803921569
			4340.6862745098	-2747.54901960784
			4338.23529411765	-2747.54901960784
			4338.23529411765	-2750
			4335.78431372549	-2752.45098039216
			4333.33333333333	-2752.45098039216
			4330.88235294118	-2754.90196078431
			4328.43137254902	-2754.90196078431
			4325.98039215686	-2754.90196078431
			4323.52941176471	-2757.35294117647
			4321.07843137255	-2757.35294117647
			4318.62745098039	-2757.35294117647
			4316.17647058824	-2759.80392156863
			4313.72549019608	-2759.80392156863
			4311.27450980392	-2762.25490196078
			4308.82352941176	-2764.70588235294
			4308.82352941176	-2767.1568627451
			4306.37254901961	-2769.60784313726
			4306.37254901961	-2772.05882352941
			4303.92156862745	-2772.05882352941
			4303.92156862745	-2774.50980392157
			4301.47058823529	-2776.96078431373
			4299.01960784314	-2779.41176470588
			4296.56862745098	-2781.86274509804
			4294.11764705882	-2784.3137254902
			4291.66666666667	-2786.76470588235
			4289.21568627451	-2789.21568627451
			4286.76470588235	-2791.66666666667
			4284.3137254902	-2794.11764705882
			4281.86274509804	-2794.11764705882
			4279.41176470588	-2796.56862745098
			4276.96078431373	-2796.56862745098
			4274.50980392157	-2796.56862745098
			4272.05882352941	-2796.56862745098
			4269.60784313726	-2799.01960784314
			4267.1568627451	-2799.01960784314
			4264.70588235294	-2799.01960784314
			4262.25490196078	-2799.01960784314
			4259.80392156863	-2799.01960784314
			4257.35294117647	-2799.01960784314
			4254.90196078431	-2799.01960784314
			4252.45098039216	-2799.01960784314
			4250	-2799.01960784314
			4247.54901960784	-2799.01960784314
			4245.09803921569	-2799.01960784314
			4242.64705882353	-2799.01960784314
			4240.19607843137	-2799.01960784314
			4237.74509803922	-2799.01960784314
			4235.29411764706	-2799.01960784314
			4232.8431372549	-2799.01960784314
			4230.39215686275	-2799.01960784314
			4227.94117647059	-2796.56862745098
			4225.49019607843	-2796.56862745098
			4223.03921568627	-2796.56862745098
			4220.58823529412	-2796.56862745098
			4218.13725490196	-2794.11764705882
			4215.6862745098	-2794.11764705882
			4213.23529411765	-2794.11764705882
			4210.78431372549	-2794.11764705882
			4208.33333333333	-2791.66666666667
			4205.88235294118	-2791.66666666667
			4203.43137254902	-2791.66666666667
			4200.98039215686	-2789.21568627451
			4198.52941176471	-2789.21568627451
			4196.07843137255	-2786.76470588235
			4193.62745098039	-2786.76470588235
			4191.17647058824	-2786.76470588235
			4188.72549019608	-2784.3137254902
			4186.27450980392	-2784.3137254902
			4183.82352941176	-2784.3137254902
			4181.37254901961	-2784.3137254902
			4178.92156862745	-2781.86274509804
			4176.47058823529	-2781.86274509804
			4174.01960784314	-2779.41176470588
			4171.56862745098	-2779.41176470588
			4169.11764705882	-2776.96078431373
			4166.66666666667	-2776.96078431373
			4164.21568627451	-2774.50980392157
			4161.76470588235	-2772.05882352941
			4159.3137254902	-2772.05882352941
			4156.86274509804	-2769.60784313726
			4154.41176470588	-2769.60784313726
			4154.41176470588	-2767.1568627451
			4151.96078431373	-2767.1568627451
			4149.50980392157	-2764.70588235294
			4147.05882352941	-2762.25490196078
			4144.60784313726	-2759.80392156863
			4142.1568627451	-2757.35294117647
			4142.1568627451	-2754.90196078431
			4139.70588235294	-2752.45098039216
			4139.70588235294	-2750
			4137.25490196078	-2747.54901960784
			4137.25490196078	-2745.09803921569
			4134.80392156863	-2742.64705882353
			4134.80392156863	-2740.19607843137
			4132.35294117647	-2737.74509803922
			4132.35294117647	-2735.29411764706
			4132.35294117647	-2732.8431372549
			4129.90196078431	-2730.39215686275
			4129.90196078431	-2727.94117647059
			4129.90196078431	-2725.49019607843
			4127.45098039216	-2723.03921568627
			4127.45098039216	-2720.58823529412
			4127.45098039216	-2718.13725490196
			4127.45098039216	-2715.6862745098
			4127.45098039216	-2713.23529411765
			4127.45098039216	-2710.78431372549
			4127.45098039216	-2708.33333333333
			4127.45098039216	-2705.88235294118
			4125	-2703.43137254902
			4125	-2700.98039215686
			4125	-2698.52941176471
			4125	-2696.07843137255
			4125	-2693.62745098039
			4125	-2691.17647058824
			4125	-2688.72549019608
			4127.45098039216	-2686.27450980392
			4127.45098039216	-2683.82352941176
			4127.45098039216	-2681.37254901961
			4127.45098039216	-2678.92156862745
			4127.45098039216	-2676.47058823529
			4127.45098039216	-2674.01960784314
			4127.45098039216	-2671.56862745098
			4127.45098039216	-2669.11764705882
			4127.45098039216	-2666.66666666667
			4129.90196078431	-2664.21568627451
			4129.90196078431	-2661.76470588235
			4129.90196078431	-2659.3137254902
			4129.90196078431	-2656.86274509804
			4129.90196078431	-2654.41176470588
			4129.90196078431	-2651.96078431373
			4132.35294117647	-2649.50980392157
			4132.35294117647	-2647.05882352941
			4132.35294117647	-2644.60784313726
			4132.35294117647	-2642.1568627451
			4134.80392156863	-2639.70588235294
			4134.80392156863	-2637.25490196078
			4134.80392156863	-2634.80392156863
			4134.80392156863	-2632.35294117647
			4137.25490196078	-2629.90196078431
			4137.25490196078	-2627.45098039216
			4137.25490196078	-2625
			4137.25490196078	-2622.54901960784
			4139.70588235294	-2620.09803921569
			4139.70588235294	-2617.64705882353
			4139.70588235294	-2615.19607843137
			4142.1568627451	-2612.74509803922
			4142.1568627451	-2610.29411764706
			4142.1568627451	-2607.8431372549
			4144.60784313726	-2605.39215686275
			4144.60784313726	-2602.94117647059
			4144.60784313726	-2600.49019607843
			4147.05882352941	-2598.03921568627
			4147.05882352941	-2595.58823529412
		</C2>
	</curves.scaled>
	<ruler.points type=matrix rownames=TRUE colnames=FALSE nrow=2 ncol=2 as.numeric=TRUE >
		Ruler point 1	3	1877
		Ruler point 2	105	1877
	</ruler.points>
</shapes>

