<shapes type=list>
	<ruler.pixel type=vector names=FALSE length=1 as.numeric=TRUE >102</ruler.pixel>
	<ruler.interval type=vector names=FALSE length=1 as.numeric=TRUE >250</ruler.interval>
	<scaling.units type=vector names=FALSE length=1 as.numeric=FALSE >nm</scaling.units>
	<scaling type=vector names=FALSE length=1 as.numeric=TRUE >2.45098039215686</scaling>
	<landmarks.pixel type=matrix rownames=TRUE colnames=FALSE nrow=4 ncol=2 as.numeric=TRUE >
		1-TopL	1206	687
		2-TopR	1876	794
		3-BotR	1565	1170
		4-BotL	1487	1152
	</landmarks.pixel>
	<landmarks.scaled type=matrix rownames=TRUE colnames=FALSE nrow=4 ncol=2 as.numeric=TRUE >
		1-TopL	2955.88235294118	-1683.82352941176
		2-TopR	4598.03921568627	-1946.07843137255
		3-BotR	3835.78431372549	-2867.64705882353
		4-BotL	3644.60784313726	-2823.52941176471
	</landmarks.scaled>
	<curves.control type=list>
		<C1 type=matrix rownames=FALSE colnames=FALSE nrow=7 ncol=2 as.numeric=TRUE >
			1206	687
			1331	552
			1532	587
			1640	627
			1760	692
			1854	719
			1876	794
		</C1>
		<C2 type=matrix rownames=FALSE colnames=FALSE nrow=7 ncol=2 as.numeric=TRUE >
			1565	1170
			1585	1197
			1562	1205
			1559	1241
			1522	1235
			1461	1221
			1487	1152
		</C2>
	</curves.control>
	<curves.pixel type=list>
		<C1 type=matrix rownames=FALSE colnames=FALSE nrow=710 ncol=2 as.numeric=TRUE >
			1206	687
			1207	686
			1208	685
			1209	684
			1210	683
			1211	682
			1212	681
			1213	680
			1214	679
			1215	678
			1216	677
			1217	676
			1218	675
			1219	674
			1220	673
			1221	672
			1222	671
			1223	670
			1224	669
			1225	668
			1226	667
			1227	666
			1228	665
			1229	664
			1230	663
			1231	662
			1232	661
			1233	660
			1234	660
			1235	659
			1236	658
			1237	657
			1238	656
			1239	655
			1240	654
			1241	654
			1242	653
			1243	652
			1244	651
			1245	650
			1246	650
			1247	649
			1248	648
			1249	647
			1250	647
			1251	646
			1252	645
			1253	644
			1254	644
			1255	643
			1256	642
			1257	641
			1258	640
			1259	640
			1260	639
			1261	638
			1262	637
			1263	637
			1264	636
			1265	636
			1266	635
			1267	634
			1268	633
			1269	633
			1270	632
			1271	631
			1272	631
			1273	630
			1274	629
			1275	629
			1276	628
			1277	628
			1278	627
			1279	626
			1280	626
			1281	625
			1282	624
			1283	624
			1284	623
			1285	623
			1286	622
			1287	622
			1288	621
			1289	621
			1290	620
			1291	619
			1292	619
			1293	618
			1294	618
			1295	617
			1296	617
			1297	616
			1298	616
			1299	615
			1300	615
			1301	614
			1302	614
			1302	613
			1303	613
			1304	613
			1305	612
			1306	612
			1307	611
			1308	611
			1309	610
			1310	610
			1311	610
			1312	609
			1313	609
			1314	608
			1315	607
			1316	607
			1317	607
			1318	606
			1319	606
			1320	605
			1321	605
			1322	605
			1323	604
			1324	604
			1325	603
			1326	603
			1327	603
			1328	602
			1329	602
			1330	601
			1331	601
			1332	601
			1333	600
			1334	600
			1335	600
			1336	599
			1337	599
			1338	598
			1339	598
			1340	598
			1341	597
			1342	597
			1343	597
			1344	596
			1345	596
			1346	596
			1347	595
			1348	595
			1349	595
			1350	594
			1351	594
			1352	594
			1353	594
			1354	593
			1355	593
			1356	593
			1357	592
			1358	592
			1359	592
			1360	591
			1361	591
			1362	591
			1363	591
			1364	591
			1365	590
			1366	590
			1367	590
			1368	590
			1369	589
			1370	589
			1371	589
			1372	589
			1373	588
			1374	588
			1375	588
			1376	588
			1377	588
			1378	587
			1379	587
			1380	587
			1381	587
			1382	587
			1382	586
			1383	586
			1384	586
			1385	586
			1386	586
			1387	585
			1388	585
			1389	585
			1390	585
			1391	585
			1392	585
			1393	584
			1394	584
			1395	584
			1396	584
			1397	584
			1398	584
			1399	584
			1400	583
			1401	583
			1402	583
			1403	583
			1404	583
			1405	583
			1406	583
			1407	583
			1408	582
			1409	582
			1410	582
			1411	582
			1412	582
			1413	582
			1414	582
			1415	582
			1416	582
			1417	581
			1418	581
			1419	581
			1420	581
			1421	581
			1422	581
			1423	581
			1424	581
			1425	581
			1426	581
			1427	581
			1428	581
			1429	581
			1430	580
			1431	580
			1432	580
			1433	580
			1434	580
			1435	580
			1436	580
			1437	580
			1438	580
			1439	580
			1440	580
			1441	580
			1442	580
			1443	580
			1444	580
			1445	580
			1446	580
			1447	580
			1448	580
			1449	580
			1450	580
			1451	580
			1452	580
			1453	580
			1454	580
			1455	580
			1456	580
			1457	580
			1458	580
			1459	580
			1460	580
			1461	580
			1462	580
			1463	580
			1464	580
			1465	580
			1466	580
			1467	580
			1468	580
			1469	580
			1470	580
			1471	580
			1472	580
			1473	580
			1474	580
			1475	580
			1476	580
			1477	581
			1478	581
			1479	581
			1480	581
			1481	581
			1482	581
			1483	581
			1484	581
			1485	581
			1486	581
			1487	581
			1488	581
			1489	581
			1490	581
			1491	582
			1492	582
			1493	582
			1494	582
			1495	582
			1496	582
			1497	582
			1498	582
			1499	582
			1500	582
			1501	583
			1502	583
			1503	583
			1504	583
			1505	583
			1506	583
			1507	583
			1508	583
			1509	584
			1510	584
			1511	584
			1512	584
			1513	584
			1514	584
			1515	584
			1516	585
			1517	585
			1518	585
			1519	585
			1520	585
			1521	585
			1522	585
			1523	586
			1524	586
			1525	586
			1526	586
			1527	586
			1528	586
			1529	586
			1530	587
			1531	587
			1532	587
			1533	587
			1534	588
			1535	588
			1536	588
			1536	589
			1537	589
			1538	589
			1539	590
			1540	590
			1541	590
			1542	591
			1543	591
			1544	592
			1545	592
			1546	592
			1547	593
			1548	593
			1549	593
			1550	594
			1551	594
			1552	595
			1553	595
			1554	595
			1555	596
			1556	596
			1557	596
			1558	597
			1559	597
			1560	598
			1561	598
			1562	598
			1563	599
			1564	599
			1565	600
			1566	600
			1567	600
			1568	601
			1569	601
			1570	602
			1571	602
			1572	602
			1573	603
			1574	603
			1575	604
			1576	604
			1577	604
			1578	605
			1579	605
			1580	606
			1581	606
			1582	606
			1583	607
			1584	607
			1585	608
			1586	608
			1587	608
			1588	609
			1589	609
			1590	610
			1591	610
			1592	611
			1593	611
			1594	611
			1595	612
			1596	612
			1597	613
			1598	613
			1599	614
			1600	614
			1601	614
			1602	615
			1603	615
			1604	616
			1605	616
			1606	617
			1607	617
			1608	617
			1609	618
			1610	618
			1611	619
			1612	619
			1613	620
			1614	620
			1615	621
			1616	621
			1617	621
			1618	622
			1619	622
			1620	623
			1621	623
			1622	624
			1623	624
			1624	625
			1625	625
			1626	625
			1627	626
			1628	626
			1629	627
			1630	627
			1631	628
			1632	628
			1633	629
			1634	629
			1635	630
			1636	630
			1637	631
			1638	631
			1639	631
			1640	632
			1641	632
			1642	633
			1643	633
			1644	634
			1645	634
			1646	635
			1647	635
			1648	636
			1649	636
			1650	637
			1651	637
			1652	638
			1653	638
			1654	639
			1655	639
			1656	639
			1657	640
			1658	640
			1659	641
			1660	641
			1661	642
			1662	642
			1663	643
			1664	643
			1665	644
			1666	644
			1667	644
			1668	645
			1669	645
			1669	646
			1670	646
			1671	647
			1672	647
			1673	647
			1674	648
			1675	648
			1676	649
			1677	649
			1677	650
			1678	650
			1679	650
			1680	651
			1681	651
			1682	652
			1683	652
			1684	653
			1685	653
			1686	654
			1687	654
			1688	655
			1689	655
			1690	656
			1691	656
			1692	657
			1693	657
			1694	658
			1695	658
			1696	659
			1697	659
			1698	659
			1698	660
			1699	660
			1700	661
			1701	661
			1702	662
			1703	662
			1704	663
			1705	663
			1706	664
			1707	664
			1708	665
			1709	665
			1710	666
			1711	666
			1712	667
			1713	667
			1714	668
			1715	668
			1715	669
			1716	669
			1717	670
			1718	670
			1719	670
			1720	671
			1721	671
			1722	672
			1723	672
			1724	673
			1725	673
			1726	674
			1727	674
			1728	675
			1729	675
			1730	676
			1731	676
			1732	677
			1733	677
			1734	678
			1735	678
			1735	679
			1736	679
			1737	680
			1738	680
			1739	681
			1740	681
			1741	682
			1742	682
			1743	683
			1744	683
			1745	684
			1746	684
			1747	685
			1748	686
			1749	686
			1750	687
			1751	687
			1752	688
			1753	688
			1754	689
			1755	689
			1756	690
			1757	690
			1758	691
			1759	691
			1760	692
			1761	692
			1762	693
			1763	693
			1764	693
			1765	693
			1766	694
			1767	694
			1768	695
			1769	695
			1770	695
			1771	695
			1771	696
			1772	696
			1773	696
			1774	696
			1775	697
			1776	697
			1777	697
			1778	698
			1779	698
			1780	699
			1781	699
			1782	699
			1783	700
			1784	700
			1785	701
			1786	701
			1787	701
			1788	702
			1789	702
			1790	703
			1791	703
			1792	704
			1793	704
			1794	704
			1795	705
			1796	705
			1797	706
			1798	706
			1799	707
			1800	707
			1801	708
			1802	708
			1803	709
			1804	709
			1804	710
			1805	710
			1806	710
			1807	711
			1808	711
			1809	712
			1810	712
			1811	713
			1812	714
			1813	715
			1814	715
			1815	716
			1816	716
			1817	717
			1818	718
			1819	718
			1820	719
			1821	720
			1822	720
			1823	721
			1824	722
			1825	722
			1826	723
			1827	724
			1828	724
			1829	725
			1830	726
			1831	727
			1832	728
			1833	729
			1834	730
			1835	730
			1836	731
			1837	732
			1838	733
			1839	734
			1840	735
			1841	736
			1842	736
			1842	737
			1843	738
			1844	738
			1844	739
			1845	740
			1846	740
			1846	741
			1847	742
			1848	743
			1849	744
			1850	745
			1851	746
			1852	747
			1852	748
			1853	749
			1854	750
			1854	751
			1855	751
			1856	752
			1856	753
			1857	754
			1858	755
			1858	756
			1859	757
			1859	758
			1860	759
			1861	760
			1861	761
			1862	762
			1862	763
			1863	764
			1864	765
			1864	766
			1865	767
			1865	768
			1866	768
			1866	769
			1867	770
			1867	771
			1868	772
			1868	773
			1868	774
			1869	775
			1870	776
			1870	777
			1870	778
			1871	779
			1871	780
			1872	781
			1872	782
			1872	783
			1873	784
			1873	785
			1873	786
			1874	787
			1874	788
			1874	789
			1875	789
			1875	790
			1875	791
			1875	792
			1876	793
			1876	794
		</C1>
		<C2 type=matrix rownames=FALSE colnames=FALSE nrow=204 ncol=2 as.numeric=TRUE >
			1565	1170
			1566	1171
			1566	1172
			1567	1172
			1567	1173
			1568	1174
			1568	1175
			1569	1175
			1569	1176
			1569	1177
			1570	1177
			1570	1178
			1571	1179
			1571	1180
			1572	1181
			1572	1182
			1573	1183
			1573	1184
			1573	1185
			1574	1186
			1574	1187
			1574	1188
			1574	1189
			1574	1190
			1574	1191
			1574	1192
			1574	1193
			1574	1194
			1574	1195
			1573	1196
			1573	1197
			1572	1198
			1572	1199
			1571	1200
			1570	1200
			1570	1201
			1569	1202
			1568	1202
			1567	1203
			1566	1203
			1565	1204
			1564	1204
			1563	1205
			1562	1205
			1562	1206
			1562	1207
			1562	1208
			1562	1209
			1561	1210
			1561	1211
			1561	1212
			1561	1213
			1561	1214
			1560	1215
			1560	1216
			1560	1217
			1559	1218
			1559	1219
			1558	1220
			1558	1221
			1558	1222
			1557	1223
			1557	1224
			1556	1225
			1555	1226
			1554	1227
			1553	1228
			1553	1229
			1552	1229
			1551	1230
			1550	1231
			1549	1231
			1548	1232
			1547	1233
			1546	1233
			1545	1234
			1544	1234
			1543	1234
			1542	1235
			1541	1235
			1540	1235
			1539	1235
			1538	1235
			1537	1236
			1536	1236
			1535	1236
			1534	1236
			1533	1236
			1532	1236
			1531	1236
			1530	1236
			1529	1236
			1528	1236
			1527	1236
			1526	1236
			1525	1235
			1524	1235
			1523	1235
			1522	1235
			1521	1235
			1520	1234
			1519	1234
			1518	1234
			1517	1234
			1516	1234
			1516	1233
			1515	1233
			1514	1233
			1513	1233
			1513	1232
			1512	1232
			1511	1232
			1510	1232
			1510	1231
			1509	1231
			1508	1231
			1508	1230
			1507	1230
			1506	1230
			1505	1229
			1504	1229
			1503	1228
			1502	1228
			1501	1227
			1500	1227
			1499	1226
			1498	1225
			1497	1225
			1496	1224
			1495	1223
			1494	1222
			1493	1221
			1492	1220
			1491	1220
			1490	1219
			1489	1218
			1489	1217
			1488	1216
			1487	1215
			1486	1214
			1486	1213
			1485	1212
			1484	1211
			1484	1210
			1484	1209
			1483	1209
			1483	1208
			1483	1207
			1482	1206
			1482	1205
			1482	1204
			1481	1203
			1481	1202
			1481	1201
			1481	1200
			1480	1200
			1480	1199
			1480	1198
			1480	1197
			1480	1196
			1480	1195
			1479	1194
			1479	1193
			1479	1192
			1479	1191
			1479	1190
			1479	1189
			1479	1188
			1479	1187
			1479	1186
			1479	1185
			1479	1184
			1479	1183
			1480	1182
			1480	1181
			1480	1180
			1480	1179
			1480	1178
			1480	1177
			1480	1176
			1481	1175
			1481	1174
			1481	1173
			1481	1172
			1481	1171
			1482	1170
			1482	1169
			1482	1168
			1482	1167
			1483	1166
			1483	1165
			1483	1164
			1483	1163
			1484	1162
			1484	1161
			1484	1160
			1485	1159
			1485	1158
			1485	1157
			1486	1156
			1486	1155
			1486	1154
			1487	1153
			1487	1152
		</C2>
	</curves.pixel>
	<curves.scaled type=list>
		<C1 type=matrix rownames=FALSE colnames=FALSE nrow=710 ncol=2 as.numeric=TRUE >
			2955.88235294118	-1683.82352941176
			2958.33333333333	-1681.37254901961
			2960.78431372549	-1678.92156862745
			2963.23529411765	-1676.47058823529
			2965.6862745098	-1674.01960784314
			2968.13725490196	-1671.56862745098
			2970.58823529412	-1669.11764705882
			2973.03921568627	-1666.66666666667
			2975.49019607843	-1664.21568627451
			2977.94117647059	-1661.76470588235
			2980.39215686275	-1659.3137254902
			2982.8431372549	-1656.86274509804
			2985.29411764706	-1654.41176470588
			2987.74509803922	-1651.96078431373
			2990.19607843137	-1649.50980392157
			2992.64705882353	-1647.05882352941
			2995.09803921569	-1644.60784313726
			2997.54901960784	-1642.1568627451
			3000	-1639.70588235294
			3002.45098039216	-1637.25490196078
			3004.90196078431	-1634.80392156863
			3007.35294117647	-1632.35294117647
			3009.80392156863	-1629.90196078431
			3012.25490196078	-1627.45098039216
			3014.70588235294	-1625
			3017.1568627451	-1622.54901960784
			3019.60784313726	-1620.09803921569
			3022.05882352941	-1617.64705882353
			3024.50980392157	-1617.64705882353
			3026.96078431373	-1615.19607843137
			3029.41176470588	-1612.74509803922
			3031.86274509804	-1610.29411764706
			3034.3137254902	-1607.8431372549
			3036.76470588235	-1605.39215686275
			3039.21568627451	-1602.94117647059
			3041.66666666667	-1602.94117647059
			3044.11764705882	-1600.49019607843
			3046.56862745098	-1598.03921568627
			3049.01960784314	-1595.58823529412
			3051.47058823529	-1593.13725490196
			3053.92156862745	-1593.13725490196
			3056.37254901961	-1590.6862745098
			3058.82352941176	-1588.23529411765
			3061.27450980392	-1585.78431372549
			3063.72549019608	-1585.78431372549
			3066.17647058824	-1583.33333333333
			3068.62745098039	-1580.88235294118
			3071.07843137255	-1578.43137254902
			3073.52941176471	-1578.43137254902
			3075.98039215686	-1575.98039215686
			3078.43137254902	-1573.52941176471
			3080.88235294118	-1571.07843137255
			3083.33333333333	-1568.62745098039
			3085.78431372549	-1568.62745098039
			3088.23529411765	-1566.17647058824
			3090.6862745098	-1563.72549019608
			3093.13725490196	-1561.27450980392
			3095.58823529412	-1561.27450980392
			3098.03921568627	-1558.82352941176
			3100.49019607843	-1558.82352941176
			3102.94117647059	-1556.37254901961
			3105.39215686275	-1553.92156862745
			3107.8431372549	-1551.47058823529
			3110.29411764706	-1551.47058823529
			3112.74509803922	-1549.01960784314
			3115.19607843137	-1546.56862745098
			3117.64705882353	-1546.56862745098
			3120.09803921569	-1544.11764705882
			3122.54901960784	-1541.66666666667
			3125	-1541.66666666667
			3127.45098039216	-1539.21568627451
			3129.90196078431	-1539.21568627451
			3132.35294117647	-1536.76470588235
			3134.80392156863	-1534.3137254902
			3137.25490196078	-1534.3137254902
			3139.70588235294	-1531.86274509804
			3142.1568627451	-1529.41176470588
			3144.60784313726	-1529.41176470588
			3147.05882352941	-1526.96078431373
			3149.50980392157	-1526.96078431373
			3151.96078431373	-1524.50980392157
			3154.41176470588	-1524.50980392157
			3156.86274509804	-1522.05882352941
			3159.3137254902	-1522.05882352941
			3161.76470588235	-1519.60784313726
			3164.21568627451	-1517.1568627451
			3166.66666666667	-1517.1568627451
			3169.11764705882	-1514.70588235294
			3171.56862745098	-1514.70588235294
			3174.01960784314	-1512.25490196078
			3176.47058823529	-1512.25490196078
			3178.92156862745	-1509.80392156863
			3181.37254901961	-1509.80392156863
			3183.82352941176	-1507.35294117647
			3186.27450980392	-1507.35294117647
			3188.72549019608	-1504.90196078431
			3191.17647058824	-1504.90196078431
			3191.17647058824	-1502.45098039216
			3193.62745098039	-1502.45098039216
			3196.07843137255	-1502.45098039216
			3198.52941176471	-1500
			3200.98039215686	-1500
			3203.43137254902	-1497.54901960784
			3205.88235294118	-1497.54901960784
			3208.33333333333	-1495.09803921569
			3210.78431372549	-1495.09803921569
			3213.23529411765	-1495.09803921569
			3215.6862745098	-1492.64705882353
			3218.13725490196	-1492.64705882353
			3220.58823529412	-1490.19607843137
			3223.03921568627	-1487.74509803922
			3225.49019607843	-1487.74509803922
			3227.94117647059	-1487.74509803922
			3230.39215686275	-1485.29411764706
			3232.8431372549	-1485.29411764706
			3235.29411764706	-1482.8431372549
			3237.74509803922	-1482.8431372549
			3240.19607843137	-1482.8431372549
			3242.64705882353	-1480.39215686275
			3245.09803921569	-1480.39215686275
			3247.54901960784	-1477.94117647059
			3250	-1477.94117647059
			3252.45098039216	-1477.94117647059
			3254.90196078431	-1475.49019607843
			3257.35294117647	-1475.49019607843
			3259.80392156863	-1473.03921568627
			3262.25490196078	-1473.03921568627
			3264.70588235294	-1473.03921568627
			3267.1568627451	-1470.58823529412
			3269.60784313726	-1470.58823529412
			3272.05882352941	-1470.58823529412
			3274.50980392157	-1468.13725490196
			3276.96078431373	-1468.13725490196
			3279.41176470588	-1465.6862745098
			3281.86274509804	-1465.6862745098
			3284.3137254902	-1465.6862745098
			3286.76470588235	-1463.23529411765
			3289.21568627451	-1463.23529411765
			3291.66666666667	-1463.23529411765
			3294.11764705882	-1460.78431372549
			3296.56862745098	-1460.78431372549
			3299.01960784314	-1460.78431372549
			3301.47058823529	-1458.33333333333
			3303.92156862745	-1458.33333333333
			3306.37254901961	-1458.33333333333
			3308.82352941176	-1455.88235294118
			3311.27450980392	-1455.88235294118
			3313.72549019608	-1455.88235294118
			3316.17647058824	-1455.88235294118
			3318.62745098039	-1453.43137254902
			3321.07843137255	-1453.43137254902
			3323.52941176471	-1453.43137254902
			3325.98039215686	-1450.98039215686
			3328.43137254902	-1450.98039215686
			3330.88235294118	-1450.98039215686
			3333.33333333333	-1448.52941176471
			3335.78431372549	-1448.52941176471
			3338.23529411765	-1448.52941176471
			3340.6862745098	-1448.52941176471
			3343.13725490196	-1448.52941176471
			3345.58823529412	-1446.07843137255
			3348.03921568627	-1446.07843137255
			3350.49019607843	-1446.07843137255
			3352.94117647059	-1446.07843137255
			3355.39215686275	-1443.62745098039
			3357.8431372549	-1443.62745098039
			3360.29411764706	-1443.62745098039
			3362.74509803922	-1443.62745098039
			3365.19607843137	-1441.17647058824
			3367.64705882353	-1441.17647058824
			3370.09803921569	-1441.17647058824
			3372.54901960784	-1441.17647058824
			3375	-1441.17647058824
			3377.45098039216	-1438.72549019608
			3379.90196078431	-1438.72549019608
			3382.35294117647	-1438.72549019608
			3384.80392156863	-1438.72549019608
			3387.25490196078	-1438.72549019608
			3387.25490196078	-1436.27450980392
			3389.70588235294	-1436.27450980392
			3392.1568627451	-1436.27450980392
			3394.60784313726	-1436.27450980392
			3397.05882352941	-1436.27450980392
			3399.50980392157	-1433.82352941176
			3401.96078431373	-1433.82352941176
			3404.41176470588	-1433.82352941176
			3406.86274509804	-1433.82352941176
			3409.3137254902	-1433.82352941176
			3411.76470588235	-1433.82352941176
			3414.21568627451	-1431.37254901961
			3416.66666666667	-1431.37254901961
			3419.11764705882	-1431.37254901961
			3421.56862745098	-1431.37254901961
			3424.01960784314	-1431.37254901961
			3426.47058823529	-1431.37254901961
			3428.92156862745	-1431.37254901961
			3431.37254901961	-1428.92156862745
			3433.82352941176	-1428.92156862745
			3436.27450980392	-1428.92156862745
			3438.72549019608	-1428.92156862745
			3441.17647058824	-1428.92156862745
			3443.62745098039	-1428.92156862745
			3446.07843137255	-1428.92156862745
			3448.52941176471	-1428.92156862745
			3450.98039215686	-1426.47058823529
			3453.43137254902	-1426.47058823529
			3455.88235294118	-1426.47058823529
			3458.33333333333	-1426.47058823529
			3460.78431372549	-1426.47058823529
			3463.23529411765	-1426.47058823529
			3465.6862745098	-1426.47058823529
			3468.13725490196	-1426.47058823529
			3470.58823529412	-1426.47058823529
			3473.03921568627	-1424.01960784314
			3475.49019607843	-1424.01960784314
			3477.94117647059	-1424.01960784314
			3480.39215686275	-1424.01960784314
			3482.8431372549	-1424.01960784314
			3485.29411764706	-1424.01960784314
			3487.74509803922	-1424.01960784314
			3490.19607843137	-1424.01960784314
			3492.64705882353	-1424.01960784314
			3495.09803921569	-1424.01960784314
			3497.54901960784	-1424.01960784314
			3500	-1424.01960784314
			3502.45098039216	-1424.01960784314
			3504.90196078431	-1421.56862745098
			3507.35294117647	-1421.56862745098
			3509.80392156863	-1421.56862745098
			3512.25490196078	-1421.56862745098
			3514.70588235294	-1421.56862745098
			3517.1568627451	-1421.56862745098
			3519.60784313726	-1421.56862745098
			3522.05882352941	-1421.56862745098
			3524.50980392157	-1421.56862745098
			3526.96078431373	-1421.56862745098
			3529.41176470588	-1421.56862745098
			3531.86274509804	-1421.56862745098
			3534.3137254902	-1421.56862745098
			3536.76470588235	-1421.56862745098
			3539.21568627451	-1421.56862745098
			3541.66666666667	-1421.56862745098
			3544.11764705882	-1421.56862745098
			3546.56862745098	-1421.56862745098
			3549.01960784314	-1421.56862745098
			3551.47058823529	-1421.56862745098
			3553.92156862745	-1421.56862745098
			3556.37254901961	-1421.56862745098
			3558.82352941176	-1421.56862745098
			3561.27450980392	-1421.56862745098
			3563.72549019608	-1421.56862745098
			3566.17647058824	-1421.56862745098
			3568.62745098039	-1421.56862745098
			3571.07843137255	-1421.56862745098
			3573.52941176471	-1421.56862745098
			3575.98039215686	-1421.56862745098
			3578.43137254902	-1421.56862745098
			3580.88235294118	-1421.56862745098
			3583.33333333333	-1421.56862745098
			3585.78431372549	-1421.56862745098
			3588.23529411765	-1421.56862745098
			3590.6862745098	-1421.56862745098
			3593.13725490196	-1421.56862745098
			3595.58823529412	-1421.56862745098
			3598.03921568627	-1421.56862745098
			3600.49019607843	-1421.56862745098
			3602.94117647059	-1421.56862745098
			3605.39215686275	-1421.56862745098
			3607.8431372549	-1421.56862745098
			3610.29411764706	-1421.56862745098
			3612.74509803922	-1421.56862745098
			3615.19607843137	-1421.56862745098
			3617.64705882353	-1421.56862745098
			3620.09803921569	-1424.01960784314
			3622.54901960784	-1424.01960784314
			3625	-1424.01960784314
			3627.45098039216	-1424.01960784314
			3629.90196078431	-1424.01960784314
			3632.35294117647	-1424.01960784314
			3634.80392156863	-1424.01960784314
			3637.25490196078	-1424.01960784314
			3639.70588235294	-1424.01960784314
			3642.1568627451	-1424.01960784314
			3644.60784313726	-1424.01960784314
			3647.05882352941	-1424.01960784314
			3649.50980392157	-1424.01960784314
			3651.96078431373	-1424.01960784314
			3654.41176470588	-1426.47058823529
			3656.86274509804	-1426.47058823529
			3659.3137254902	-1426.47058823529
			3661.76470588235	-1426.47058823529
			3664.21568627451	-1426.47058823529
			3666.66666666667	-1426.47058823529
			3669.11764705882	-1426.47058823529
			3671.56862745098	-1426.47058823529
			3674.01960784314	-1426.47058823529
			3676.47058823529	-1426.47058823529
			3678.92156862745	-1428.92156862745
			3681.37254901961	-1428.92156862745
			3683.82352941176	-1428.92156862745
			3686.27450980392	-1428.92156862745
			3688.72549019608	-1428.92156862745
			3691.17647058824	-1428.92156862745
			3693.62745098039	-1428.92156862745
			3696.07843137255	-1428.92156862745
			3698.52941176471	-1431.37254901961
			3700.98039215686	-1431.37254901961
			3703.43137254902	-1431.37254901961
			3705.88235294118	-1431.37254901961
			3708.33333333333	-1431.37254901961
			3710.78431372549	-1431.37254901961
			3713.23529411765	-1431.37254901961
			3715.6862745098	-1433.82352941176
			3718.13725490196	-1433.82352941176
			3720.58823529412	-1433.82352941176
			3723.03921568627	-1433.82352941176
			3725.49019607843	-1433.82352941176
			3727.94117647059	-1433.82352941176
			3730.39215686275	-1433.82352941176
			3732.8431372549	-1436.27450980392
			3735.29411764706	-1436.27450980392
			3737.74509803922	-1436.27450980392
			3740.19607843137	-1436.27450980392
			3742.64705882353	-1436.27450980392
			3745.09803921569	-1436.27450980392
			3747.54901960784	-1436.27450980392
			3750	-1438.72549019608
			3752.45098039216	-1438.72549019608
			3754.90196078431	-1438.72549019608
			3757.35294117647	-1438.72549019608
			3759.80392156863	-1441.17647058824
			3762.25490196078	-1441.17647058824
			3764.70588235294	-1441.17647058824
			3764.70588235294	-1443.62745098039
			3767.1568627451	-1443.62745098039
			3769.60784313726	-1443.62745098039
			3772.05882352941	-1446.07843137255
			3774.50980392157	-1446.07843137255
			3776.96078431373	-1446.07843137255
			3779.41176470588	-1448.52941176471
			3781.86274509804	-1448.52941176471
			3784.3137254902	-1450.98039215686
			3786.76470588235	-1450.98039215686
			3789.21568627451	-1450.98039215686
			3791.66666666667	-1453.43137254902
			3794.11764705882	-1453.43137254902
			3796.56862745098	-1453.43137254902
			3799.01960784314	-1455.88235294118
			3801.47058823529	-1455.88235294118
			3803.92156862745	-1458.33333333333
			3806.37254901961	-1458.33333333333
			3808.82352941176	-1458.33333333333
			3811.27450980392	-1460.78431372549
			3813.72549019608	-1460.78431372549
			3816.17647058824	-1460.78431372549
			3818.62745098039	-1463.23529411765
			3821.07843137255	-1463.23529411765
			3823.52941176471	-1465.6862745098
			3825.98039215686	-1465.6862745098
			3828.43137254902	-1465.6862745098
			3830.88235294118	-1468.13725490196
			3833.33333333333	-1468.13725490196
			3835.78431372549	-1470.58823529412
			3838.23529411765	-1470.58823529412
			3840.6862745098	-1470.58823529412
			3843.13725490196	-1473.03921568627
			3845.58823529412	-1473.03921568627
			3848.03921568627	-1475.49019607843
			3850.49019607843	-1475.49019607843
			3852.94117647059	-1475.49019607843
			3855.39215686275	-1477.94117647059
			3857.8431372549	-1477.94117647059
			3860.29411764706	-1480.39215686275
			3862.74509803922	-1480.39215686275
			3865.19607843137	-1480.39215686275
			3867.64705882353	-1482.8431372549
			3870.09803921569	-1482.8431372549
			3872.54901960784	-1485.29411764706
			3875	-1485.29411764706
			3877.45098039216	-1485.29411764706
			3879.90196078431	-1487.74509803922
			3882.35294117647	-1487.74509803922
			3884.80392156863	-1490.19607843137
			3887.25490196078	-1490.19607843137
			3889.70588235294	-1490.19607843137
			3892.1568627451	-1492.64705882353
			3894.60784313726	-1492.64705882353
			3897.05882352941	-1495.09803921569
			3899.50980392157	-1495.09803921569
			3901.96078431373	-1497.54901960784
			3904.41176470588	-1497.54901960784
			3906.86274509804	-1497.54901960784
			3909.3137254902	-1500
			3911.76470588235	-1500
			3914.21568627451	-1502.45098039216
			3916.66666666667	-1502.45098039216
			3919.11764705882	-1504.90196078431
			3921.56862745098	-1504.90196078431
			3924.01960784314	-1504.90196078431
			3926.47058823529	-1507.35294117647
			3928.92156862745	-1507.35294117647
			3931.37254901961	-1509.80392156863
			3933.82352941176	-1509.80392156863
			3936.27450980392	-1512.25490196078
			3938.72549019608	-1512.25490196078
			3941.17647058824	-1512.25490196078
			3943.62745098039	-1514.70588235294
			3946.07843137255	-1514.70588235294
			3948.52941176471	-1517.1568627451
			3950.98039215686	-1517.1568627451
			3953.43137254902	-1519.60784313726
			3955.88235294118	-1519.60784313726
			3958.33333333333	-1522.05882352941
			3960.78431372549	-1522.05882352941
			3963.23529411765	-1522.05882352941
			3965.6862745098	-1524.50980392157
			3968.13725490196	-1524.50980392157
			3970.58823529412	-1526.96078431373
			3973.03921568627	-1526.96078431373
			3975.49019607843	-1529.41176470588
			3977.94117647059	-1529.41176470588
			3980.39215686275	-1531.86274509804
			3982.8431372549	-1531.86274509804
			3985.29411764706	-1531.86274509804
			3987.74509803922	-1534.3137254902
			3990.19607843137	-1534.3137254902
			3992.64705882353	-1536.76470588235
			3995.09803921569	-1536.76470588235
			3997.54901960784	-1539.21568627451
			4000	-1539.21568627451
			4002.45098039216	-1541.66666666667
			4004.90196078431	-1541.66666666667
			4007.35294117647	-1544.11764705882
			4009.80392156863	-1544.11764705882
			4012.25490196078	-1546.56862745098
			4014.70588235294	-1546.56862745098
			4017.1568627451	-1546.56862745098
			4019.60784313726	-1549.01960784314
			4022.05882352941	-1549.01960784314
			4024.50980392157	-1551.47058823529
			4026.96078431373	-1551.47058823529
			4029.41176470588	-1553.92156862745
			4031.86274509804	-1553.92156862745
			4034.3137254902	-1556.37254901961
			4036.76470588235	-1556.37254901961
			4039.21568627451	-1558.82352941176
			4041.66666666667	-1558.82352941176
			4044.11764705882	-1561.27450980392
			4046.56862745098	-1561.27450980392
			4049.01960784314	-1563.72549019608
			4051.47058823529	-1563.72549019608
			4053.92156862745	-1566.17647058824
			4056.37254901961	-1566.17647058824
			4058.82352941176	-1566.17647058824
			4061.27450980392	-1568.62745098039
			4063.72549019608	-1568.62745098039
			4066.17647058824	-1571.07843137255
			4068.62745098039	-1571.07843137255
			4071.07843137255	-1573.52941176471
			4073.52941176471	-1573.52941176471
			4075.98039215686	-1575.98039215686
			4078.43137254902	-1575.98039215686
			4080.88235294118	-1578.43137254902
			4083.33333333333	-1578.43137254902
			4085.78431372549	-1578.43137254902
			4088.23529411765	-1580.88235294118
			4090.6862745098	-1580.88235294118
			4090.6862745098	-1583.33333333333
			4093.13725490196	-1583.33333333333
			4095.58823529412	-1585.78431372549
			4098.03921568627	-1585.78431372549
			4100.49019607843	-1585.78431372549
			4102.94117647059	-1588.23529411765
			4105.39215686275	-1588.23529411765
			4107.8431372549	-1590.6862745098
			4110.29411764706	-1590.6862745098
			4110.29411764706	-1593.13725490196
			4112.74509803922	-1593.13725490196
			4115.19607843137	-1593.13725490196
			4117.64705882353	-1595.58823529412
			4120.09803921569	-1595.58823529412
			4122.54901960784	-1598.03921568627
			4125	-1598.03921568627
			4127.45098039216	-1600.49019607843
			4129.90196078431	-1600.49019607843
			4132.35294117647	-1602.94117647059
			4134.80392156863	-1602.94117647059
			4137.25490196078	-1605.39215686275
			4139.70588235294	-1605.39215686275
			4142.1568627451	-1607.8431372549
			4144.60784313726	-1607.8431372549
			4147.05882352941	-1610.29411764706
			4149.50980392157	-1610.29411764706
			4151.96078431373	-1612.74509803922
			4154.41176470588	-1612.74509803922
			4156.86274509804	-1615.19607843137
			4159.3137254902	-1615.19607843137
			4161.76470588235	-1615.19607843137
			4161.76470588235	-1617.64705882353
			4164.21568627451	-1617.64705882353
			4166.66666666667	-1620.09803921569
			4169.11764705882	-1620.09803921569
			4171.56862745098	-1622.54901960784
			4174.01960784314	-1622.54901960784
			4176.47058823529	-1625
			4178.92156862745	-1625
			4181.37254901961	-1627.45098039216
			4183.82352941176	-1627.45098039216
			4186.27450980392	-1629.90196078431
			4188.72549019608	-1629.90196078431
			4191.17647058824	-1632.35294117647
			4193.62745098039	-1632.35294117647
			4196.07843137255	-1634.80392156863
			4198.52941176471	-1634.80392156863
			4200.98039215686	-1637.25490196078
			4203.43137254902	-1637.25490196078
			4203.43137254902	-1639.70588235294
			4205.88235294118	-1639.70588235294
			4208.33333333333	-1642.1568627451
			4210.78431372549	-1642.1568627451
			4213.23529411765	-1642.1568627451
			4215.6862745098	-1644.60784313726
			4218.13725490196	-1644.60784313726
			4220.58823529412	-1647.05882352941
			4223.03921568627	-1647.05882352941
			4225.49019607843	-1649.50980392157
			4227.94117647059	-1649.50980392157
			4230.39215686275	-1651.96078431373
			4232.8431372549	-1651.96078431373
			4235.29411764706	-1654.41176470588
			4237.74509803922	-1654.41176470588
			4240.19607843137	-1656.86274509804
			4242.64705882353	-1656.86274509804
			4245.09803921569	-1659.3137254902
			4247.54901960784	-1659.3137254902
			4250	-1661.76470588235
			4252.45098039216	-1661.76470588235
			4252.45098039216	-1664.21568627451
			4254.90196078431	-1664.21568627451
			4257.35294117647	-1666.66666666667
			4259.80392156863	-1666.66666666667
			4262.25490196078	-1669.11764705882
			4264.70588235294	-1669.11764705882
			4267.1568627451	-1671.56862745098
			4269.60784313726	-1671.56862745098
			4272.05882352941	-1674.01960784314
			4274.50980392157	-1674.01960784314
			4276.96078431373	-1676.47058823529
			4279.41176470588	-1676.47058823529
			4281.86274509804	-1678.92156862745
			4284.3137254902	-1681.37254901961
			4286.76470588235	-1681.37254901961
			4289.21568627451	-1683.82352941176
			4291.66666666667	-1683.82352941176
			4294.11764705882	-1686.27450980392
			4296.56862745098	-1686.27450980392
			4299.01960784314	-1688.72549019608
			4301.47058823529	-1688.72549019608
			4303.92156862745	-1691.17647058824
			4306.37254901961	-1691.17647058824
			4308.82352941176	-1693.62745098039
			4311.27450980392	-1693.62745098039
			4313.72549019608	-1696.07843137255
			4316.17647058824	-1696.07843137255
			4318.62745098039	-1698.52941176471
			4321.07843137255	-1698.52941176471
			4323.52941176471	-1698.52941176471
			4325.98039215686	-1698.52941176471
			4328.43137254902	-1700.98039215686
			4330.88235294118	-1700.98039215686
			4333.33333333333	-1703.43137254902
			4335.78431372549	-1703.43137254902
			4338.23529411765	-1703.43137254902
			4340.6862745098	-1703.43137254902
			4340.6862745098	-1705.88235294118
			4343.13725490196	-1705.88235294118
			4345.58823529412	-1705.88235294118
			4348.03921568627	-1705.88235294118
			4350.49019607843	-1708.33333333333
			4352.94117647059	-1708.33333333333
			4355.39215686275	-1708.33333333333
			4357.8431372549	-1710.78431372549
			4360.29411764706	-1710.78431372549
			4362.74509803922	-1713.23529411765
			4365.19607843137	-1713.23529411765
			4367.64705882353	-1713.23529411765
			4370.09803921569	-1715.6862745098
			4372.54901960784	-1715.6862745098
			4375	-1718.13725490196
			4377.45098039216	-1718.13725490196
			4379.90196078431	-1718.13725490196
			4382.35294117647	-1720.58823529412
			4384.80392156863	-1720.58823529412
			4387.25490196078	-1723.03921568627
			4389.70588235294	-1723.03921568627
			4392.1568627451	-1725.49019607843
			4394.60784313726	-1725.49019607843
			4397.05882352941	-1725.49019607843
			4399.50980392157	-1727.94117647059
			4401.96078431373	-1727.94117647059
			4404.41176470588	-1730.39215686275
			4406.86274509804	-1730.39215686275
			4409.3137254902	-1732.8431372549
			4411.76470588235	-1732.8431372549
			4414.21568627451	-1735.29411764706
			4416.66666666667	-1735.29411764706
			4419.11764705882	-1737.74509803922
			4421.56862745098	-1737.74509803922
			4421.56862745098	-1740.19607843137
			4424.01960784314	-1740.19607843137
			4426.47058823529	-1740.19607843137
			4428.92156862745	-1742.64705882353
			4431.37254901961	-1742.64705882353
			4433.82352941176	-1745.09803921569
			4436.27450980392	-1745.09803921569
			4438.72549019608	-1747.54901960784
			4441.17647058824	-1750
			4443.62745098039	-1752.45098039216
			4446.07843137255	-1752.45098039216
			4448.52941176471	-1754.90196078431
			4450.98039215686	-1754.90196078431
			4453.43137254902	-1757.35294117647
			4455.88235294118	-1759.80392156863
			4458.33333333333	-1759.80392156863
			4460.78431372549	-1762.25490196078
			4463.23529411765	-1764.70588235294
			4465.6862745098	-1764.70588235294
			4468.13725490196	-1767.1568627451
			4470.58823529412	-1769.60784313726
			4473.03921568627	-1769.60784313726
			4475.49019607843	-1772.05882352941
			4477.94117647059	-1774.50980392157
			4480.39215686275	-1774.50980392157
			4482.8431372549	-1776.96078431373
			4485.29411764706	-1779.41176470588
			4487.74509803922	-1781.86274509804
			4490.19607843137	-1784.3137254902
			4492.64705882353	-1786.76470588235
			4495.09803921569	-1789.21568627451
			4497.54901960784	-1789.21568627451
			4500	-1791.66666666667
			4502.45098039216	-1794.11764705882
			4504.90196078431	-1796.56862745098
			4507.35294117647	-1799.01960784314
			4509.80392156863	-1801.47058823529
			4512.25490196078	-1803.92156862745
			4514.70588235294	-1803.92156862745
			4514.70588235294	-1806.37254901961
			4517.1568627451	-1808.82352941176
			4519.60784313726	-1808.82352941176
			4519.60784313726	-1811.27450980392
			4522.05882352941	-1813.72549019608
			4524.50980392157	-1813.72549019608
			4524.50980392157	-1816.17647058824
			4526.96078431373	-1818.62745098039
			4529.41176470588	-1821.07843137255
			4531.86274509804	-1823.52941176471
			4534.3137254902	-1825.98039215686
			4536.76470588235	-1828.43137254902
			4539.21568627451	-1830.88235294118
			4539.21568627451	-1833.33333333333
			4541.66666666667	-1835.78431372549
			4544.11764705882	-1838.23529411765
			4544.11764705882	-1840.6862745098
			4546.56862745098	-1840.6862745098
			4549.01960784314	-1843.13725490196
			4549.01960784314	-1845.58823529412
			4551.47058823529	-1848.03921568627
			4553.92156862745	-1850.49019607843
			4553.92156862745	-1852.94117647059
			4556.37254901961	-1855.39215686275
			4556.37254901961	-1857.8431372549
			4558.82352941176	-1860.29411764706
			4561.27450980392	-1862.74509803922
			4561.27450980392	-1865.19607843137
			4563.72549019608	-1867.64705882353
			4563.72549019608	-1870.09803921569
			4566.17647058824	-1872.54901960784
			4568.62745098039	-1875
			4568.62745098039	-1877.45098039216
			4571.07843137255	-1879.90196078431
			4571.07843137255	-1882.35294117647
			4573.52941176471	-1882.35294117647
			4573.52941176471	-1884.80392156863
			4575.98039215686	-1887.25490196078
			4575.98039215686	-1889.70588235294
			4578.43137254902	-1892.1568627451
			4578.43137254902	-1894.60784313726
			4578.43137254902	-1897.05882352941
			4580.88235294118	-1899.50980392157
			4583.33333333333	-1901.96078431373
			4583.33333333333	-1904.41176470588
			4583.33333333333	-1906.86274509804
			4585.78431372549	-1909.3137254902
			4585.78431372549	-1911.76470588235
			4588.23529411765	-1914.21568627451
			4588.23529411765	-1916.66666666667
			4588.23529411765	-1919.11764705882
			4590.6862745098	-1921.56862745098
			4590.6862745098	-1924.01960784314
			4590.6862745098	-1926.47058823529
			4593.13725490196	-1928.92156862745
			4593.13725490196	-1931.37254901961
			4593.13725490196	-1933.82352941176
			4595.58823529412	-1933.82352941176
			4595.58823529412	-1936.27450980392
			4595.58823529412	-1938.72549019608
			4595.58823529412	-1941.17647058824
			4598.03921568627	-1943.62745098039
			4598.03921568627	-1946.07843137255
		</C1>
		<C2 type=matrix rownames=FALSE colnames=FALSE nrow=204 ncol=2 as.numeric=TRUE >
			3835.78431372549	-2867.64705882353
			3838.23529411765	-2870.09803921569
			3838.23529411765	-2872.54901960784
			3840.6862745098	-2872.54901960784
			3840.6862745098	-2875
			3843.13725490196	-2877.45098039216
			3843.13725490196	-2879.90196078431
			3845.58823529412	-2879.90196078431
			3845.58823529412	-2882.35294117647
			3845.58823529412	-2884.80392156863
			3848.03921568627	-2884.80392156863
			3848.03921568627	-2887.25490196078
			3850.49019607843	-2889.70588235294
			3850.49019607843	-2892.1568627451
			3852.94117647059	-2894.60784313726
			3852.94117647059	-2897.05882352941
			3855.39215686275	-2899.50980392157
			3855.39215686275	-2901.96078431373
			3855.39215686275	-2904.41176470588
			3857.8431372549	-2906.86274509804
			3857.8431372549	-2909.3137254902
			3857.8431372549	-2911.76470588235
			3857.8431372549	-2914.21568627451
			3857.8431372549	-2916.66666666667
			3857.8431372549	-2919.11764705882
			3857.8431372549	-2921.56862745098
			3857.8431372549	-2924.01960784314
			3857.8431372549	-2926.47058823529
			3857.8431372549	-2928.92156862745
			3855.39215686275	-2931.37254901961
			3855.39215686275	-2933.82352941176
			3852.94117647059	-2936.27450980392
			3852.94117647059	-2938.72549019608
			3850.49019607843	-2941.17647058824
			3848.03921568627	-2941.17647058824
			3848.03921568627	-2943.62745098039
			3845.58823529412	-2946.07843137255
			3843.13725490196	-2946.07843137255
			3840.6862745098	-2948.52941176471
			3838.23529411765	-2948.52941176471
			3835.78431372549	-2950.98039215686
			3833.33333333333	-2950.98039215686
			3830.88235294118	-2953.43137254902
			3828.43137254902	-2953.43137254902
			3828.43137254902	-2955.88235294118
			3828.43137254902	-2958.33333333333
			3828.43137254902	-2960.78431372549
			3828.43137254902	-2963.23529411765
			3825.98039215686	-2965.6862745098
			3825.98039215686	-2968.13725490196
			3825.98039215686	-2970.58823529412
			3825.98039215686	-2973.03921568627
			3825.98039215686	-2975.49019607843
			3823.52941176471	-2977.94117647059
			3823.52941176471	-2980.39215686275
			3823.52941176471	-2982.8431372549
			3821.07843137255	-2985.29411764706
			3821.07843137255	-2987.74509803922
			3818.62745098039	-2990.19607843137
			3818.62745098039	-2992.64705882353
			3818.62745098039	-2995.09803921569
			3816.17647058824	-2997.54901960784
			3816.17647058824	-3000
			3813.72549019608	-3002.45098039216
			3811.27450980392	-3004.90196078431
			3808.82352941176	-3007.35294117647
			3806.37254901961	-3009.80392156863
			3806.37254901961	-3012.25490196078
			3803.92156862745	-3012.25490196078
			3801.47058823529	-3014.70588235294
			3799.01960784314	-3017.1568627451
			3796.56862745098	-3017.1568627451
			3794.11764705882	-3019.60784313726
			3791.66666666667	-3022.05882352941
			3789.21568627451	-3022.05882352941
			3786.76470588235	-3024.50980392157
			3784.3137254902	-3024.50980392157
			3781.86274509804	-3024.50980392157
			3779.41176470588	-3026.96078431373
			3776.96078431373	-3026.96078431373
			3774.50980392157	-3026.96078431373
			3772.05882352941	-3026.96078431373
			3769.60784313726	-3026.96078431373
			3767.1568627451	-3029.41176470588
			3764.70588235294	-3029.41176470588
			3762.25490196078	-3029.41176470588
			3759.80392156863	-3029.41176470588
			3757.35294117647	-3029.41176470588
			3754.90196078431	-3029.41176470588
			3752.45098039216	-3029.41176470588
			3750	-3029.41176470588
			3747.54901960784	-3029.41176470588
			3745.09803921569	-3029.41176470588
			3742.64705882353	-3029.41176470588
			3740.19607843137	-3029.41176470588
			3737.74509803922	-3026.96078431373
			3735.29411764706	-3026.96078431373
			3732.8431372549	-3026.96078431373
			3730.39215686275	-3026.96078431373
			3727.94117647059	-3026.96078431373
			3725.49019607843	-3024.50980392157
			3723.03921568627	-3024.50980392157
			3720.58823529412	-3024.50980392157
			3718.13725490196	-3024.50980392157
			3715.6862745098	-3024.50980392157
			3715.6862745098	-3022.05882352941
			3713.23529411765	-3022.05882352941
			3710.78431372549	-3022.05882352941
			3708.33333333333	-3022.05882352941
			3708.33333333333	-3019.60784313726
			3705.88235294118	-3019.60784313726
			3703.43137254902	-3019.60784313726
			3700.98039215686	-3019.60784313726
			3700.98039215686	-3017.1568627451
			3698.52941176471	-3017.1568627451
			3696.07843137255	-3017.1568627451
			3696.07843137255	-3014.70588235294
			3693.62745098039	-3014.70588235294
			3691.17647058824	-3014.70588235294
			3688.72549019608	-3012.25490196078
			3686.27450980392	-3012.25490196078
			3683.82352941176	-3009.80392156863
			3681.37254901961	-3009.80392156863
			3678.92156862745	-3007.35294117647
			3676.47058823529	-3007.35294117647
			3674.01960784314	-3004.90196078431
			3671.56862745098	-3002.45098039216
			3669.11764705882	-3002.45098039216
			3666.66666666667	-3000
			3664.21568627451	-2997.54901960784
			3661.76470588235	-2995.09803921569
			3659.3137254902	-2992.64705882353
			3656.86274509804	-2990.19607843137
			3654.41176470588	-2990.19607843137
			3651.96078431373	-2987.74509803922
			3649.50980392157	-2985.29411764706
			3649.50980392157	-2982.8431372549
			3647.05882352941	-2980.39215686275
			3644.60784313726	-2977.94117647059
			3642.1568627451	-2975.49019607843
			3642.1568627451	-2973.03921568627
			3639.70588235294	-2970.58823529412
			3637.25490196078	-2968.13725490196
			3637.25490196078	-2965.6862745098
			3637.25490196078	-2963.23529411765
			3634.80392156863	-2963.23529411765
			3634.80392156863	-2960.78431372549
			3634.80392156863	-2958.33333333333
			3632.35294117647	-2955.88235294118
			3632.35294117647	-2953.43137254902
			3632.35294117647	-2950.98039215686
			3629.90196078431	-2948.52941176471
			3629.90196078431	-2946.07843137255
			3629.90196078431	-2943.62745098039
			3629.90196078431	-2941.17647058824
			3627.45098039216	-2941.17647058824
			3627.45098039216	-2938.72549019608
			3627.45098039216	-2936.27450980392
			3627.45098039216	-2933.82352941176
			3627.45098039216	-2931.37254901961
			3627.45098039216	-2928.92156862745
			3625	-2926.47058823529
			3625	-2924.01960784314
			3625	-2921.56862745098
			3625	-2919.11764705882
			3625	-2916.66666666667
			3625	-2914.21568627451
			3625	-2911.76470588235
			3625	-2909.3137254902
			3625	-2906.86274509804
			3625	-2904.41176470588
			3625	-2901.96078431373
			3625	-2899.50980392157
			3627.45098039216	-2897.05882352941
			3627.45098039216	-2894.60784313726
			3627.45098039216	-2892.1568627451
			3627.45098039216	-2889.70588235294
			3627.45098039216	-2887.25490196078
			3627.45098039216	-2884.80392156863
			3627.45098039216	-2882.35294117647
			3629.90196078431	-2879.90196078431
			3629.90196078431	-2877.45098039216
			3629.90196078431	-2875
			3629.90196078431	-2872.54901960784
			3629.90196078431	-2870.09803921569
			3632.35294117647	-2867.64705882353
			3632.35294117647	-2865.19607843137
			3632.35294117647	-2862.74509803922
			3632.35294117647	-2860.29411764706
			3634.80392156863	-2857.8431372549
			3634.80392156863	-2855.39215686275
			3634.80392156863	-2852.94117647059
			3634.80392156863	-2850.49019607843
			3637.25490196078	-2848.03921568627
			3637.25490196078	-2845.58823529412
			3637.25490196078	-2843.13725490196
			3639.70588235294	-2840.6862745098
			3639.70588235294	-2838.23529411765
			3639.70588235294	-2835.78431372549
			3642.1568627451	-2833.33333333333
			3642.1568627451	-2830.88235294118
			3642.1568627451	-2828.43137254902
			3644.60784313726	-2825.98039215686
			3644.60784313726	-2823.52941176471
		</C2>
	</curves.scaled>
	<ruler.points type=matrix rownames=TRUE colnames=FALSE nrow=2 ncol=2 as.numeric=TRUE >
		Ruler point 1	3	1877
		Ruler point 2	105	1877
	</ruler.points>
</shapes>

