<shapes type=list>
	<ruler.pixel type=vector names=FALSE length=1 as.numeric=TRUE >102</ruler.pixel>
	<ruler.interval type=vector names=FALSE length=1 as.numeric=TRUE >250</ruler.interval>
	<scaling.units type=vector names=FALSE length=1 as.numeric=FALSE >nm</scaling.units>
	<scaling type=vector names=FALSE length=1 as.numeric=TRUE >2.45098039215686</scaling>
	<landmarks.pixel type=matrix rownames=TRUE colnames=FALSE nrow=10 ncol=2 as.numeric=TRUE >
		1-Pore1R	1268	747
		2-Pore1L	1224	752
		3-Pore2T	964	931
		4-Pore2B	973	981
		5-Pore3T	1063	1172
		6-Pore3B	1112	1213
		7-Pore4L	1528	1213
		8-Pore4R	1656	1190
		9-Anchor	1717	1178
		10-Tip	1620	801
	</landmarks.pixel>
	<landmarks.scaled type=matrix rownames=TRUE colnames=FALSE nrow=10 ncol=2 as.numeric=TRUE >
		1-Pore1R	3107.8431372549	-1830.88235294118
		2-Pore1L	3000	-1843.13725490196
		3-Pore2T	2362.74509803922	-2281.86274509804
		4-Pore2B	2384.80392156863	-2404.41176470588
		5-Pore3T	2605.39215686275	-2872.54901960784
		6-Pore3B	2725.49019607843	-2973.03921568627
		7-Pore4L	3745.09803921569	-2973.03921568627
		8-Pore4R	4058.82352941176	-2916.66666666667
		9-Anchor	4208.33333333333	-2887.25490196078
		10-Tip	3970.58823529412	-1963.23529411765
	</landmarks.scaled>
	<curves.control type=list>
		<C1 type=matrix rownames=FALSE colnames=FALSE nrow=7 ncol=2 as.numeric=TRUE >
			1717	1178
			1664	1106
			1639	994
			1617	911
			1570	855
			1558	822
			1620	801
		</C1>
	</curves.control>
	<curves.pixel type=list>
		<C1 type=matrix rownames=FALSE colnames=FALSE nrow=412 ncol=2 as.numeric=TRUE >
			1717	1178
			1716	1177
			1716	1176
			1715	1175
			1714	1174
			1713	1173
			1713	1172
			1712	1171
			1711	1170
			1711	1169
			1710	1168
			1709	1167
			1709	1166
			1708	1165
			1707	1164
			1706	1163
			1706	1162
			1705	1161
			1704	1160
			1704	1159
			1703	1158
			1702	1157
			1702	1156
			1701	1155
			1701	1154
			1700	1153
			1699	1152
			1699	1151
			1698	1150
			1698	1149
			1697	1149
			1697	1148
			1697	1147
			1696	1146
			1696	1145
			1695	1145
			1695	1144
			1694	1143
			1694	1142
			1693	1141
			1692	1140
			1692	1139
			1691	1138
			1691	1137
			1690	1136
			1690	1135
			1689	1134
			1689	1133
			1688	1132
			1688	1131
			1687	1130
			1687	1129
			1686	1128
			1686	1127
			1685	1126
			1685	1125
			1684	1124
			1683	1123
			1683	1122
			1682	1121
			1682	1120
			1681	1119
			1681	1118
			1680	1117
			1680	1116
			1679	1115
			1679	1114
			1679	1113
			1678	1112
			1678	1111
			1677	1110
			1677	1109
			1676	1108
			1676	1107
			1676	1106
			1675	1106
			1675	1105
			1675	1104
			1674	1104
			1674	1103
			1674	1102
			1673	1101
			1673	1100
			1672	1099
			1672	1098
			1671	1097
			1671	1096
			1671	1095
			1670	1095
			1670	1094
			1670	1093
			1669	1092
			1669	1091
			1668	1090
			1668	1089
			1668	1088
			1667	1087
			1667	1086
			1667	1085
			1666	1084
			1666	1083
			1665	1082
			1665	1081
			1665	1080
			1664	1079
			1664	1078
			1664	1077
			1663	1076
			1663	1075
			1662	1074
			1662	1073
			1662	1072
			1661	1071
			1661	1070
			1661	1069
			1660	1068
			1660	1067
			1660	1066
			1659	1065
			1659	1064
			1659	1063
			1658	1062
			1658	1061
			1657	1060
			1657	1059
			1657	1058
			1656	1057
			1656	1056
			1656	1055
			1655	1054
			1655	1053
			1655	1052
			1654	1051
			1654	1050
			1654	1049
			1653	1048
			1653	1047
			1653	1046
			1652	1045
			1652	1044
			1652	1043
			1652	1042
			1651	1041
			1651	1040
			1651	1039
			1650	1038
			1650	1037
			1650	1036
			1649	1035
			1649	1034
			1649	1033
			1649	1032
			1648	1031
			1648	1030
			1648	1029
			1647	1028
			1647	1027
			1647	1026
			1647	1025
			1646	1024
			1646	1023
			1646	1022
			1646	1021
			1645	1020
			1645	1019
			1645	1018
			1644	1017
			1644	1016
			1644	1015
			1644	1014
			1644	1013
			1643	1012
			1643	1011
			1643	1010
			1642	1009
			1642	1008
			1642	1007
			1642	1006
			1641	1005
			1641	1004
			1641	1003
			1641	1002
			1641	1001
			1640	1000
			1640	999
			1640	998
			1640	997
			1639	996
			1639	995
			1639	994
			1639	993
			1639	992
			1638	991
			1638	990
			1638	989
			1637	988
			1637	987
			1637	986
			1637	985
			1636	985
			1636	984
			1636	983
			1636	982
			1635	981
			1635	980
			1635	979
			1635	978
			1634	977
			1634	976
			1633	975
			1633	974
			1633	973
			1632	972
			1632	971
			1632	970
			1632	969
			1631	969
			1631	968
			1631	967
			1631	966
			1630	965
			1630	964
			1630	963
			1629	962
			1629	961
			1629	960
			1628	959
			1628	958
			1628	957
			1627	956
			1627	955
			1626	954
			1626	953
			1625	952
			1625	951
			1625	950
			1624	949
			1624	948
			1624	947
			1623	946
			1623	945
			1622	944
			1622	943
			1622	942
			1621	941
			1621	940
			1620	939
			1620	938
			1620	937
			1619	936
			1619	935
			1618	934
			1618	933
			1617	932
			1617	931
			1616	930
			1616	929
			1615	928
			1615	927
			1615	926
			1614	925
			1614	924
			1613	923
			1613	922
			1612	921
			1612	920
			1611	919
			1611	918
			1610	917
			1610	916
			1609	915
			1609	914
			1608	913
			1608	912
			1607	911
			1607	910
			1606	909
			1606	908
			1605	907
			1605	906
			1604	905
			1604	904
			1603	903
			1603	902
			1602	901
			1601	900
			1601	899
			1600	898
			1599	897
			1599	896
			1598	895
			1598	894
			1597	893
			1597	892
			1596	892
			1596	891
			1595	890
			1595	889
			1594	889
			1594	888
			1593	887
			1593	886
			1592	885
			1591	884
			1591	883
			1590	882
			1590	881
			1589	880
			1588	879
			1588	878
			1587	878
			1587	877
			1586	876
			1585	875
			1585	874
			1584	873
			1583	872
			1583	871
			1582	871
			1582	870
			1581	869
			1580	868
			1580	867
			1579	866
			1578	865
			1578	864
			1577	864
			1576	863
			1576	862
			1575	861
			1574	860
			1574	859
			1573	859
			1572	858
			1572	857
			1571	856
			1570	855
			1570	854
			1569	853
			1569	852
			1569	851
			1569	850
			1568	849
			1568	848
			1568	847
			1568	846
			1568	845
			1568	844
			1568	843
			1568	842
			1568	841
			1568	840
			1569	840
			1569	839
			1569	838
			1569	837
			1570	836
			1570	835
			1570	834
			1571	833
			1571	832
			1572	831
			1573	830
			1573	829
			1574	828
			1575	827
			1576	826
			1577	825
			1578	824
			1579	823
			1580	822
			1581	821
			1582	820
			1583	819
			1584	818
			1585	817
			1586	817
			1587	816
			1588	816
			1589	815
			1590	814
			1591	814
			1592	813
			1593	813
			1594	812
			1595	811
			1596	811
			1597	811
			1598	810
			1599	810
			1600	809
			1601	808
			1602	808
			1603	808
			1603	807
			1604	807
			1605	807
			1606	806
			1607	806
			1608	805
			1609	805
			1610	805
			1611	804
			1612	804
			1613	803
			1614	803
			1615	803
			1616	802
			1617	802
			1618	802
			1619	801
			1620	801
		</C1>
	</curves.pixel>
	<curves.scaled type=list>
		<C1 type=matrix rownames=FALSE colnames=FALSE nrow=412 ncol=2 as.numeric=TRUE >
			4208.33333333333	-2887.25490196078
			4205.88235294118	-2884.80392156863
			4205.88235294118	-2882.35294117647
			4203.43137254902	-2879.90196078431
			4200.98039215686	-2877.45098039216
			4198.52941176471	-2875
			4198.52941176471	-2872.54901960784
			4196.07843137255	-2870.09803921569
			4193.62745098039	-2867.64705882353
			4193.62745098039	-2865.19607843137
			4191.17647058824	-2862.74509803922
			4188.72549019608	-2860.29411764706
			4188.72549019608	-2857.8431372549
			4186.27450980392	-2855.39215686275
			4183.82352941176	-2852.94117647059
			4181.37254901961	-2850.49019607843
			4181.37254901961	-2848.03921568627
			4178.92156862745	-2845.58823529412
			4176.47058823529	-2843.13725490196
			4176.47058823529	-2840.6862745098
			4174.01960784314	-2838.23529411765
			4171.56862745098	-2835.78431372549
			4171.56862745098	-2833.33333333333
			4169.11764705882	-2830.88235294118
			4169.11764705882	-2828.43137254902
			4166.66666666667	-2825.98039215686
			4164.21568627451	-2823.52941176471
			4164.21568627451	-2821.07843137255
			4161.76470588235	-2818.62745098039
			4161.76470588235	-2816.17647058824
			4159.3137254902	-2816.17647058824
			4159.3137254902	-2813.72549019608
			4159.3137254902	-2811.27450980392
			4156.86274509804	-2808.82352941176
			4156.86274509804	-2806.37254901961
			4154.41176470588	-2806.37254901961
			4154.41176470588	-2803.92156862745
			4151.96078431373	-2801.47058823529
			4151.96078431373	-2799.01960784314
			4149.50980392157	-2796.56862745098
			4147.05882352941	-2794.11764705882
			4147.05882352941	-2791.66666666667
			4144.60784313726	-2789.21568627451
			4144.60784313726	-2786.76470588235
			4142.1568627451	-2784.3137254902
			4142.1568627451	-2781.86274509804
			4139.70588235294	-2779.41176470588
			4139.70588235294	-2776.96078431373
			4137.25490196078	-2774.50980392157
			4137.25490196078	-2772.05882352941
			4134.80392156863	-2769.60784313726
			4134.80392156863	-2767.1568627451
			4132.35294117647	-2764.70588235294
			4132.35294117647	-2762.25490196078
			4129.90196078431	-2759.80392156863
			4129.90196078431	-2757.35294117647
			4127.45098039216	-2754.90196078431
			4125	-2752.45098039216
			4125	-2750
			4122.54901960784	-2747.54901960784
			4122.54901960784	-2745.09803921569
			4120.09803921569	-2742.64705882353
			4120.09803921569	-2740.19607843137
			4117.64705882353	-2737.74509803922
			4117.64705882353	-2735.29411764706
			4115.19607843137	-2732.8431372549
			4115.19607843137	-2730.39215686275
			4115.19607843137	-2727.94117647059
			4112.74509803922	-2725.49019607843
			4112.74509803922	-2723.03921568627
			4110.29411764706	-2720.58823529412
			4110.29411764706	-2718.13725490196
			4107.8431372549	-2715.6862745098
			4107.8431372549	-2713.23529411765
			4107.8431372549	-2710.78431372549
			4105.39215686275	-2710.78431372549
			4105.39215686275	-2708.33333333333
			4105.39215686275	-2705.88235294118
			4102.94117647059	-2705.88235294118
			4102.94117647059	-2703.43137254902
			4102.94117647059	-2700.98039215686
			4100.49019607843	-2698.52941176471
			4100.49019607843	-2696.07843137255
			4098.03921568627	-2693.62745098039
			4098.03921568627	-2691.17647058824
			4095.58823529412	-2688.72549019608
			4095.58823529412	-2686.27450980392
			4095.58823529412	-2683.82352941176
			4093.13725490196	-2683.82352941176
			4093.13725490196	-2681.37254901961
			4093.13725490196	-2678.92156862745
			4090.6862745098	-2676.47058823529
			4090.6862745098	-2674.01960784314
			4088.23529411765	-2671.56862745098
			4088.23529411765	-2669.11764705882
			4088.23529411765	-2666.66666666667
			4085.78431372549	-2664.21568627451
			4085.78431372549	-2661.76470588235
			4085.78431372549	-2659.3137254902
			4083.33333333333	-2656.86274509804
			4083.33333333333	-2654.41176470588
			4080.88235294118	-2651.96078431373
			4080.88235294118	-2649.50980392157
			4080.88235294118	-2647.05882352941
			4078.43137254902	-2644.60784313726
			4078.43137254902	-2642.1568627451
			4078.43137254902	-2639.70588235294
			4075.98039215686	-2637.25490196078
			4075.98039215686	-2634.80392156863
			4073.52941176471	-2632.35294117647
			4073.52941176471	-2629.90196078431
			4073.52941176471	-2627.45098039216
			4071.07843137255	-2625
			4071.07843137255	-2622.54901960784
			4071.07843137255	-2620.09803921569
			4068.62745098039	-2617.64705882353
			4068.62745098039	-2615.19607843137
			4068.62745098039	-2612.74509803922
			4066.17647058824	-2610.29411764706
			4066.17647058824	-2607.8431372549
			4066.17647058824	-2605.39215686275
			4063.72549019608	-2602.94117647059
			4063.72549019608	-2600.49019607843
			4061.27450980392	-2598.03921568627
			4061.27450980392	-2595.58823529412
			4061.27450980392	-2593.13725490196
			4058.82352941176	-2590.6862745098
			4058.82352941176	-2588.23529411765
			4058.82352941176	-2585.78431372549
			4056.37254901961	-2583.33333333333
			4056.37254901961	-2580.88235294118
			4056.37254901961	-2578.43137254902
			4053.92156862745	-2575.98039215686
			4053.92156862745	-2573.52941176471
			4053.92156862745	-2571.07843137255
			4051.47058823529	-2568.62745098039
			4051.47058823529	-2566.17647058824
			4051.47058823529	-2563.72549019608
			4049.01960784314	-2561.27450980392
			4049.01960784314	-2558.82352941176
			4049.01960784314	-2556.37254901961
			4049.01960784314	-2553.92156862745
			4046.56862745098	-2551.47058823529
			4046.56862745098	-2549.01960784314
			4046.56862745098	-2546.56862745098
			4044.11764705882	-2544.11764705882
			4044.11764705882	-2541.66666666667
			4044.11764705882	-2539.21568627451
			4041.66666666667	-2536.76470588235
			4041.66666666667	-2534.3137254902
			4041.66666666667	-2531.86274509804
			4041.66666666667	-2529.41176470588
			4039.21568627451	-2526.96078431373
			4039.21568627451	-2524.50980392157
			4039.21568627451	-2522.05882352941
			4036.76470588235	-2519.60784313726
			4036.76470588235	-2517.1568627451
			4036.76470588235	-2514.70588235294
			4036.76470588235	-2512.25490196078
			4034.3137254902	-2509.80392156863
			4034.3137254902	-2507.35294117647
			4034.3137254902	-2504.90196078431
			4034.3137254902	-2502.45098039216
			4031.86274509804	-2500
			4031.86274509804	-2497.54901960784
			4031.86274509804	-2495.09803921569
			4029.41176470588	-2492.64705882353
			4029.41176470588	-2490.19607843137
			4029.41176470588	-2487.74509803922
			4029.41176470588	-2485.29411764706
			4029.41176470588	-2482.8431372549
			4026.96078431373	-2480.39215686275
			4026.96078431373	-2477.94117647059
			4026.96078431373	-2475.49019607843
			4024.50980392157	-2473.03921568627
			4024.50980392157	-2470.58823529412
			4024.50980392157	-2468.13725490196
			4024.50980392157	-2465.6862745098
			4022.05882352941	-2463.23529411765
			4022.05882352941	-2460.78431372549
			4022.05882352941	-2458.33333333333
			4022.05882352941	-2455.88235294118
			4022.05882352941	-2453.43137254902
			4019.60784313726	-2450.98039215686
			4019.60784313726	-2448.52941176471
			4019.60784313726	-2446.07843137255
			4019.60784313726	-2443.62745098039
			4017.1568627451	-2441.17647058824
			4017.1568627451	-2438.72549019608
			4017.1568627451	-2436.27450980392
			4017.1568627451	-2433.82352941176
			4017.1568627451	-2431.37254901961
			4014.70588235294	-2428.92156862745
			4014.70588235294	-2426.47058823529
			4014.70588235294	-2424.01960784314
			4012.25490196078	-2421.56862745098
			4012.25490196078	-2419.11764705882
			4012.25490196078	-2416.66666666667
			4012.25490196078	-2414.21568627451
			4009.80392156863	-2414.21568627451
			4009.80392156863	-2411.76470588235
			4009.80392156863	-2409.3137254902
			4009.80392156863	-2406.86274509804
			4007.35294117647	-2404.41176470588
			4007.35294117647	-2401.96078431373
			4007.35294117647	-2399.50980392157
			4007.35294117647	-2397.05882352941
			4004.90196078431	-2394.60784313726
			4004.90196078431	-2392.1568627451
			4002.45098039216	-2389.70588235294
			4002.45098039216	-2387.25490196078
			4002.45098039216	-2384.80392156863
			4000	-2382.35294117647
			4000	-2379.90196078431
			4000	-2377.45098039216
			4000	-2375
			3997.54901960784	-2375
			3997.54901960784	-2372.54901960784
			3997.54901960784	-2370.09803921569
			3997.54901960784	-2367.64705882353
			3995.09803921569	-2365.19607843137
			3995.09803921569	-2362.74509803922
			3995.09803921569	-2360.29411764706
			3992.64705882353	-2357.8431372549
			3992.64705882353	-2355.39215686275
			3992.64705882353	-2352.94117647059
			3990.19607843137	-2350.49019607843
			3990.19607843137	-2348.03921568627
			3990.19607843137	-2345.58823529412
			3987.74509803922	-2343.13725490196
			3987.74509803922	-2340.6862745098
			3985.29411764706	-2338.23529411765
			3985.29411764706	-2335.78431372549
			3982.8431372549	-2333.33333333333
			3982.8431372549	-2330.88235294118
			3982.8431372549	-2328.43137254902
			3980.39215686275	-2325.98039215686
			3980.39215686275	-2323.52941176471
			3980.39215686275	-2321.07843137255
			3977.94117647059	-2318.62745098039
			3977.94117647059	-2316.17647058824
			3975.49019607843	-2313.72549019608
			3975.49019607843	-2311.27450980392
			3975.49019607843	-2308.82352941176
			3973.03921568627	-2306.37254901961
			3973.03921568627	-2303.92156862745
			3970.58823529412	-2301.47058823529
			3970.58823529412	-2299.01960784314
			3970.58823529412	-2296.56862745098
			3968.13725490196	-2294.11764705882
			3968.13725490196	-2291.66666666667
			3965.6862745098	-2289.21568627451
			3965.6862745098	-2286.76470588235
			3963.23529411765	-2284.3137254902
			3963.23529411765	-2281.86274509804
			3960.78431372549	-2279.41176470588
			3960.78431372549	-2276.96078431373
			3958.33333333333	-2274.50980392157
			3958.33333333333	-2272.05882352941
			3958.33333333333	-2269.60784313726
			3955.88235294118	-2267.1568627451
			3955.88235294118	-2264.70588235294
			3953.43137254902	-2262.25490196078
			3953.43137254902	-2259.80392156863
			3950.98039215686	-2257.35294117647
			3950.98039215686	-2254.90196078431
			3948.52941176471	-2252.45098039216
			3948.52941176471	-2250
			3946.07843137255	-2247.54901960784
			3946.07843137255	-2245.09803921569
			3943.62745098039	-2242.64705882353
			3943.62745098039	-2240.19607843137
			3941.17647058824	-2237.74509803922
			3941.17647058824	-2235.29411764706
			3938.72549019608	-2232.8431372549
			3938.72549019608	-2230.39215686275
			3936.27450980392	-2227.94117647059
			3936.27450980392	-2225.49019607843
			3933.82352941176	-2223.03921568627
			3933.82352941176	-2220.58823529412
			3931.37254901961	-2218.13725490196
			3931.37254901961	-2215.6862745098
			3928.92156862745	-2213.23529411765
			3928.92156862745	-2210.78431372549
			3926.47058823529	-2208.33333333333
			3924.01960784314	-2205.88235294118
			3924.01960784314	-2203.43137254902
			3921.56862745098	-2200.98039215686
			3919.11764705882	-2198.52941176471
			3919.11764705882	-2196.07843137255
			3916.66666666667	-2193.62745098039
			3916.66666666667	-2191.17647058824
			3914.21568627451	-2188.72549019608
			3914.21568627451	-2186.27450980392
			3911.76470588235	-2186.27450980392
			3911.76470588235	-2183.82352941176
			3909.3137254902	-2181.37254901961
			3909.3137254902	-2178.92156862745
			3906.86274509804	-2178.92156862745
			3906.86274509804	-2176.47058823529
			3904.41176470588	-2174.01960784314
			3904.41176470588	-2171.56862745098
			3901.96078431373	-2169.11764705882
			3899.50980392157	-2166.66666666667
			3899.50980392157	-2164.21568627451
			3897.05882352941	-2161.76470588235
			3897.05882352941	-2159.3137254902
			3894.60784313726	-2156.86274509804
			3892.1568627451	-2154.41176470588
			3892.1568627451	-2151.96078431373
			3889.70588235294	-2151.96078431373
			3889.70588235294	-2149.50980392157
			3887.25490196078	-2147.05882352941
			3884.80392156863	-2144.60784313726
			3884.80392156863	-2142.1568627451
			3882.35294117647	-2139.70588235294
			3879.90196078431	-2137.25490196078
			3879.90196078431	-2134.80392156863
			3877.45098039216	-2134.80392156863
			3877.45098039216	-2132.35294117647
			3875	-2129.90196078431
			3872.54901960784	-2127.45098039216
			3872.54901960784	-2125
			3870.09803921569	-2122.54901960784
			3867.64705882353	-2120.09803921569
			3867.64705882353	-2117.64705882353
			3865.19607843137	-2117.64705882353
			3862.74509803922	-2115.19607843137
			3862.74509803922	-2112.74509803922
			3860.29411764706	-2110.29411764706
			3857.8431372549	-2107.8431372549
			3857.8431372549	-2105.39215686275
			3855.39215686275	-2105.39215686275
			3852.94117647059	-2102.94117647059
			3852.94117647059	-2100.49019607843
			3850.49019607843	-2098.03921568627
			3848.03921568627	-2095.58823529412
			3848.03921568627	-2093.13725490196
			3845.58823529412	-2090.6862745098
			3845.58823529412	-2088.23529411765
			3845.58823529412	-2085.78431372549
			3845.58823529412	-2083.33333333333
			3843.13725490196	-2080.88235294118
			3843.13725490196	-2078.43137254902
			3843.13725490196	-2075.98039215686
			3843.13725490196	-2073.52941176471
			3843.13725490196	-2071.07843137255
			3843.13725490196	-2068.62745098039
			3843.13725490196	-2066.17647058824
			3843.13725490196	-2063.72549019608
			3843.13725490196	-2061.27450980392
			3843.13725490196	-2058.82352941176
			3845.58823529412	-2058.82352941176
			3845.58823529412	-2056.37254901961
			3845.58823529412	-2053.92156862745
			3845.58823529412	-2051.47058823529
			3848.03921568627	-2049.01960784314
			3848.03921568627	-2046.56862745098
			3848.03921568627	-2044.11764705882
			3850.49019607843	-2041.66666666667
			3850.49019607843	-2039.21568627451
			3852.94117647059	-2036.76470588235
			3855.39215686275	-2034.3137254902
			3855.39215686275	-2031.86274509804
			3857.8431372549	-2029.41176470588
			3860.29411764706	-2026.96078431373
			3862.74509803922	-2024.50980392157
			3865.19607843137	-2022.05882352941
			3867.64705882353	-2019.60784313726
			3870.09803921569	-2017.1568627451
			3872.54901960784	-2014.70588235294
			3875	-2012.25490196078
			3877.45098039216	-2009.80392156863
			3879.90196078431	-2007.35294117647
			3882.35294117647	-2004.90196078431
			3884.80392156863	-2002.45098039216
			3887.25490196078	-2002.45098039216
			3889.70588235294	-2000
			3892.1568627451	-2000
			3894.60784313726	-1997.54901960784
			3897.05882352941	-1995.09803921569
			3899.50980392157	-1995.09803921569
			3901.96078431373	-1992.64705882353
			3904.41176470588	-1992.64705882353
			3906.86274509804	-1990.19607843137
			3909.3137254902	-1987.74509803922
			3911.76470588235	-1987.74509803922
			3914.21568627451	-1987.74509803922
			3916.66666666667	-1985.29411764706
			3919.11764705882	-1985.29411764706
			3921.56862745098	-1982.8431372549
			3924.01960784314	-1980.39215686275
			3926.47058823529	-1980.39215686275
			3928.92156862745	-1980.39215686275
			3928.92156862745	-1977.94117647059
			3931.37254901961	-1977.94117647059
			3933.82352941176	-1977.94117647059
			3936.27450980392	-1975.49019607843
			3938.72549019608	-1975.49019607843
			3941.17647058824	-1973.03921568627
			3943.62745098039	-1973.03921568627
			3946.07843137255	-1973.03921568627
			3948.52941176471	-1970.58823529412
			3950.98039215686	-1970.58823529412
			3953.43137254902	-1968.13725490196
			3955.88235294118	-1968.13725490196
			3958.33333333333	-1968.13725490196
			3960.78431372549	-1965.6862745098
			3963.23529411765	-1965.6862745098
			3965.6862745098	-1965.6862745098
			3968.13725490196	-1963.23529411765
			3970.58823529412	-1963.23529411765
		</C1>
	</curves.scaled>
	<ruler.points type=matrix rownames=TRUE colnames=FALSE nrow=2 ncol=2 as.numeric=TRUE >
		Ruler point 1	3	1877
		Ruler point 2	105	1877
	</ruler.points>
</shapes>

