<shapes type=list>
	<ruler.pixel type=vector names=FALSE length=1 as.numeric=TRUE >102</ruler.pixel>
	<ruler.interval type=vector names=FALSE length=1 as.numeric=TRUE >250</ruler.interval>
	<scaling.units type=vector names=FALSE length=1 as.numeric=FALSE >nm</scaling.units>
	<scaling type=vector names=FALSE length=1 as.numeric=TRUE >2.45098039215686</scaling>
	<landmarks.pixel type=matrix rownames=TRUE colnames=FALSE nrow=10 ncol=2 as.numeric=TRUE >
		1-Pore1R	962	605
		2-Pore1L	911	623
		3-Pore2T	467	966
		4-Pore2B	500	1051
		5-Pore3T	713	1271
		6-Pore3B	803	1341
		7-Pore4L	1621	1225
		8-Pore4R	1688	1156
		9-Anchor	1824	1100
		10-Tip	1606	659
	</landmarks.pixel>
	<landmarks.scaled type=matrix rownames=TRUE colnames=FALSE nrow=10 ncol=2 as.numeric=TRUE >
		1-Pore1R	2357.8431372549	-1482.8431372549
		2-Pore1L	2232.8431372549	-1526.96078431373
		3-Pore2T	1144.60784313726	-2367.64705882353
		4-Pore2B	1225.49019607843	-2575.98039215686
		5-Pore3T	1747.54901960784	-3115.19607843137
		6-Pore3B	1968.13725490196	-3286.76470588235
		7-Pore4L	3973.03921568627	-3002.45098039216
		8-Pore4R	4137.25490196078	-2833.33333333333
		9-Anchor	4470.58823529412	-2696.07843137255
		10-Tip	3936.27450980392	-1615.19607843137
	</landmarks.scaled>
	<curves.control type=list>
		<C1 type=matrix rownames=FALSE colnames=FALSE nrow=7 ncol=2 as.numeric=TRUE >
			1824	1100
			1799	1048
			1737	915
			1654	779
			1550	723
			1519	669
			1606	659
		</C1>
	</curves.control>
	<curves.pixel type=list>
		<C1 type=matrix rownames=FALSE colnames=FALSE nrow=536 ncol=2 as.numeric=TRUE >
			1824	1100
			1824	1099
			1823	1099
			1823	1098
			1823	1097
			1822	1096
			1822	1095
			1821	1094
			1820	1093
			1820	1092
			1820	1091
			1819	1090
			1819	1089
			1818	1088
			1818	1087
			1817	1086
			1817	1085
			1816	1084
			1816	1083
			1816	1082
			1815	1081
			1815	1080
			1814	1079
			1814	1078
			1813	1077
			1813	1076
			1812	1075
			1812	1074
			1811	1073
			1811	1072
			1810	1071
			1810	1070
			1809	1069
			1809	1068
			1808	1067
			1808	1066
			1807	1065
			1807	1064
			1806	1063
			1806	1062
			1806	1061
			1805	1061
			1805	1060
			1805	1059
			1804	1059
			1804	1058
			1804	1057
			1803	1056
			1803	1055
			1802	1054
			1802	1053
			1801	1052
			1801	1051
			1800	1050
			1800	1049
			1799	1048
			1799	1047
			1798	1046
			1798	1045
			1798	1044
			1797	1044
			1797	1043
			1797	1042
			1796	1042
			1796	1041
			1796	1040
			1795	1040
			1795	1039
			1795	1038
			1794	1038
			1794	1037
			1794	1036
			1793	1036
			1793	1035
			1793	1034
			1792	1034
			1792	1033
			1792	1032
			1791	1031
			1791	1030
			1790	1029
			1790	1028
			1789	1027
			1789	1026
			1789	1025
			1788	1024
			1788	1023
			1787	1023
			1787	1022
			1787	1021
			1786	1020
			1786	1019
			1785	1018
			1785	1017
			1784	1016
			1784	1015
			1783	1014
			1783	1013
			1782	1012
			1782	1011
			1781	1010
			1781	1009
			1780	1008
			1780	1007
			1780	1006
			1779	1006
			1779	1005
			1779	1004
			1778	1003
			1778	1002
			1777	1002
			1777	1001
			1777	1000
			1776	999
			1776	998
			1775	997
			1775	996
			1774	995
			1774	994
			1773	993
			1773	992
			1772	991
			1772	990
			1771	989
			1771	988
			1771	987
			1770	986
			1770	985
			1769	984
			1769	983
			1768	982
			1768	981
			1767	980
			1767	979
			1766	978
			1766	977
			1766	976
			1765	975
			1765	974
			1764	973
			1763	972
			1763	971
			1763	970
			1762	970
			1762	969
			1762	968
			1761	967
			1761	966
			1760	965
			1760	964
			1759	963
			1759	962
			1759	961
			1758	961
			1758	960
			1757	959
			1757	958
			1757	957
			1756	956
			1756	955
			1755	955
			1755	954
			1755	953
			1754	952
			1754	951
			1753	950
			1753	949
			1752	948
			1752	947
			1751	946
			1751	945
			1751	944
			1750	944
			1750	943
			1750	942
			1749	942
			1749	941
			1749	940
			1748	939
			1748	938
			1747	937
			1747	936
			1746	935
			1746	934
			1746	933
			1745	933
			1745	932
			1745	931
			1744	930
			1743	929
			1743	928
			1743	927
			1742	926
			1742	925
			1741	924
			1741	923
			1740	922
			1740	921
			1739	920
			1739	919
			1738	918
			1738	917
			1738	916
			1737	915
			1737	914
			1736	913
			1735	912
			1735	911
			1734	910
			1733	909
			1733	908
			1732	907
			1732	906
			1731	905
			1730	904
			1730	903
			1729	902
			1728	901
			1728	900
			1727	899
			1727	898
			1726	897
			1725	897
			1725	896
			1724	895
			1724	894
			1723	893
			1722	892
			1722	891
			1721	890
			1720	889
			1720	888
			1719	887
			1718	886
			1718	885
			1717	884
			1717	883
			1716	882
			1715	881
			1715	880
			1714	880
			1713	879
			1713	878
			1712	877
			1712	876
			1711	875
			1710	874
			1710	873
			1709	872
			1708	871
			1708	870
			1707	870
			1706	869
			1706	868
			1705	867
			1704	866
			1704	865
			1703	864
			1703	863
			1702	862
			1701	861
			1700	860
			1699	859
			1698	858
			1698	857
			1697	856
			1696	855
			1696	854
			1695	853
			1694	852
			1693	851
			1692	850
			1692	849
			1691	848
			1691	847
			1690	847
			1690	846
			1689	845
			1688	844
			1687	843
			1686	842
			1685	841
			1685	840
			1684	839
			1683	838
			1683	837
			1682	836
			1681	836
			1681	835
			1680	834
			1679	833
			1679	832
			1678	831
			1677	831
			1676	830
			1676	829
			1675	828
			1674	827
			1673	826
			1672	825
			1671	824
			1671	823
			1670	822
			1669	821
			1668	820
			1667	819
			1666	818
			1665	817
			1665	816
			1664	815
			1663	814
			1662	813
			1661	812
			1660	811
			1660	810
			1659	810
			1658	809
			1657	808
			1656	807
			1655	806
			1654	805
			1654	804
			1653	803
			1652	802
			1651	801
			1650	800
			1649	800
			1648	799
			1648	798
			1647	797
			1646	796
			1645	795
			1644	794
			1643	793
			1642	793
			1642	792
			1641	791
			1640	790
			1639	789
			1638	788
			1637	788
			1636	787
			1635	786
			1635	785
			1634	784
			1633	783
			1632	783
			1631	782
			1630	781
			1629	780
			1628	779
			1627	778
			1626	777
			1625	776
			1624	775
			1623	774
			1622	774
			1622	773
			1621	773
			1620	772
			1619	771
			1618	770
			1617	769
			1616	768
			1615	768
			1614	767
			1613	766
			1612	765
			1611	764
			1610	763
			1609	763
			1608	762
			1607	761
			1606	760
			1605	760
			1604	759
			1603	758
			1603	757
			1602	757
			1601	756
			1600	755
			1599	755
			1598	754
			1597	753
			1596	752
			1595	752
			1594	751
			1593	750
			1592	750
			1591	749
			1590	748
			1589	748
			1588	747
			1587	746
			1586	746
			1585	745
			1585	744
			1584	744
			1583	743
			1582	742
			1581	742
			1580	741
			1579	740
			1578	740
			1577	739
			1576	738
			1575	738
			1574	737
			1573	737
			1572	736
			1571	735
			1570	735
			1569	734
			1568	733
			1567	733
			1566	732
			1565	732
			1564	731
			1563	731
			1562	730
			1561	729
			1560	729
			1559	728
			1558	728
			1557	727
			1556	727
			1555	726
			1554	725
			1553	725
			1552	724
			1551	724
			1550	723
			1550	722
			1549	721
			1548	720
			1548	719
			1547	718
			1547	717
			1546	716
			1546	715
			1546	714
			1545	713
			1545	712
			1545	711
			1544	711
			1544	710
			1544	709
			1543	708
			1543	707
			1543	706
			1543	705
			1543	704
			1542	703
			1542	702
			1542	701
			1542	700
			1542	699
			1542	698
			1542	697
			1542	696
			1542	695
			1542	694
			1542	693
			1542	692
			1543	691
			1543	690
			1543	689
			1544	688
			1544	687
			1545	686
			1545	685
			1546	684
			1546	683
			1547	682
			1548	681
			1548	680
			1549	679
			1550	678
			1551	678
			1552	677
			1553	676
			1554	675
			1555	674
			1556	674
			1557	673
			1558	672
			1559	671
			1560	671
			1561	671
			1562	670
			1563	670
			1563	669
			1564	669
			1565	669
			1566	668
			1567	668
			1568	668
			1569	667
			1570	667
			1571	667
			1572	666
			1573	666
			1574	665
			1575	665
			1576	665
			1577	664
			1578	664
			1579	664
			1580	664
			1581	663
			1582	663
			1583	663
			1584	663
			1585	662
			1586	662
			1587	662
			1588	662
			1589	662
			1590	661
			1591	661
			1592	661
			1593	661
			1594	661
			1595	661
			1595	660
			1596	660
			1597	660
			1598	660
			1599	660
			1600	660
			1601	660
			1602	659
			1603	659
			1604	659
			1605	659
			1606	659
		</C1>
	</curves.pixel>
	<curves.scaled type=list>
		<C1 type=matrix rownames=FALSE colnames=FALSE nrow=536 ncol=2 as.numeric=TRUE >
			4470.58823529412	-2696.07843137255
			4470.58823529412	-2693.62745098039
			4468.13725490196	-2693.62745098039
			4468.13725490196	-2691.17647058824
			4468.13725490196	-2688.72549019608
			4465.6862745098	-2686.27450980392
			4465.6862745098	-2683.82352941176
			4463.23529411765	-2681.37254901961
			4460.78431372549	-2678.92156862745
			4460.78431372549	-2676.47058823529
			4460.78431372549	-2674.01960784314
			4458.33333333333	-2671.56862745098
			4458.33333333333	-2669.11764705882
			4455.88235294118	-2666.66666666667
			4455.88235294118	-2664.21568627451
			4453.43137254902	-2661.76470588235
			4453.43137254902	-2659.3137254902
			4450.98039215686	-2656.86274509804
			4450.98039215686	-2654.41176470588
			4450.98039215686	-2651.96078431373
			4448.52941176471	-2649.50980392157
			4448.52941176471	-2647.05882352941
			4446.07843137255	-2644.60784313726
			4446.07843137255	-2642.1568627451
			4443.62745098039	-2639.70588235294
			4443.62745098039	-2637.25490196078
			4441.17647058824	-2634.80392156863
			4441.17647058824	-2632.35294117647
			4438.72549019608	-2629.90196078431
			4438.72549019608	-2627.45098039216
			4436.27450980392	-2625
			4436.27450980392	-2622.54901960784
			4433.82352941176	-2620.09803921569
			4433.82352941176	-2617.64705882353
			4431.37254901961	-2615.19607843137
			4431.37254901961	-2612.74509803922
			4428.92156862745	-2610.29411764706
			4428.92156862745	-2607.8431372549
			4426.47058823529	-2605.39215686275
			4426.47058823529	-2602.94117647059
			4426.47058823529	-2600.49019607843
			4424.01960784314	-2600.49019607843
			4424.01960784314	-2598.03921568627
			4424.01960784314	-2595.58823529412
			4421.56862745098	-2595.58823529412
			4421.56862745098	-2593.13725490196
			4421.56862745098	-2590.6862745098
			4419.11764705882	-2588.23529411765
			4419.11764705882	-2585.78431372549
			4416.66666666667	-2583.33333333333
			4416.66666666667	-2580.88235294118
			4414.21568627451	-2578.43137254902
			4414.21568627451	-2575.98039215686
			4411.76470588235	-2573.52941176471
			4411.76470588235	-2571.07843137255
			4409.3137254902	-2568.62745098039
			4409.3137254902	-2566.17647058824
			4406.86274509804	-2563.72549019608
			4406.86274509804	-2561.27450980392
			4406.86274509804	-2558.82352941176
			4404.41176470588	-2558.82352941176
			4404.41176470588	-2556.37254901961
			4404.41176470588	-2553.92156862745
			4401.96078431373	-2553.92156862745
			4401.96078431373	-2551.47058823529
			4401.96078431373	-2549.01960784314
			4399.50980392157	-2549.01960784314
			4399.50980392157	-2546.56862745098
			4399.50980392157	-2544.11764705882
			4397.05882352941	-2544.11764705882
			4397.05882352941	-2541.66666666667
			4397.05882352941	-2539.21568627451
			4394.60784313726	-2539.21568627451
			4394.60784313726	-2536.76470588235
			4394.60784313726	-2534.3137254902
			4392.1568627451	-2534.3137254902
			4392.1568627451	-2531.86274509804
			4392.1568627451	-2529.41176470588
			4389.70588235294	-2526.96078431373
			4389.70588235294	-2524.50980392157
			4387.25490196078	-2522.05882352941
			4387.25490196078	-2519.60784313726
			4384.80392156863	-2517.1568627451
			4384.80392156863	-2514.70588235294
			4384.80392156863	-2512.25490196078
			4382.35294117647	-2509.80392156863
			4382.35294117647	-2507.35294117647
			4379.90196078431	-2507.35294117647
			4379.90196078431	-2504.90196078431
			4379.90196078431	-2502.45098039216
			4377.45098039216	-2500
			4377.45098039216	-2497.54901960784
			4375	-2495.09803921569
			4375	-2492.64705882353
			4372.54901960784	-2490.19607843137
			4372.54901960784	-2487.74509803922
			4370.09803921569	-2485.29411764706
			4370.09803921569	-2482.8431372549
			4367.64705882353	-2480.39215686275
			4367.64705882353	-2477.94117647059
			4365.19607843137	-2475.49019607843
			4365.19607843137	-2473.03921568627
			4362.74509803922	-2470.58823529412
			4362.74509803922	-2468.13725490196
			4362.74509803922	-2465.6862745098
			4360.29411764706	-2465.6862745098
			4360.29411764706	-2463.23529411765
			4360.29411764706	-2460.78431372549
			4357.8431372549	-2458.33333333333
			4357.8431372549	-2455.88235294118
			4355.39215686275	-2455.88235294118
			4355.39215686275	-2453.43137254902
			4355.39215686275	-2450.98039215686
			4352.94117647059	-2448.52941176471
			4352.94117647059	-2446.07843137255
			4350.49019607843	-2443.62745098039
			4350.49019607843	-2441.17647058824
			4348.03921568627	-2438.72549019608
			4348.03921568627	-2436.27450980392
			4345.58823529412	-2433.82352941176
			4345.58823529412	-2431.37254901961
			4343.13725490196	-2428.92156862745
			4343.13725490196	-2426.47058823529
			4340.6862745098	-2424.01960784314
			4340.6862745098	-2421.56862745098
			4340.6862745098	-2419.11764705882
			4338.23529411765	-2416.66666666667
			4338.23529411765	-2414.21568627451
			4335.78431372549	-2411.76470588235
			4335.78431372549	-2409.3137254902
			4333.33333333333	-2406.86274509804
			4333.33333333333	-2404.41176470588
			4330.88235294118	-2401.96078431373
			4330.88235294118	-2399.50980392157
			4328.43137254902	-2397.05882352941
			4328.43137254902	-2394.60784313726
			4328.43137254902	-2392.1568627451
			4325.98039215686	-2389.70588235294
			4325.98039215686	-2387.25490196078
			4323.52941176471	-2384.80392156863
			4321.07843137255	-2382.35294117647
			4321.07843137255	-2379.90196078431
			4321.07843137255	-2377.45098039216
			4318.62745098039	-2377.45098039216
			4318.62745098039	-2375
			4318.62745098039	-2372.54901960784
			4316.17647058824	-2370.09803921569
			4316.17647058824	-2367.64705882353
			4313.72549019608	-2365.19607843137
			4313.72549019608	-2362.74509803922
			4311.27450980392	-2360.29411764706
			4311.27450980392	-2357.8431372549
			4311.27450980392	-2355.39215686275
			4308.82352941176	-2355.39215686275
			4308.82352941176	-2352.94117647059
			4306.37254901961	-2350.49019607843
			4306.37254901961	-2348.03921568627
			4306.37254901961	-2345.58823529412
			4303.92156862745	-2343.13725490196
			4303.92156862745	-2340.6862745098
			4301.47058823529	-2340.6862745098
			4301.47058823529	-2338.23529411765
			4301.47058823529	-2335.78431372549
			4299.01960784314	-2333.33333333333
			4299.01960784314	-2330.88235294118
			4296.56862745098	-2328.43137254902
			4296.56862745098	-2325.98039215686
			4294.11764705882	-2323.52941176471
			4294.11764705882	-2321.07843137255
			4291.66666666667	-2318.62745098039
			4291.66666666667	-2316.17647058824
			4291.66666666667	-2313.72549019608
			4289.21568627451	-2313.72549019608
			4289.21568627451	-2311.27450980392
			4289.21568627451	-2308.82352941176
			4286.76470588235	-2308.82352941176
			4286.76470588235	-2306.37254901961
			4286.76470588235	-2303.92156862745
			4284.3137254902	-2301.47058823529
			4284.3137254902	-2299.01960784314
			4281.86274509804	-2296.56862745098
			4281.86274509804	-2294.11764705882
			4279.41176470588	-2291.66666666667
			4279.41176470588	-2289.21568627451
			4279.41176470588	-2286.76470588235
			4276.96078431373	-2286.76470588235
			4276.96078431373	-2284.3137254902
			4276.96078431373	-2281.86274509804
			4274.50980392157	-2279.41176470588
			4272.05882352941	-2276.96078431373
			4272.05882352941	-2274.50980392157
			4272.05882352941	-2272.05882352941
			4269.60784313726	-2269.60784313726
			4269.60784313726	-2267.1568627451
			4267.1568627451	-2264.70588235294
			4267.1568627451	-2262.25490196078
			4264.70588235294	-2259.80392156863
			4264.70588235294	-2257.35294117647
			4262.25490196078	-2254.90196078431
			4262.25490196078	-2252.45098039216
			4259.80392156863	-2250
			4259.80392156863	-2247.54901960784
			4259.80392156863	-2245.09803921569
			4257.35294117647	-2242.64705882353
			4257.35294117647	-2240.19607843137
			4254.90196078431	-2237.74509803922
			4252.45098039216	-2235.29411764706
			4252.45098039216	-2232.8431372549
			4250	-2230.39215686275
			4247.54901960784	-2227.94117647059
			4247.54901960784	-2225.49019607843
			4245.09803921569	-2223.03921568627
			4245.09803921569	-2220.58823529412
			4242.64705882353	-2218.13725490196
			4240.19607843137	-2215.6862745098
			4240.19607843137	-2213.23529411765
			4237.74509803922	-2210.78431372549
			4235.29411764706	-2208.33333333333
			4235.29411764706	-2205.88235294118
			4232.8431372549	-2203.43137254902
			4232.8431372549	-2200.98039215686
			4230.39215686275	-2198.52941176471
			4227.94117647059	-2198.52941176471
			4227.94117647059	-2196.07843137255
			4225.49019607843	-2193.62745098039
			4225.49019607843	-2191.17647058824
			4223.03921568627	-2188.72549019608
			4220.58823529412	-2186.27450980392
			4220.58823529412	-2183.82352941176
			4218.13725490196	-2181.37254901961
			4215.6862745098	-2178.92156862745
			4215.6862745098	-2176.47058823529
			4213.23529411765	-2174.01960784314
			4210.78431372549	-2171.56862745098
			4210.78431372549	-2169.11764705882
			4208.33333333333	-2166.66666666667
			4208.33333333333	-2164.21568627451
			4205.88235294118	-2161.76470588235
			4203.43137254902	-2159.3137254902
			4203.43137254902	-2156.86274509804
			4200.98039215686	-2156.86274509804
			4198.52941176471	-2154.41176470588
			4198.52941176471	-2151.96078431373
			4196.07843137255	-2149.50980392157
			4196.07843137255	-2147.05882352941
			4193.62745098039	-2144.60784313726
			4191.17647058824	-2142.1568627451
			4191.17647058824	-2139.70588235294
			4188.72549019608	-2137.25490196078
			4186.27450980392	-2134.80392156863
			4186.27450980392	-2132.35294117647
			4183.82352941176	-2132.35294117647
			4181.37254901961	-2129.90196078431
			4181.37254901961	-2127.45098039216
			4178.92156862745	-2125
			4176.47058823529	-2122.54901960784
			4176.47058823529	-2120.09803921569
			4174.01960784314	-2117.64705882353
			4174.01960784314	-2115.19607843137
			4171.56862745098	-2112.74509803922
			4169.11764705882	-2110.29411764706
			4166.66666666667	-2107.8431372549
			4164.21568627451	-2105.39215686275
			4161.76470588235	-2102.94117647059
			4161.76470588235	-2100.49019607843
			4159.3137254902	-2098.03921568627
			4156.86274509804	-2095.58823529412
			4156.86274509804	-2093.13725490196
			4154.41176470588	-2090.6862745098
			4151.96078431373	-2088.23529411765
			4149.50980392157	-2085.78431372549
			4147.05882352941	-2083.33333333333
			4147.05882352941	-2080.88235294118
			4144.60784313726	-2078.43137254902
			4144.60784313726	-2075.98039215686
			4142.1568627451	-2075.98039215686
			4142.1568627451	-2073.52941176471
			4139.70588235294	-2071.07843137255
			4137.25490196078	-2068.62745098039
			4134.80392156863	-2066.17647058824
			4132.35294117647	-2063.72549019608
			4129.90196078431	-2061.27450980392
			4129.90196078431	-2058.82352941176
			4127.45098039216	-2056.37254901961
			4125	-2053.92156862745
			4125	-2051.47058823529
			4122.54901960784	-2049.01960784314
			4120.09803921569	-2049.01960784314
			4120.09803921569	-2046.56862745098
			4117.64705882353	-2044.11764705882
			4115.19607843137	-2041.66666666667
			4115.19607843137	-2039.21568627451
			4112.74509803922	-2036.76470588235
			4110.29411764706	-2036.76470588235
			4107.8431372549	-2034.3137254902
			4107.8431372549	-2031.86274509804
			4105.39215686275	-2029.41176470588
			4102.94117647059	-2026.96078431373
			4100.49019607843	-2024.50980392157
			4098.03921568627	-2022.05882352941
			4095.58823529412	-2019.60784313726
			4095.58823529412	-2017.1568627451
			4093.13725490196	-2014.70588235294
			4090.6862745098	-2012.25490196078
			4088.23529411765	-2009.80392156863
			4085.78431372549	-2007.35294117647
			4083.33333333333	-2004.90196078431
			4080.88235294118	-2002.45098039216
			4080.88235294118	-2000
			4078.43137254902	-1997.54901960784
			4075.98039215686	-1995.09803921569
			4073.52941176471	-1992.64705882353
			4071.07843137255	-1990.19607843137
			4068.62745098039	-1987.74509803922
			4068.62745098039	-1985.29411764706
			4066.17647058824	-1985.29411764706
			4063.72549019608	-1982.8431372549
			4061.27450980392	-1980.39215686275
			4058.82352941176	-1977.94117647059
			4056.37254901961	-1975.49019607843
			4053.92156862745	-1973.03921568627
			4053.92156862745	-1970.58823529412
			4051.47058823529	-1968.13725490196
			4049.01960784314	-1965.6862745098
			4046.56862745098	-1963.23529411765
			4044.11764705882	-1960.78431372549
			4041.66666666667	-1960.78431372549
			4039.21568627451	-1958.33333333333
			4039.21568627451	-1955.88235294118
			4036.76470588235	-1953.43137254902
			4034.3137254902	-1950.98039215686
			4031.86274509804	-1948.52941176471
			4029.41176470588	-1946.07843137255
			4026.96078431373	-1943.62745098039
			4024.50980392157	-1943.62745098039
			4024.50980392157	-1941.17647058824
			4022.05882352941	-1938.72549019608
			4019.60784313726	-1936.27450980392
			4017.1568627451	-1933.82352941176
			4014.70588235294	-1931.37254901961
			4012.25490196078	-1931.37254901961
			4009.80392156863	-1928.92156862745
			4007.35294117647	-1926.47058823529
			4007.35294117647	-1924.01960784314
			4004.90196078431	-1921.56862745098
			4002.45098039216	-1919.11764705882
			4000	-1919.11764705882
			3997.54901960784	-1916.66666666667
			3995.09803921569	-1914.21568627451
			3992.64705882353	-1911.76470588235
			3990.19607843137	-1909.3137254902
			3987.74509803922	-1906.86274509804
			3985.29411764706	-1904.41176470588
			3982.8431372549	-1901.96078431373
			3980.39215686275	-1899.50980392157
			3977.94117647059	-1897.05882352941
			3975.49019607843	-1897.05882352941
			3975.49019607843	-1894.60784313726
			3973.03921568627	-1894.60784313726
			3970.58823529412	-1892.1568627451
			3968.13725490196	-1889.70588235294
			3965.6862745098	-1887.25490196078
			3963.23529411765	-1884.80392156863
			3960.78431372549	-1882.35294117647
			3958.33333333333	-1882.35294117647
			3955.88235294118	-1879.90196078431
			3953.43137254902	-1877.45098039216
			3950.98039215686	-1875
			3948.52941176471	-1872.54901960784
			3946.07843137255	-1870.09803921569
			3943.62745098039	-1870.09803921569
			3941.17647058824	-1867.64705882353
			3938.72549019608	-1865.19607843137
			3936.27450980392	-1862.74509803922
			3933.82352941176	-1862.74509803922
			3931.37254901961	-1860.29411764706
			3928.92156862745	-1857.8431372549
			3928.92156862745	-1855.39215686275
			3926.47058823529	-1855.39215686275
			3924.01960784314	-1852.94117647059
			3921.56862745098	-1850.49019607843
			3919.11764705882	-1850.49019607843
			3916.66666666667	-1848.03921568627
			3914.21568627451	-1845.58823529412
			3911.76470588235	-1843.13725490196
			3909.3137254902	-1843.13725490196
			3906.86274509804	-1840.6862745098
			3904.41176470588	-1838.23529411765
			3901.96078431373	-1838.23529411765
			3899.50980392157	-1835.78431372549
			3897.05882352941	-1833.33333333333
			3894.60784313726	-1833.33333333333
			3892.1568627451	-1830.88235294118
			3889.70588235294	-1828.43137254902
			3887.25490196078	-1828.43137254902
			3884.80392156863	-1825.98039215686
			3884.80392156863	-1823.52941176471
			3882.35294117647	-1823.52941176471
			3879.90196078431	-1821.07843137255
			3877.45098039216	-1818.62745098039
			3875	-1818.62745098039
			3872.54901960784	-1816.17647058824
			3870.09803921569	-1813.72549019608
			3867.64705882353	-1813.72549019608
			3865.19607843137	-1811.27450980392
			3862.74509803922	-1808.82352941176
			3860.29411764706	-1808.82352941176
			3857.8431372549	-1806.37254901961
			3855.39215686275	-1806.37254901961
			3852.94117647059	-1803.92156862745
			3850.49019607843	-1801.47058823529
			3848.03921568627	-1801.47058823529
			3845.58823529412	-1799.01960784314
			3843.13725490196	-1796.56862745098
			3840.6862745098	-1796.56862745098
			3838.23529411765	-1794.11764705882
			3835.78431372549	-1794.11764705882
			3833.33333333333	-1791.66666666667
			3830.88235294118	-1791.66666666667
			3828.43137254902	-1789.21568627451
			3825.98039215686	-1786.76470588235
			3823.52941176471	-1786.76470588235
			3821.07843137255	-1784.3137254902
			3818.62745098039	-1784.3137254902
			3816.17647058824	-1781.86274509804
			3813.72549019608	-1781.86274509804
			3811.27450980392	-1779.41176470588
			3808.82352941176	-1776.96078431373
			3806.37254901961	-1776.96078431373
			3803.92156862745	-1774.50980392157
			3801.47058823529	-1774.50980392157
			3799.01960784314	-1772.05882352941
			3799.01960784314	-1769.60784313726
			3796.56862745098	-1767.1568627451
			3794.11764705882	-1764.70588235294
			3794.11764705882	-1762.25490196078
			3791.66666666667	-1759.80392156863
			3791.66666666667	-1757.35294117647
			3789.21568627451	-1754.90196078431
			3789.21568627451	-1752.45098039216
			3789.21568627451	-1750
			3786.76470588235	-1747.54901960784
			3786.76470588235	-1745.09803921569
			3786.76470588235	-1742.64705882353
			3784.3137254902	-1742.64705882353
			3784.3137254902	-1740.19607843137
			3784.3137254902	-1737.74509803922
			3781.86274509804	-1735.29411764706
			3781.86274509804	-1732.8431372549
			3781.86274509804	-1730.39215686275
			3781.86274509804	-1727.94117647059
			3781.86274509804	-1725.49019607843
			3779.41176470588	-1723.03921568627
			3779.41176470588	-1720.58823529412
			3779.41176470588	-1718.13725490196
			3779.41176470588	-1715.6862745098
			3779.41176470588	-1713.23529411765
			3779.41176470588	-1710.78431372549
			3779.41176470588	-1708.33333333333
			3779.41176470588	-1705.88235294118
			3779.41176470588	-1703.43137254902
			3779.41176470588	-1700.98039215686
			3779.41176470588	-1698.52941176471
			3779.41176470588	-1696.07843137255
			3781.86274509804	-1693.62745098039
			3781.86274509804	-1691.17647058824
			3781.86274509804	-1688.72549019608
			3784.3137254902	-1686.27450980392
			3784.3137254902	-1683.82352941176
			3786.76470588235	-1681.37254901961
			3786.76470588235	-1678.92156862745
			3789.21568627451	-1676.47058823529
			3789.21568627451	-1674.01960784314
			3791.66666666667	-1671.56862745098
			3794.11764705882	-1669.11764705882
			3794.11764705882	-1666.66666666667
			3796.56862745098	-1664.21568627451
			3799.01960784314	-1661.76470588235
			3801.47058823529	-1661.76470588235
			3803.92156862745	-1659.3137254902
			3806.37254901961	-1656.86274509804
			3808.82352941176	-1654.41176470588
			3811.27450980392	-1651.96078431373
			3813.72549019608	-1651.96078431373
			3816.17647058824	-1649.50980392157
			3818.62745098039	-1647.05882352941
			3821.07843137255	-1644.60784313726
			3823.52941176471	-1644.60784313726
			3825.98039215686	-1644.60784313726
			3828.43137254902	-1642.1568627451
			3830.88235294118	-1642.1568627451
			3830.88235294118	-1639.70588235294
			3833.33333333333	-1639.70588235294
			3835.78431372549	-1639.70588235294
			3838.23529411765	-1637.25490196078
			3840.6862745098	-1637.25490196078
			3843.13725490196	-1637.25490196078
			3845.58823529412	-1634.80392156863
			3848.03921568627	-1634.80392156863
			3850.49019607843	-1634.80392156863
			3852.94117647059	-1632.35294117647
			3855.39215686275	-1632.35294117647
			3857.8431372549	-1629.90196078431
			3860.29411764706	-1629.90196078431
			3862.74509803922	-1629.90196078431
			3865.19607843137	-1627.45098039216
			3867.64705882353	-1627.45098039216
			3870.09803921569	-1627.45098039216
			3872.54901960784	-1627.45098039216
			3875	-1625
			3877.45098039216	-1625
			3879.90196078431	-1625
			3882.35294117647	-1625
			3884.80392156863	-1622.54901960784
			3887.25490196078	-1622.54901960784
			3889.70588235294	-1622.54901960784
			3892.1568627451	-1622.54901960784
			3894.60784313726	-1622.54901960784
			3897.05882352941	-1620.09803921569
			3899.50980392157	-1620.09803921569
			3901.96078431373	-1620.09803921569
			3904.41176470588	-1620.09803921569
			3906.86274509804	-1620.09803921569
			3909.3137254902	-1620.09803921569
			3909.3137254902	-1617.64705882353
			3911.76470588235	-1617.64705882353
			3914.21568627451	-1617.64705882353
			3916.66666666667	-1617.64705882353
			3919.11764705882	-1617.64705882353
			3921.56862745098	-1617.64705882353
			3924.01960784314	-1617.64705882353
			3926.47058823529	-1615.19607843137
			3928.92156862745	-1615.19607843137
			3931.37254901961	-1615.19607843137
			3933.82352941176	-1615.19607843137
			3936.27450980392	-1615.19607843137
		</C1>
	</curves.scaled>
	<ruler.points type=matrix rownames=TRUE colnames=FALSE nrow=2 ncol=2 as.numeric=TRUE >
		Ruler point 1	3	1877
		Ruler point 2	105	1877
	</ruler.points>
</shapes>

