<shapes type=list>
	<ruler.pixel type=vector names=FALSE length=1 as.numeric=TRUE >102</ruler.pixel>
	<ruler.interval type=vector names=FALSE length=1 as.numeric=TRUE >250</ruler.interval>
	<scaling.units type=vector names=FALSE length=1 as.numeric=FALSE >nm</scaling.units>
	<scaling type=vector names=FALSE length=1 as.numeric=TRUE >2.45098039215686</scaling>
	<landmarks.pixel type=matrix rownames=TRUE colnames=FALSE nrow=4 ncol=2 as.numeric=TRUE >
		1-TopL	1301	587
		2-TopR	1957	803
		3-BotR	1571	1126
		4-BotL	1504	1099
	</landmarks.pixel>
	<landmarks.scaled type=matrix rownames=TRUE colnames=FALSE nrow=4 ncol=2 as.numeric=TRUE >
		1-TopL	3188.72549019608	-1438.72549019608
		2-TopR	4796.56862745098	-1968.13725490196
		3-BotR	3850.49019607843	-2759.80392156863
		4-BotL	3686.27450980392	-2693.62745098039
	</landmarks.scaled>
	<curves.control type=list>
		<C1 type=matrix rownames=FALSE colnames=FALSE nrow=7 ncol=2 as.numeric=TRUE >
			1301	587
			1517	463
			1715	588
			1805	658
			1856	695
			1912	721
			1957	803
		</C1>
		<C2 type=matrix rownames=FALSE colnames=FALSE nrow=5 ncol=2 as.numeric=TRUE >
			1571	1126
			1597	1194
			1527	1186
			1476	1174
			1504	1099
		</C2>
	</curves.control>
	<curves.pixel type=list>
		<C1 type=matrix rownames=FALSE colnames=FALSE nrow=706 ncol=2 as.numeric=TRUE >
			1301	587
			1302	586
			1303	586
			1304	585
			1305	585
			1306	584
			1307	584
			1308	583
			1309	582
			1310	582
			1311	581
			1312	581
			1313	580
			1314	580
			1315	579
			1316	579
			1317	578
			1318	577
			1319	577
			1320	576
			1321	576
			1322	575
			1323	575
			1324	574
			1325	574
			1326	573
			1327	573
			1328	572
			1329	572
			1330	571
			1331	571
			1332	570
			1333	570
			1334	569
			1335	569
			1336	568
			1337	568
			1338	567
			1339	567
			1340	566
			1341	566
			1342	566
			1343	565
			1344	565
			1345	564
			1346	564
			1347	563
			1348	563
			1349	563
			1349	562
			1350	562
			1351	562
			1351	561
			1352	561
			1353	561
			1354	560
			1355	560
			1356	559
			1357	559
			1358	558
			1359	558
			1360	558
			1361	557
			1362	557
			1363	557
			1363	556
			1364	556
			1365	555
			1366	555
			1367	555
			1368	554
			1369	554
			1370	553
			1371	553
			1372	553
			1373	552
			1374	552
			1375	552
			1375	551
			1376	551
			1377	551
			1378	551
			1379	550
			1380	550
			1381	549
			1382	549
			1383	549
			1384	548
			1385	548
			1386	548
			1387	547
			1388	547
			1389	547
			1389	546
			1390	546
			1391	546
			1392	545
			1393	545
			1394	545
			1395	545
			1396	544
			1397	544
			1398	543
			1399	543
			1400	543
			1401	543
			1402	542
			1403	542
			1404	542
			1405	541
			1406	541
			1407	541
			1408	540
			1409	540
			1410	540
			1411	540
			1412	539
			1413	539
			1414	539
			1415	539
			1415	538
			1416	538
			1417	538
			1418	538
			1419	537
			1420	537
			1421	537
			1422	537
			1423	536
			1424	536
			1425	536
			1426	536
			1427	536
			1427	535
			1428	535
			1429	535
			1430	535
			1431	535
			1432	534
			1433	534
			1434	534
			1435	534
			1436	533
			1437	533
			1438	533
			1439	533
			1440	533
			1441	532
			1442	532
			1443	532
			1444	532
			1445	532
			1446	531
			1447	531
			1448	531
			1449	531
			1450	531
			1451	531
			1452	530
			1453	530
			1454	530
			1455	530
			1456	530
			1457	530
			1458	529
			1459	529
			1460	529
			1461	529
			1462	529
			1463	529
			1464	528
			1465	528
			1466	528
			1467	528
			1468	528
			1469	528
			1470	528
			1471	528
			1472	527
			1473	527
			1474	527
			1475	527
			1476	527
			1477	527
			1478	527
			1479	527
			1480	527
			1481	527
			1482	527
			1483	526
			1484	526
			1485	526
			1486	526
			1487	526
			1488	526
			1489	526
			1490	526
			1491	526
			1492	526
			1493	526
			1494	526
			1495	526
			1496	526
			1497	526
			1498	526
			1499	525
			1500	525
			1501	525
			1502	525
			1503	525
			1504	525
			1505	525
			1506	525
			1507	525
			1508	525
			1509	525
			1510	525
			1511	525
			1512	525
			1513	525
			1514	525
			1515	525
			1516	525
			1517	525
			1518	525
			1519	525
			1520	525
			1521	525
			1522	525
			1523	525
			1524	525
			1525	526
			1526	526
			1527	526
			1528	526
			1529	526
			1530	526
			1531	526
			1532	526
			1533	526
			1534	526
			1535	526
			1536	526
			1537	526
			1538	526
			1539	526
			1540	526
			1541	527
			1542	527
			1543	527
			1544	527
			1545	527
			1546	527
			1547	527
			1548	527
			1549	527
			1550	527
			1551	528
			1552	528
			1553	528
			1554	528
			1555	528
			1556	528
			1557	528
			1558	528
			1559	529
			1560	529
			1561	529
			1562	529
			1563	529
			1564	529
			1565	529
			1566	530
			1567	530
			1568	530
			1569	530
			1570	530
			1571	530
			1572	531
			1573	531
			1574	531
			1575	531
			1576	531
			1577	532
			1578	532
			1579	532
			1580	532
			1581	532
			1582	533
			1583	533
			1584	533
			1585	533
			1586	533
			1587	534
			1588	534
			1589	534
			1590	534
			1591	535
			1592	535
			1593	535
			1594	535
			1595	536
			1596	536
			1597	536
			1598	536
			1599	537
			1600	537
			1601	537
			1602	537
			1603	538
			1604	538
			1605	538
			1606	538
			1607	539
			1608	539
			1609	539
			1610	540
			1611	540
			1612	540
			1613	540
			1614	541
			1615	541
			1616	541
			1617	542
			1618	542
			1619	542
			1620	543
			1621	543
			1622	543
			1623	544
			1624	544
			1625	544
			1626	545
			1627	545
			1628	545
			1629	546
			1630	546
			1631	546
			1632	547
			1633	547
			1634	547
			1635	548
			1636	548
			1637	549
			1638	549
			1639	549
			1640	550
			1641	550
			1642	551
			1643	551
			1644	551
			1645	552
			1646	552
			1647	553
			1648	553
			1649	554
			1650	554
			1651	554
			1652	555
			1653	555
			1654	556
			1655	556
			1656	557
			1657	557
			1658	558
			1659	558
			1660	558
			1661	559
			1662	559
			1663	560
			1664	560
			1665	561
			1666	561
			1667	562
			1668	562
			1669	562
			1670	563
			1671	564
			1672	564
			1673	564
			1674	565
			1675	565
			1676	566
			1677	567
			1678	567
			1679	567
			1680	568
			1681	568
			1682	569
			1683	569
			1683	570
			1684	570
			1685	571
			1686	571
			1687	572
			1688	572
			1689	572
			1689	573
			1690	573
			1691	574
			1692	574
			1693	575
			1694	575
			1695	576
			1696	576
			1696	577
			1697	577
			1698	578
			1699	578
			1700	579
			1701	579
			1702	580
			1703	580
			1703	581
			1704	581
			1705	582
			1706	582
			1707	583
			1708	583
			1709	584
			1709	585
			1710	585
			1711	586
			1712	586
			1713	587
			1714	587
			1715	588
			1716	588
			1716	589
			1717	590
			1718	590
			1719	591
			1720	592
			1721	593
			1722	593
			1723	594
			1724	595
			1725	596
			1726	596
			1727	597
			1728	598
			1729	599
			1730	600
			1731	600
			1732	601
			1733	602
			1734	603
			1735	604
			1736	604
			1737	605
			1738	606
			1739	607
			1740	607
			1741	608
			1742	609
			1743	610
			1744	610
			1745	611
			1745	612
			1746	612
			1747	613
			1748	614
			1749	614
			1750	615
			1751	616
			1752	616
			1753	617
			1754	618
			1755	619
			1756	620
			1757	621
			1758	622
			1759	622
			1760	623
			1761	624
			1762	624
			1762	625
			1763	625
			1764	626
			1765	627
			1766	627
			1767	628
			1768	629
			1769	630
			1770	630
			1771	631
			1771	632
			1772	632
			1773	633
			1774	633
			1774	634
			1775	634
			1776	635
			1777	636
			1778	637
			1779	638
			1780	638
			1781	639
			1782	640
			1783	640
			1784	641
			1785	642
			1786	643
			1787	644
			1788	644
			1789	645
			1790	646
			1791	647
			1792	647
			1793	648
			1794	649
			1795	649
			1796	650
			1797	651
			1798	652
			1799	652
			1800	653
			1801	654
			1802	655
			1803	656
			1804	656
			1804	657
			1805	657
			1806	658
			1807	659
			1808	660
			1809	660
			1810	661
			1811	661
			1811	662
			1812	663
			1813	663
			1814	664
			1815	665
			1816	666
			1817	666
			1818	667
			1819	668
			1820	668
			1821	669
			1821	670
			1822	670
			1823	671
			1824	671
			1825	672
			1826	673
			1827	673
			1828	674
			1828	675
			1829	675
			1830	676
			1831	677
			1832	677
			1833	678
			1834	679
			1835	680
			1836	680
			1837	681
			1838	682
			1839	683
			1840	683
			1841	684
			1842	685
			1843	685
			1844	686
			1845	687
			1846	687
			1847	688
			1848	689
			1849	690
			1850	691
			1851	692
			1852	692
			1853	693
			1854	694
			1855	694
			1856	695
			1857	695
			1858	696
			1859	697
			1860	697
			1861	698
			1862	698
			1863	699
			1864	699
			1865	700
			1866	700
			1867	701
			1868	701
			1869	702
			1870	702
			1871	703
			1872	704
			1873	704
			1874	705
			1875	705
			1875	706
			1876	707
			1877	707
			1878	708
			1879	709
			1880	709
			1881	710
			1882	711
			1883	711
			1884	712
			1885	713
			1886	713
			1887	714
			1888	715
			1889	716
			1890	717
			1891	718
			1892	719
			1893	719
			1893	720
			1894	720
			1895	721
			1896	722
			1897	723
			1898	724
			1899	725
			1900	725
			1900	726
			1901	727
			1902	728
			1903	728
			1904	729
			1904	730
			1905	731
			1906	731
			1907	732
			1907	733
			1908	734
			1909	735
			1910	735
			1910	736
			1911	737
			1912	738
			1913	739
			1913	740
			1914	740
			1915	741
			1916	742
			1916	743
			1917	744
			1918	745
			1919	746
			1919	747
			1920	747
			1921	748
			1922	749
			1922	750
			1923	751
			1924	752
			1925	753
			1925	754
			1926	755
			1927	756
			1928	757
			1928	758
			1929	759
			1930	760
			1930	761
			1931	762
			1932	763
			1933	764
			1933	765
			1934	766
			1935	767
			1935	768
			1936	769
			1937	770
			1938	771
			1938	772
			1939	773
			1940	774
			1940	775
			1941	776
			1942	777
			1942	778
			1943	779
			1944	780
			1944	781
			1945	782
			1945	783
			1946	784
			1946	785
			1947	786
			1948	787
			1949	788
			1949	789
			1950	790
			1950	791
			1951	792
			1951	793
			1952	794
			1953	795
			1953	796
			1954	797
			1954	798
			1955	799
			1955	800
			1956	801
			1956	802
			1957	803
		</C1>
		<C2 type=matrix rownames=FALSE colnames=FALSE nrow=205 ncol=2 as.numeric=TRUE >
			1571	1126
			1571	1127
			1572	1128
			1572	1129
			1572	1130
			1573	1130
			1573	1131
			1573	1132
			1573	1133
			1574	1133
			1574	1134
			1574	1135
			1574	1136
			1575	1136
			1575	1137
			1575	1138
			1575	1139
			1576	1140
			1576	1141
			1576	1142
			1576	1143
			1576	1144
			1577	1145
			1577	1146
			1577	1147
			1577	1148
			1577	1149
			1578	1150
			1578	1151
			1578	1152
			1578	1153
			1578	1154
			1578	1155
			1578	1156
			1578	1157
			1578	1158
			1578	1159
			1578	1160
			1578	1161
			1578	1162
			1578	1163
			1578	1164
			1577	1164
			1577	1165
			1577	1166
			1577	1167
			1577	1168
			1576	1168
			1576	1169
			1576	1170
			1576	1171
			1575	1171
			1575	1172
			1574	1173
			1574	1174
			1573	1175
			1572	1176
			1571	1177
			1570	1178
			1570	1179
			1569	1179
			1568	1180
			1567	1180
			1567	1181
			1566	1181
			1565	1182
			1564	1182
			1563	1183
			1562	1183
			1561	1184
			1560	1184
			1559	1184
			1558	1185
			1557	1185
			1556	1185
			1555	1186
			1554	1186
			1553	1186
			1552	1186
			1551	1186
			1550	1186
			1549	1186
			1548	1187
			1547	1187
			1546	1187
			1545	1187
			1544	1187
			1543	1187
			1542	1187
			1541	1187
			1540	1187
			1539	1187
			1538	1187
			1537	1187
			1536	1187
			1535	1187
			1534	1187
			1533	1187
			1532	1186
			1531	1186
			1530	1186
			1529	1186
			1528	1186
			1527	1186
			1526	1186
			1525	1185
			1524	1185
			1523	1185
			1522	1185
			1521	1184
			1520	1184
			1519	1183
			1518	1183
			1517	1183
			1516	1182
			1515	1182
			1514	1181
			1513	1181
			1512	1180
			1511	1179
			1510	1179
			1509	1178
			1508	1177
			1507	1177
			1506	1176
			1506	1175
			1505	1174
			1504	1174
			1503	1173
			1503	1172
			1502	1171
			1501	1170
			1501	1169
			1500	1169
			1500	1168
			1499	1167
			1499	1166
			1498	1165
			1498	1164
			1497	1163
			1497	1162
			1497	1161
			1496	1160
			1496	1159
			1496	1158
			1495	1157
			1495	1156
			1495	1155
			1495	1154
			1495	1153
			1495	1152
			1494	1152
			1494	1151
			1494	1150
			1494	1149
			1494	1148
			1494	1147
			1494	1146
			1494	1145
			1494	1144
			1494	1143
			1494	1142
			1494	1141
			1494	1140
			1494	1139
			1494	1138
			1494	1137
			1495	1136
			1495	1135
			1495	1134
			1495	1133
			1495	1132
			1495	1131
			1495	1130
			1496	1129
			1496	1128
			1496	1127
			1496	1126
			1496	1125
			1497	1124
			1497	1123
			1497	1122
			1497	1121
			1497	1120
			1498	1119
			1498	1118
			1498	1117
			1498	1116
			1499	1115
			1499	1114
			1499	1113
			1500	1112
			1500	1111
			1500	1110
			1501	1109
			1501	1108
			1501	1107
			1502	1106
			1502	1105
			1502	1104
			1503	1103
			1503	1102
			1503	1101
			1504	1100
			1504	1099
		</C2>
	</curves.pixel>
	<curves.scaled type=list>
		<C1 type=matrix rownames=FALSE colnames=FALSE nrow=706 ncol=2 as.numeric=TRUE >
			3188.72549019608	-1438.72549019608
			3191.17647058824	-1436.27450980392
			3193.62745098039	-1436.27450980392
			3196.07843137255	-1433.82352941176
			3198.52941176471	-1433.82352941176
			3200.98039215686	-1431.37254901961
			3203.43137254902	-1431.37254901961
			3205.88235294118	-1428.92156862745
			3208.33333333333	-1426.47058823529
			3210.78431372549	-1426.47058823529
			3213.23529411765	-1424.01960784314
			3215.6862745098	-1424.01960784314
			3218.13725490196	-1421.56862745098
			3220.58823529412	-1421.56862745098
			3223.03921568627	-1419.11764705882
			3225.49019607843	-1419.11764705882
			3227.94117647059	-1416.66666666667
			3230.39215686275	-1414.21568627451
			3232.8431372549	-1414.21568627451
			3235.29411764706	-1411.76470588235
			3237.74509803922	-1411.76470588235
			3240.19607843137	-1409.3137254902
			3242.64705882353	-1409.3137254902
			3245.09803921569	-1406.86274509804
			3247.54901960784	-1406.86274509804
			3250	-1404.41176470588
			3252.45098039216	-1404.41176470588
			3254.90196078431	-1401.96078431373
			3257.35294117647	-1401.96078431373
			3259.80392156863	-1399.50980392157
			3262.25490196078	-1399.50980392157
			3264.70588235294	-1397.05882352941
			3267.1568627451	-1397.05882352941
			3269.60784313726	-1394.60784313726
			3272.05882352941	-1394.60784313726
			3274.50980392157	-1392.1568627451
			3276.96078431373	-1392.1568627451
			3279.41176470588	-1389.70588235294
			3281.86274509804	-1389.70588235294
			3284.3137254902	-1387.25490196078
			3286.76470588235	-1387.25490196078
			3289.21568627451	-1387.25490196078
			3291.66666666667	-1384.80392156863
			3294.11764705882	-1384.80392156863
			3296.56862745098	-1382.35294117647
			3299.01960784314	-1382.35294117647
			3301.47058823529	-1379.90196078431
			3303.92156862745	-1379.90196078431
			3306.37254901961	-1379.90196078431
			3306.37254901961	-1377.45098039216
			3308.82352941176	-1377.45098039216
			3311.27450980392	-1377.45098039216
			3311.27450980392	-1375
			3313.72549019608	-1375
			3316.17647058824	-1375
			3318.62745098039	-1372.54901960784
			3321.07843137255	-1372.54901960784
			3323.52941176471	-1370.09803921569
			3325.98039215686	-1370.09803921569
			3328.43137254902	-1367.64705882353
			3330.88235294118	-1367.64705882353
			3333.33333333333	-1367.64705882353
			3335.78431372549	-1365.19607843137
			3338.23529411765	-1365.19607843137
			3340.6862745098	-1365.19607843137
			3340.6862745098	-1362.74509803922
			3343.13725490196	-1362.74509803922
			3345.58823529412	-1360.29411764706
			3348.03921568627	-1360.29411764706
			3350.49019607843	-1360.29411764706
			3352.94117647059	-1357.8431372549
			3355.39215686275	-1357.8431372549
			3357.8431372549	-1355.39215686275
			3360.29411764706	-1355.39215686275
			3362.74509803922	-1355.39215686275
			3365.19607843137	-1352.94117647059
			3367.64705882353	-1352.94117647059
			3370.09803921569	-1352.94117647059
			3370.09803921569	-1350.49019607843
			3372.54901960784	-1350.49019607843
			3375	-1350.49019607843
			3377.45098039216	-1350.49019607843
			3379.90196078431	-1348.03921568627
			3382.35294117647	-1348.03921568627
			3384.80392156863	-1345.58823529412
			3387.25490196078	-1345.58823529412
			3389.70588235294	-1345.58823529412
			3392.1568627451	-1343.13725490196
			3394.60784313726	-1343.13725490196
			3397.05882352941	-1343.13725490196
			3399.50980392157	-1340.6862745098
			3401.96078431373	-1340.6862745098
			3404.41176470588	-1340.6862745098
			3404.41176470588	-1338.23529411765
			3406.86274509804	-1338.23529411765
			3409.3137254902	-1338.23529411765
			3411.76470588235	-1335.78431372549
			3414.21568627451	-1335.78431372549
			3416.66666666667	-1335.78431372549
			3419.11764705882	-1335.78431372549
			3421.56862745098	-1333.33333333333
			3424.01960784314	-1333.33333333333
			3426.47058823529	-1330.88235294118
			3428.92156862745	-1330.88235294118
			3431.37254901961	-1330.88235294118
			3433.82352941176	-1330.88235294118
			3436.27450980392	-1328.43137254902
			3438.72549019608	-1328.43137254902
			3441.17647058824	-1328.43137254902
			3443.62745098039	-1325.98039215686
			3446.07843137255	-1325.98039215686
			3448.52941176471	-1325.98039215686
			3450.98039215686	-1323.52941176471
			3453.43137254902	-1323.52941176471
			3455.88235294118	-1323.52941176471
			3458.33333333333	-1323.52941176471
			3460.78431372549	-1321.07843137255
			3463.23529411765	-1321.07843137255
			3465.6862745098	-1321.07843137255
			3468.13725490196	-1321.07843137255
			3468.13725490196	-1318.62745098039
			3470.58823529412	-1318.62745098039
			3473.03921568627	-1318.62745098039
			3475.49019607843	-1318.62745098039
			3477.94117647059	-1316.17647058824
			3480.39215686275	-1316.17647058824
			3482.8431372549	-1316.17647058824
			3485.29411764706	-1316.17647058824
			3487.74509803922	-1313.72549019608
			3490.19607843137	-1313.72549019608
			3492.64705882353	-1313.72549019608
			3495.09803921569	-1313.72549019608
			3497.54901960784	-1313.72549019608
			3497.54901960784	-1311.27450980392
			3500	-1311.27450980392
			3502.45098039216	-1311.27450980392
			3504.90196078431	-1311.27450980392
			3507.35294117647	-1311.27450980392
			3509.80392156863	-1308.82352941176
			3512.25490196078	-1308.82352941176
			3514.70588235294	-1308.82352941176
			3517.1568627451	-1308.82352941176
			3519.60784313726	-1306.37254901961
			3522.05882352941	-1306.37254901961
			3524.50980392157	-1306.37254901961
			3526.96078431373	-1306.37254901961
			3529.41176470588	-1306.37254901961
			3531.86274509804	-1303.92156862745
			3534.3137254902	-1303.92156862745
			3536.76470588235	-1303.92156862745
			3539.21568627451	-1303.92156862745
			3541.66666666667	-1303.92156862745
			3544.11764705882	-1301.47058823529
			3546.56862745098	-1301.47058823529
			3549.01960784314	-1301.47058823529
			3551.47058823529	-1301.47058823529
			3553.92156862745	-1301.47058823529
			3556.37254901961	-1301.47058823529
			3558.82352941176	-1299.01960784314
			3561.27450980392	-1299.01960784314
			3563.72549019608	-1299.01960784314
			3566.17647058824	-1299.01960784314
			3568.62745098039	-1299.01960784314
			3571.07843137255	-1299.01960784314
			3573.52941176471	-1296.56862745098
			3575.98039215686	-1296.56862745098
			3578.43137254902	-1296.56862745098
			3580.88235294118	-1296.56862745098
			3583.33333333333	-1296.56862745098
			3585.78431372549	-1296.56862745098
			3588.23529411765	-1294.11764705882
			3590.6862745098	-1294.11764705882
			3593.13725490196	-1294.11764705882
			3595.58823529412	-1294.11764705882
			3598.03921568627	-1294.11764705882
			3600.49019607843	-1294.11764705882
			3602.94117647059	-1294.11764705882
			3605.39215686275	-1294.11764705882
			3607.8431372549	-1291.66666666667
			3610.29411764706	-1291.66666666667
			3612.74509803922	-1291.66666666667
			3615.19607843137	-1291.66666666667
			3617.64705882353	-1291.66666666667
			3620.09803921569	-1291.66666666667
			3622.54901960784	-1291.66666666667
			3625	-1291.66666666667
			3627.45098039216	-1291.66666666667
			3629.90196078431	-1291.66666666667
			3632.35294117647	-1291.66666666667
			3634.80392156863	-1289.21568627451
			3637.25490196078	-1289.21568627451
			3639.70588235294	-1289.21568627451
			3642.1568627451	-1289.21568627451
			3644.60784313726	-1289.21568627451
			3647.05882352941	-1289.21568627451
			3649.50980392157	-1289.21568627451
			3651.96078431373	-1289.21568627451
			3654.41176470588	-1289.21568627451
			3656.86274509804	-1289.21568627451
			3659.3137254902	-1289.21568627451
			3661.76470588235	-1289.21568627451
			3664.21568627451	-1289.21568627451
			3666.66666666667	-1289.21568627451
			3669.11764705882	-1289.21568627451
			3671.56862745098	-1289.21568627451
			3674.01960784314	-1286.76470588235
			3676.47058823529	-1286.76470588235
			3678.92156862745	-1286.76470588235
			3681.37254901961	-1286.76470588235
			3683.82352941176	-1286.76470588235
			3686.27450980392	-1286.76470588235
			3688.72549019608	-1286.76470588235
			3691.17647058824	-1286.76470588235
			3693.62745098039	-1286.76470588235
			3696.07843137255	-1286.76470588235
			3698.52941176471	-1286.76470588235
			3700.98039215686	-1286.76470588235
			3703.43137254902	-1286.76470588235
			3705.88235294118	-1286.76470588235
			3708.33333333333	-1286.76470588235
			3710.78431372549	-1286.76470588235
			3713.23529411765	-1286.76470588235
			3715.6862745098	-1286.76470588235
			3718.13725490196	-1286.76470588235
			3720.58823529412	-1286.76470588235
			3723.03921568627	-1286.76470588235
			3725.49019607843	-1286.76470588235
			3727.94117647059	-1286.76470588235
			3730.39215686275	-1286.76470588235
			3732.8431372549	-1286.76470588235
			3735.29411764706	-1286.76470588235
			3737.74509803922	-1289.21568627451
			3740.19607843137	-1289.21568627451
			3742.64705882353	-1289.21568627451
			3745.09803921569	-1289.21568627451
			3747.54901960784	-1289.21568627451
			3750	-1289.21568627451
			3752.45098039216	-1289.21568627451
			3754.90196078431	-1289.21568627451
			3757.35294117647	-1289.21568627451
			3759.80392156863	-1289.21568627451
			3762.25490196078	-1289.21568627451
			3764.70588235294	-1289.21568627451
			3767.1568627451	-1289.21568627451
			3769.60784313726	-1289.21568627451
			3772.05882352941	-1289.21568627451
			3774.50980392157	-1289.21568627451
			3776.96078431373	-1291.66666666667
			3779.41176470588	-1291.66666666667
			3781.86274509804	-1291.66666666667
			3784.3137254902	-1291.66666666667
			3786.76470588235	-1291.66666666667
			3789.21568627451	-1291.66666666667
			3791.66666666667	-1291.66666666667
			3794.11764705882	-1291.66666666667
			3796.56862745098	-1291.66666666667
			3799.01960784314	-1291.66666666667
			3801.47058823529	-1294.11764705882
			3803.92156862745	-1294.11764705882
			3806.37254901961	-1294.11764705882
			3808.82352941176	-1294.11764705882
			3811.27450980392	-1294.11764705882
			3813.72549019608	-1294.11764705882
			3816.17647058824	-1294.11764705882
			3818.62745098039	-1294.11764705882
			3821.07843137255	-1296.56862745098
			3823.52941176471	-1296.56862745098
			3825.98039215686	-1296.56862745098
			3828.43137254902	-1296.56862745098
			3830.88235294118	-1296.56862745098
			3833.33333333333	-1296.56862745098
			3835.78431372549	-1296.56862745098
			3838.23529411765	-1299.01960784314
			3840.6862745098	-1299.01960784314
			3843.13725490196	-1299.01960784314
			3845.58823529412	-1299.01960784314
			3848.03921568627	-1299.01960784314
			3850.49019607843	-1299.01960784314
			3852.94117647059	-1301.47058823529
			3855.39215686275	-1301.47058823529
			3857.8431372549	-1301.47058823529
			3860.29411764706	-1301.47058823529
			3862.74509803922	-1301.47058823529
			3865.19607843137	-1303.92156862745
			3867.64705882353	-1303.92156862745
			3870.09803921569	-1303.92156862745
			3872.54901960784	-1303.92156862745
			3875	-1303.92156862745
			3877.45098039216	-1306.37254901961
			3879.90196078431	-1306.37254901961
			3882.35294117647	-1306.37254901961
			3884.80392156863	-1306.37254901961
			3887.25490196078	-1306.37254901961
			3889.70588235294	-1308.82352941176
			3892.1568627451	-1308.82352941176
			3894.60784313726	-1308.82352941176
			3897.05882352941	-1308.82352941176
			3899.50980392157	-1311.27450980392
			3901.96078431373	-1311.27450980392
			3904.41176470588	-1311.27450980392
			3906.86274509804	-1311.27450980392
			3909.3137254902	-1313.72549019608
			3911.76470588235	-1313.72549019608
			3914.21568627451	-1313.72549019608
			3916.66666666667	-1313.72549019608
			3919.11764705882	-1316.17647058824
			3921.56862745098	-1316.17647058824
			3924.01960784314	-1316.17647058824
			3926.47058823529	-1316.17647058824
			3928.92156862745	-1318.62745098039
			3931.37254901961	-1318.62745098039
			3933.82352941176	-1318.62745098039
			3936.27450980392	-1318.62745098039
			3938.72549019608	-1321.07843137255
			3941.17647058824	-1321.07843137255
			3943.62745098039	-1321.07843137255
			3946.07843137255	-1323.52941176471
			3948.52941176471	-1323.52941176471
			3950.98039215686	-1323.52941176471
			3953.43137254902	-1323.52941176471
			3955.88235294118	-1325.98039215686
			3958.33333333333	-1325.98039215686
			3960.78431372549	-1325.98039215686
			3963.23529411765	-1328.43137254902
			3965.6862745098	-1328.43137254902
			3968.13725490196	-1328.43137254902
			3970.58823529412	-1330.88235294118
			3973.03921568627	-1330.88235294118
			3975.49019607843	-1330.88235294118
			3977.94117647059	-1333.33333333333
			3980.39215686275	-1333.33333333333
			3982.8431372549	-1333.33333333333
			3985.29411764706	-1335.78431372549
			3987.74509803922	-1335.78431372549
			3990.19607843137	-1335.78431372549
			3992.64705882353	-1338.23529411765
			3995.09803921569	-1338.23529411765
			3997.54901960784	-1338.23529411765
			4000	-1340.6862745098
			4002.45098039216	-1340.6862745098
			4004.90196078431	-1340.6862745098
			4007.35294117647	-1343.13725490196
			4009.80392156863	-1343.13725490196
			4012.25490196078	-1345.58823529412
			4014.70588235294	-1345.58823529412
			4017.1568627451	-1345.58823529412
			4019.60784313726	-1348.03921568627
			4022.05882352941	-1348.03921568627
			4024.50980392157	-1350.49019607843
			4026.96078431373	-1350.49019607843
			4029.41176470588	-1350.49019607843
			4031.86274509804	-1352.94117647059
			4034.3137254902	-1352.94117647059
			4036.76470588235	-1355.39215686275
			4039.21568627451	-1355.39215686275
			4041.66666666667	-1357.8431372549
			4044.11764705882	-1357.8431372549
			4046.56862745098	-1357.8431372549
			4049.01960784314	-1360.29411764706
			4051.47058823529	-1360.29411764706
			4053.92156862745	-1362.74509803922
			4056.37254901961	-1362.74509803922
			4058.82352941176	-1365.19607843137
			4061.27450980392	-1365.19607843137
			4063.72549019608	-1367.64705882353
			4066.17647058824	-1367.64705882353
			4068.62745098039	-1367.64705882353
			4071.07843137255	-1370.09803921569
			4073.52941176471	-1370.09803921569
			4075.98039215686	-1372.54901960784
			4078.43137254902	-1372.54901960784
			4080.88235294118	-1375
			4083.33333333333	-1375
			4085.78431372549	-1377.45098039216
			4088.23529411765	-1377.45098039216
			4090.6862745098	-1377.45098039216
			4093.13725490196	-1379.90196078431
			4095.58823529412	-1382.35294117647
			4098.03921568627	-1382.35294117647
			4100.49019607843	-1382.35294117647
			4102.94117647059	-1384.80392156863
			4105.39215686275	-1384.80392156863
			4107.8431372549	-1387.25490196078
			4110.29411764706	-1389.70588235294
			4112.74509803922	-1389.70588235294
			4115.19607843137	-1389.70588235294
			4117.64705882353	-1392.1568627451
			4120.09803921569	-1392.1568627451
			4122.54901960784	-1394.60784313726
			4125	-1394.60784313726
			4125	-1397.05882352941
			4127.45098039216	-1397.05882352941
			4129.90196078431	-1399.50980392157
			4132.35294117647	-1399.50980392157
			4134.80392156863	-1401.96078431373
			4137.25490196078	-1401.96078431373
			4139.70588235294	-1401.96078431373
			4139.70588235294	-1404.41176470588
			4142.1568627451	-1404.41176470588
			4144.60784313726	-1406.86274509804
			4147.05882352941	-1406.86274509804
			4149.50980392157	-1409.3137254902
			4151.96078431373	-1409.3137254902
			4154.41176470588	-1411.76470588235
			4156.86274509804	-1411.76470588235
			4156.86274509804	-1414.21568627451
			4159.3137254902	-1414.21568627451
			4161.76470588235	-1416.66666666667
			4164.21568627451	-1416.66666666667
			4166.66666666667	-1419.11764705882
			4169.11764705882	-1419.11764705882
			4171.56862745098	-1421.56862745098
			4174.01960784314	-1421.56862745098
			4174.01960784314	-1424.01960784314
			4176.47058823529	-1424.01960784314
			4178.92156862745	-1426.47058823529
			4181.37254901961	-1426.47058823529
			4183.82352941176	-1428.92156862745
			4186.27450980392	-1428.92156862745
			4188.72549019608	-1431.37254901961
			4188.72549019608	-1433.82352941176
			4191.17647058824	-1433.82352941176
			4193.62745098039	-1436.27450980392
			4196.07843137255	-1436.27450980392
			4198.52941176471	-1438.72549019608
			4200.98039215686	-1438.72549019608
			4203.43137254902	-1441.17647058824
			4205.88235294118	-1441.17647058824
			4205.88235294118	-1443.62745098039
			4208.33333333333	-1446.07843137255
			4210.78431372549	-1446.07843137255
			4213.23529411765	-1448.52941176471
			4215.6862745098	-1450.98039215686
			4218.13725490196	-1453.43137254902
			4220.58823529412	-1453.43137254902
			4223.03921568627	-1455.88235294118
			4225.49019607843	-1458.33333333333
			4227.94117647059	-1460.78431372549
			4230.39215686275	-1460.78431372549
			4232.8431372549	-1463.23529411765
			4235.29411764706	-1465.6862745098
			4237.74509803922	-1468.13725490196
			4240.19607843137	-1470.58823529412
			4242.64705882353	-1470.58823529412
			4245.09803921569	-1473.03921568627
			4247.54901960784	-1475.49019607843
			4250	-1477.94117647059
			4252.45098039216	-1480.39215686275
			4254.90196078431	-1480.39215686275
			4257.35294117647	-1482.8431372549
			4259.80392156863	-1485.29411764706
			4262.25490196078	-1487.74509803922
			4264.70588235294	-1487.74509803922
			4267.1568627451	-1490.19607843137
			4269.60784313726	-1492.64705882353
			4272.05882352941	-1495.09803921569
			4274.50980392157	-1495.09803921569
			4276.96078431373	-1497.54901960784
			4276.96078431373	-1500
			4279.41176470588	-1500
			4281.86274509804	-1502.45098039216
			4284.3137254902	-1504.90196078431
			4286.76470588235	-1504.90196078431
			4289.21568627451	-1507.35294117647
			4291.66666666667	-1509.80392156863
			4294.11764705882	-1509.80392156863
			4296.56862745098	-1512.25490196078
			4299.01960784314	-1514.70588235294
			4301.47058823529	-1517.1568627451
			4303.92156862745	-1519.60784313726
			4306.37254901961	-1522.05882352941
			4308.82352941176	-1524.50980392157
			4311.27450980392	-1524.50980392157
			4313.72549019608	-1526.96078431373
			4316.17647058824	-1529.41176470588
			4318.62745098039	-1529.41176470588
			4318.62745098039	-1531.86274509804
			4321.07843137255	-1531.86274509804
			4323.52941176471	-1534.3137254902
			4325.98039215686	-1536.76470588235
			4328.43137254902	-1536.76470588235
			4330.88235294118	-1539.21568627451
			4333.33333333333	-1541.66666666667
			4335.78431372549	-1544.11764705882
			4338.23529411765	-1544.11764705882
			4340.6862745098	-1546.56862745098
			4340.6862745098	-1549.01960784314
			4343.13725490196	-1549.01960784314
			4345.58823529412	-1551.47058823529
			4348.03921568627	-1551.47058823529
			4348.03921568627	-1553.92156862745
			4350.49019607843	-1553.92156862745
			4352.94117647059	-1556.37254901961
			4355.39215686275	-1558.82352941176
			4357.8431372549	-1561.27450980392
			4360.29411764706	-1563.72549019608
			4362.74509803922	-1563.72549019608
			4365.19607843137	-1566.17647058824
			4367.64705882353	-1568.62745098039
			4370.09803921569	-1568.62745098039
			4372.54901960784	-1571.07843137255
			4375	-1573.52941176471
			4377.45098039216	-1575.98039215686
			4379.90196078431	-1578.43137254902
			4382.35294117647	-1578.43137254902
			4384.80392156863	-1580.88235294118
			4387.25490196078	-1583.33333333333
			4389.70588235294	-1585.78431372549
			4392.1568627451	-1585.78431372549
			4394.60784313726	-1588.23529411765
			4397.05882352941	-1590.6862745098
			4399.50980392157	-1590.6862745098
			4401.96078431373	-1593.13725490196
			4404.41176470588	-1595.58823529412
			4406.86274509804	-1598.03921568627
			4409.3137254902	-1598.03921568627
			4411.76470588235	-1600.49019607843
			4414.21568627451	-1602.94117647059
			4416.66666666667	-1605.39215686275
			4419.11764705882	-1607.8431372549
			4421.56862745098	-1607.8431372549
			4421.56862745098	-1610.29411764706
			4424.01960784314	-1610.29411764706
			4426.47058823529	-1612.74509803922
			4428.92156862745	-1615.19607843137
			4431.37254901961	-1617.64705882353
			4433.82352941176	-1617.64705882353
			4436.27450980392	-1620.09803921569
			4438.72549019608	-1620.09803921569
			4438.72549019608	-1622.54901960784
			4441.17647058824	-1625
			4443.62745098039	-1625
			4446.07843137255	-1627.45098039216
			4448.52941176471	-1629.90196078431
			4450.98039215686	-1632.35294117647
			4453.43137254902	-1632.35294117647
			4455.88235294118	-1634.80392156863
			4458.33333333333	-1637.25490196078
			4460.78431372549	-1637.25490196078
			4463.23529411765	-1639.70588235294
			4463.23529411765	-1642.1568627451
			4465.6862745098	-1642.1568627451
			4468.13725490196	-1644.60784313726
			4470.58823529412	-1644.60784313726
			4473.03921568627	-1647.05882352941
			4475.49019607843	-1649.50980392157
			4477.94117647059	-1649.50980392157
			4480.39215686275	-1651.96078431373
			4480.39215686275	-1654.41176470588
			4482.8431372549	-1654.41176470588
			4485.29411764706	-1656.86274509804
			4487.74509803922	-1659.3137254902
			4490.19607843137	-1659.3137254902
			4492.64705882353	-1661.76470588235
			4495.09803921569	-1664.21568627451
			4497.54901960784	-1666.66666666667
			4500	-1666.66666666667
			4502.45098039216	-1669.11764705882
			4504.90196078431	-1671.56862745098
			4507.35294117647	-1674.01960784314
			4509.80392156863	-1674.01960784314
			4512.25490196078	-1676.47058823529
			4514.70588235294	-1678.92156862745
			4517.1568627451	-1678.92156862745
			4519.60784313726	-1681.37254901961
			4522.05882352941	-1683.82352941176
			4524.50980392157	-1683.82352941176
			4526.96078431373	-1686.27450980392
			4529.41176470588	-1688.72549019608
			4531.86274509804	-1691.17647058824
			4534.3137254902	-1693.62745098039
			4536.76470588235	-1696.07843137255
			4539.21568627451	-1696.07843137255
			4541.66666666667	-1698.52941176471
			4544.11764705882	-1700.98039215686
			4546.56862745098	-1700.98039215686
			4549.01960784314	-1703.43137254902
			4551.47058823529	-1703.43137254902
			4553.92156862745	-1705.88235294118
			4556.37254901961	-1708.33333333333
			4558.82352941176	-1708.33333333333
			4561.27450980392	-1710.78431372549
			4563.72549019608	-1710.78431372549
			4566.17647058824	-1713.23529411765
			4568.62745098039	-1713.23529411765
			4571.07843137255	-1715.6862745098
			4573.52941176471	-1715.6862745098
			4575.98039215686	-1718.13725490196
			4578.43137254902	-1718.13725490196
			4580.88235294118	-1720.58823529412
			4583.33333333333	-1720.58823529412
			4585.78431372549	-1723.03921568627
			4588.23529411765	-1725.49019607843
			4590.6862745098	-1725.49019607843
			4593.13725490196	-1727.94117647059
			4595.58823529412	-1727.94117647059
			4595.58823529412	-1730.39215686275
			4598.03921568627	-1732.8431372549
			4600.49019607843	-1732.8431372549
			4602.94117647059	-1735.29411764706
			4605.39215686275	-1737.74509803922
			4607.8431372549	-1737.74509803922
			4610.29411764706	-1740.19607843137
			4612.74509803922	-1742.64705882353
			4615.19607843137	-1742.64705882353
			4617.64705882353	-1745.09803921569
			4620.09803921569	-1747.54901960784
			4622.54901960784	-1747.54901960784
			4625	-1750
			4627.45098039216	-1752.45098039216
			4629.90196078431	-1754.90196078431
			4632.35294117647	-1757.35294117647
			4634.80392156863	-1759.80392156863
			4637.25490196078	-1762.25490196078
			4639.70588235294	-1762.25490196078
			4639.70588235294	-1764.70588235294
			4642.1568627451	-1764.70588235294
			4644.60784313726	-1767.1568627451
			4647.05882352941	-1769.60784313726
			4649.50980392157	-1772.05882352941
			4651.96078431373	-1774.50980392157
			4654.41176470588	-1776.96078431373
			4656.86274509804	-1776.96078431373
			4656.86274509804	-1779.41176470588
			4659.3137254902	-1781.86274509804
			4661.76470588235	-1784.3137254902
			4664.21568627451	-1784.3137254902
			4666.66666666667	-1786.76470588235
			4666.66666666667	-1789.21568627451
			4669.11764705882	-1791.66666666667
			4671.56862745098	-1791.66666666667
			4674.01960784314	-1794.11764705882
			4674.01960784314	-1796.56862745098
			4676.47058823529	-1799.01960784314
			4678.92156862745	-1801.47058823529
			4681.37254901961	-1801.47058823529
			4681.37254901961	-1803.92156862745
			4683.82352941176	-1806.37254901961
			4686.27450980392	-1808.82352941176
			4688.72549019608	-1811.27450980392
			4688.72549019608	-1813.72549019608
			4691.17647058824	-1813.72549019608
			4693.62745098039	-1816.17647058824
			4696.07843137255	-1818.62745098039
			4696.07843137255	-1821.07843137255
			4698.52941176471	-1823.52941176471
			4700.98039215686	-1825.98039215686
			4703.43137254902	-1828.43137254902
			4703.43137254902	-1830.88235294118
			4705.88235294118	-1830.88235294118
			4708.33333333333	-1833.33333333333
			4710.78431372549	-1835.78431372549
			4710.78431372549	-1838.23529411765
			4713.23529411765	-1840.6862745098
			4715.6862745098	-1843.13725490196
			4718.13725490196	-1845.58823529412
			4718.13725490196	-1848.03921568627
			4720.58823529412	-1850.49019607843
			4723.03921568627	-1852.94117647059
			4725.49019607843	-1855.39215686275
			4725.49019607843	-1857.8431372549
			4727.94117647059	-1860.29411764706
			4730.39215686275	-1862.74509803922
			4730.39215686275	-1865.19607843137
			4732.8431372549	-1867.64705882353
			4735.29411764706	-1870.09803921569
			4737.74509803922	-1872.54901960784
			4737.74509803922	-1875
			4740.19607843137	-1877.45098039216
			4742.64705882353	-1879.90196078431
			4742.64705882353	-1882.35294117647
			4745.09803921569	-1884.80392156863
			4747.54901960784	-1887.25490196078
			4750	-1889.70588235294
			4750	-1892.1568627451
			4752.45098039216	-1894.60784313726
			4754.90196078431	-1897.05882352941
			4754.90196078431	-1899.50980392157
			4757.35294117647	-1901.96078431373
			4759.80392156863	-1904.41176470588
			4759.80392156863	-1906.86274509804
			4762.25490196078	-1909.3137254902
			4764.70588235294	-1911.76470588235
			4764.70588235294	-1914.21568627451
			4767.1568627451	-1916.66666666667
			4767.1568627451	-1919.11764705882
			4769.60784313726	-1921.56862745098
			4769.60784313726	-1924.01960784314
			4772.05882352941	-1926.47058823529
			4774.50980392157	-1928.92156862745
			4776.96078431373	-1931.37254901961
			4776.96078431373	-1933.82352941176
			4779.41176470588	-1936.27450980392
			4779.41176470588	-1938.72549019608
			4781.86274509804	-1941.17647058824
			4781.86274509804	-1943.62745098039
			4784.3137254902	-1946.07843137255
			4786.76470588235	-1948.52941176471
			4786.76470588235	-1950.98039215686
			4789.21568627451	-1953.43137254902
			4789.21568627451	-1955.88235294118
			4791.66666666667	-1958.33333333333
			4791.66666666667	-1960.78431372549
			4794.11764705882	-1963.23529411765
			4794.11764705882	-1965.6862745098
			4796.56862745098	-1968.13725490196
		</C1>
		<C2 type=matrix rownames=FALSE colnames=FALSE nrow=205 ncol=2 as.numeric=TRUE >
			3850.49019607843	-2759.80392156863
			3850.49019607843	-2762.25490196078
			3852.94117647059	-2764.70588235294
			3852.94117647059	-2767.1568627451
			3852.94117647059	-2769.60784313726
			3855.39215686275	-2769.60784313726
			3855.39215686275	-2772.05882352941
			3855.39215686275	-2774.50980392157
			3855.39215686275	-2776.96078431373
			3857.8431372549	-2776.96078431373
			3857.8431372549	-2779.41176470588
			3857.8431372549	-2781.86274509804
			3857.8431372549	-2784.3137254902
			3860.29411764706	-2784.3137254902
			3860.29411764706	-2786.76470588235
			3860.29411764706	-2789.21568627451
			3860.29411764706	-2791.66666666667
			3862.74509803922	-2794.11764705882
			3862.74509803922	-2796.56862745098
			3862.74509803922	-2799.01960784314
			3862.74509803922	-2801.47058823529
			3862.74509803922	-2803.92156862745
			3865.19607843137	-2806.37254901961
			3865.19607843137	-2808.82352941176
			3865.19607843137	-2811.27450980392
			3865.19607843137	-2813.72549019608
			3865.19607843137	-2816.17647058824
			3867.64705882353	-2818.62745098039
			3867.64705882353	-2821.07843137255
			3867.64705882353	-2823.52941176471
			3867.64705882353	-2825.98039215686
			3867.64705882353	-2828.43137254902
			3867.64705882353	-2830.88235294118
			3867.64705882353	-2833.33333333333
			3867.64705882353	-2835.78431372549
			3867.64705882353	-2838.23529411765
			3867.64705882353	-2840.6862745098
			3867.64705882353	-2843.13725490196
			3867.64705882353	-2845.58823529412
			3867.64705882353	-2848.03921568627
			3867.64705882353	-2850.49019607843
			3867.64705882353	-2852.94117647059
			3865.19607843137	-2852.94117647059
			3865.19607843137	-2855.39215686275
			3865.19607843137	-2857.8431372549
			3865.19607843137	-2860.29411764706
			3865.19607843137	-2862.74509803922
			3862.74509803922	-2862.74509803922
			3862.74509803922	-2865.19607843137
			3862.74509803922	-2867.64705882353
			3862.74509803922	-2870.09803921569
			3860.29411764706	-2870.09803921569
			3860.29411764706	-2872.54901960784
			3857.8431372549	-2875
			3857.8431372549	-2877.45098039216
			3855.39215686275	-2879.90196078431
			3852.94117647059	-2882.35294117647
			3850.49019607843	-2884.80392156863
			3848.03921568627	-2887.25490196078
			3848.03921568627	-2889.70588235294
			3845.58823529412	-2889.70588235294
			3843.13725490196	-2892.1568627451
			3840.6862745098	-2892.1568627451
			3840.6862745098	-2894.60784313726
			3838.23529411765	-2894.60784313726
			3835.78431372549	-2897.05882352941
			3833.33333333333	-2897.05882352941
			3830.88235294118	-2899.50980392157
			3828.43137254902	-2899.50980392157
			3825.98039215686	-2901.96078431373
			3823.52941176471	-2901.96078431373
			3821.07843137255	-2901.96078431373
			3818.62745098039	-2904.41176470588
			3816.17647058824	-2904.41176470588
			3813.72549019608	-2904.41176470588
			3811.27450980392	-2906.86274509804
			3808.82352941176	-2906.86274509804
			3806.37254901961	-2906.86274509804
			3803.92156862745	-2906.86274509804
			3801.47058823529	-2906.86274509804
			3799.01960784314	-2906.86274509804
			3796.56862745098	-2906.86274509804
			3794.11764705882	-2909.3137254902
			3791.66666666667	-2909.3137254902
			3789.21568627451	-2909.3137254902
			3786.76470588235	-2909.3137254902
			3784.3137254902	-2909.3137254902
			3781.86274509804	-2909.3137254902
			3779.41176470588	-2909.3137254902
			3776.96078431373	-2909.3137254902
			3774.50980392157	-2909.3137254902
			3772.05882352941	-2909.3137254902
			3769.60784313726	-2909.3137254902
			3767.1568627451	-2909.3137254902
			3764.70588235294	-2909.3137254902
			3762.25490196078	-2909.3137254902
			3759.80392156863	-2909.3137254902
			3757.35294117647	-2909.3137254902
			3754.90196078431	-2906.86274509804
			3752.45098039216	-2906.86274509804
			3750	-2906.86274509804
			3747.54901960784	-2906.86274509804
			3745.09803921569	-2906.86274509804
			3742.64705882353	-2906.86274509804
			3740.19607843137	-2906.86274509804
			3737.74509803922	-2904.41176470588
			3735.29411764706	-2904.41176470588
			3732.8431372549	-2904.41176470588
			3730.39215686275	-2904.41176470588
			3727.94117647059	-2901.96078431373
			3725.49019607843	-2901.96078431373
			3723.03921568627	-2899.50980392157
			3720.58823529412	-2899.50980392157
			3718.13725490196	-2899.50980392157
			3715.6862745098	-2897.05882352941
			3713.23529411765	-2897.05882352941
			3710.78431372549	-2894.60784313726
			3708.33333333333	-2894.60784313726
			3705.88235294118	-2892.1568627451
			3703.43137254902	-2889.70588235294
			3700.98039215686	-2889.70588235294
			3698.52941176471	-2887.25490196078
			3696.07843137255	-2884.80392156863
			3693.62745098039	-2884.80392156863
			3691.17647058824	-2882.35294117647
			3691.17647058824	-2879.90196078431
			3688.72549019608	-2877.45098039216
			3686.27450980392	-2877.45098039216
			3683.82352941176	-2875
			3683.82352941176	-2872.54901960784
			3681.37254901961	-2870.09803921569
			3678.92156862745	-2867.64705882353
			3678.92156862745	-2865.19607843137
			3676.47058823529	-2865.19607843137
			3676.47058823529	-2862.74509803922
			3674.01960784314	-2860.29411764706
			3674.01960784314	-2857.8431372549
			3671.56862745098	-2855.39215686275
			3671.56862745098	-2852.94117647059
			3669.11764705882	-2850.49019607843
			3669.11764705882	-2848.03921568627
			3669.11764705882	-2845.58823529412
			3666.66666666667	-2843.13725490196
			3666.66666666667	-2840.6862745098
			3666.66666666667	-2838.23529411765
			3664.21568627451	-2835.78431372549
			3664.21568627451	-2833.33333333333
			3664.21568627451	-2830.88235294118
			3664.21568627451	-2828.43137254902
			3664.21568627451	-2825.98039215686
			3664.21568627451	-2823.52941176471
			3661.76470588235	-2823.52941176471
			3661.76470588235	-2821.07843137255
			3661.76470588235	-2818.62745098039
			3661.76470588235	-2816.17647058824
			3661.76470588235	-2813.72549019608
			3661.76470588235	-2811.27450980392
			3661.76470588235	-2808.82352941176
			3661.76470588235	-2806.37254901961
			3661.76470588235	-2803.92156862745
			3661.76470588235	-2801.47058823529
			3661.76470588235	-2799.01960784314
			3661.76470588235	-2796.56862745098
			3661.76470588235	-2794.11764705882
			3661.76470588235	-2791.66666666667
			3661.76470588235	-2789.21568627451
			3661.76470588235	-2786.76470588235
			3664.21568627451	-2784.3137254902
			3664.21568627451	-2781.86274509804
			3664.21568627451	-2779.41176470588
			3664.21568627451	-2776.96078431373
			3664.21568627451	-2774.50980392157
			3664.21568627451	-2772.05882352941
			3664.21568627451	-2769.60784313726
			3666.66666666667	-2767.1568627451
			3666.66666666667	-2764.70588235294
			3666.66666666667	-2762.25490196078
			3666.66666666667	-2759.80392156863
			3666.66666666667	-2757.35294117647
			3669.11764705882	-2754.90196078431
			3669.11764705882	-2752.45098039216
			3669.11764705882	-2750
			3669.11764705882	-2747.54901960784
			3669.11764705882	-2745.09803921569
			3671.56862745098	-2742.64705882353
			3671.56862745098	-2740.19607843137
			3671.56862745098	-2737.74509803922
			3671.56862745098	-2735.29411764706
			3674.01960784314	-2732.8431372549
			3674.01960784314	-2730.39215686275
			3674.01960784314	-2727.94117647059
			3676.47058823529	-2725.49019607843
			3676.47058823529	-2723.03921568627
			3676.47058823529	-2720.58823529412
			3678.92156862745	-2718.13725490196
			3678.92156862745	-2715.6862745098
			3678.92156862745	-2713.23529411765
			3681.37254901961	-2710.78431372549
			3681.37254901961	-2708.33333333333
			3681.37254901961	-2705.88235294118
			3683.82352941176	-2703.43137254902
			3683.82352941176	-2700.98039215686
			3683.82352941176	-2698.52941176471
			3686.27450980392	-2696.07843137255
			3686.27450980392	-2693.62745098039
		</C2>
	</curves.scaled>
	<ruler.points type=matrix rownames=TRUE colnames=FALSE nrow=2 ncol=2 as.numeric=TRUE >
		Ruler point 1	3	1877
		Ruler point 2	105	1877
	</ruler.points>
</shapes>

