<shapes type=list>
	<ruler.pixel type=vector names=FALSE length=1 as.numeric=TRUE >102</ruler.pixel>
	<ruler.interval type=vector names=FALSE length=1 as.numeric=TRUE >250</ruler.interval>
	<scaling.units type=vector names=FALSE length=1 as.numeric=FALSE >nm</scaling.units>
	<scaling type=vector names=FALSE length=1 as.numeric=TRUE >2.45098039215686</scaling>
	<landmarks.pixel type=matrix rownames=TRUE colnames=FALSE nrow=4 ncol=2 as.numeric=TRUE >
		1-TopL	1361	688
		2-TopR	2197	735
		3-BotR	1848	1213
		4-BotL	1735	1191
	</landmarks.pixel>
	<landmarks.scaled type=matrix rownames=TRUE colnames=FALSE nrow=4 ncol=2 as.numeric=TRUE >
		1-TopL	3335.78431372549	-1686.27450980392
		2-TopR	5384.80392156863	-1801.47058823529
		3-BotR	4529.41176470588	-2973.03921568627
		4-BotL	4252.45098039216	-2919.11764705882
	</landmarks.scaled>
	<curves.control type=list>
		<C1 type=matrix rownames=FALSE colnames=FALSE nrow=7 ncol=2 as.numeric=TRUE >
			1361	688
			1474	545
			1746	532
			1940	577
			2093	652
			2146	672
			2197	735
		</C1>
		<C2 type=matrix rownames=FALSE colnames=FALSE nrow=5 ncol=2 as.numeric=TRUE >
			1848	1213
			1831	1295
			1789	1303
			1699	1303
			1735	1191
		</C2>
	</curves.control>
	<curves.pixel type=list>
		<C1 type=matrix rownames=FALSE colnames=FALSE nrow=869 ncol=2 as.numeric=TRUE >
			1361	688
			1362	687
			1362	686
			1363	685
			1364	684
			1365	683
			1366	682
			1367	681
			1368	680
			1368	679
			1369	679
			1369	678
			1370	677
			1371	676
			1372	675
			1373	674
			1373	673
			1374	672
			1375	672
			1375	671
			1376	670
			1377	669
			1378	668
			1379	667
			1380	666
			1381	665
			1382	664
			1383	663
			1384	662
			1385	661
			1386	660
			1387	659
			1388	658
			1389	657
			1390	656
			1391	655
			1392	654
			1393	653
			1394	652
			1395	651
			1396	651
			1396	650
			1397	649
			1398	649
			1399	648
			1399	647
			1400	646
			1401	646
			1402	645
			1403	644
			1404	643
			1405	642
			1406	641
			1407	640
			1408	640
			1409	639
			1410	638
			1411	637
			1412	636
			1413	635
			1414	635
			1415	634
			1416	633
			1417	632
			1418	631
			1419	631
			1420	630
			1421	629
			1422	628
			1423	628
			1424	627
			1425	626
			1426	626
			1426	625
			1427	625
			1428	624
			1429	624
			1430	623
			1431	622
			1432	621
			1433	621
			1434	620
			1435	620
			1435	619
			1436	619
			1437	618
			1438	617
			1439	617
			1439	616
			1440	616
			1441	615
			1442	615
			1442	614
			1443	614
			1444	613
			1445	613
			1446	612
			1447	612
			1447	611
			1448	611
			1449	610
			1450	610
			1451	609
			1452	608
			1453	608
			1454	607
			1455	606
			1456	606
			1457	605
			1458	605
			1459	604
			1460	603
			1461	603
			1462	602
			1463	602
			1464	601
			1465	601
			1466	600
			1467	599
			1468	599
			1469	598
			1470	598
			1471	597
			1472	597
			1473	596
			1474	596
			1475	595
			1476	595
			1477	595
			1477	594
			1478	594
			1479	593
			1480	593
			1481	592
			1482	592
			1483	591
			1484	591
			1485	590
			1486	590
			1487	589
			1488	589
			1489	589
			1490	588
			1491	587
			1492	587
			1493	587
			1493	586
			1494	586
			1495	586
			1496	585
			1497	585
			1498	584
			1499	584
			1500	583
			1501	583
			1502	583
			1502	582
			1503	582
			1504	582
			1505	581
			1506	581
			1507	580
			1508	580
			1509	579
			1510	579
			1511	579
			1512	578
			1513	578
			1514	577
			1515	577
			1516	576
			1517	576
			1518	576
			1519	575
			1520	575
			1521	575
			1522	574
			1523	574
			1524	574
			1525	573
			1526	573
			1527	572
			1528	572
			1529	572
			1530	571
			1531	571
			1532	571
			1533	570
			1534	570
			1535	569
			1536	569
			1537	569
			1538	569
			1538	568
			1539	568
			1540	568
			1541	567
			1542	567
			1543	567
			1544	566
			1545	566
			1546	566
			1547	565
			1548	565
			1549	565
			1550	564
			1551	564
			1552	564
			1553	563
			1554	563
			1555	563
			1556	562
			1557	562
			1558	562
			1559	562
			1560	561
			1561	561
			1562	561
			1563	560
			1564	560
			1565	560
			1566	559
			1567	559
			1568	559
			1569	559
			1570	558
			1571	558
			1572	558
			1573	557
			1574	557
			1575	557
			1576	557
			1577	556
			1578	556
			1579	556
			1580	556
			1581	556
			1582	555
			1583	555
			1584	555
			1585	554
			1586	554
			1587	554
			1588	554
			1589	554
			1589	553
			1590	553
			1591	553
			1592	553
			1593	552
			1594	552
			1595	552
			1596	552
			1597	552
			1598	551
			1599	551
			1600	551
			1601	551
			1601	550
			1602	550
			1603	550
			1604	550
			1605	550
			1606	549
			1607	549
			1608	549
			1609	549
			1610	549
			1611	548
			1612	548
			1613	548
			1614	548
			1615	548
			1616	547
			1617	547
			1618	547
			1619	547
			1620	547
			1621	547
			1621	546
			1622	546
			1623	546
			1624	546
			1625	546
			1626	545
			1627	545
			1628	545
			1629	545
			1630	545
			1631	545
			1632	544
			1633	544
			1634	544
			1635	544
			1636	544
			1637	543
			1638	543
			1639	543
			1640	543
			1641	543
			1642	543
			1643	542
			1644	542
			1645	542
			1646	542
			1647	542
			1648	542
			1649	542
			1650	541
			1651	541
			1652	541
			1653	541
			1654	541
			1655	541
			1656	540
			1657	540
			1658	540
			1659	540
			1660	540
			1661	540
			1662	540
			1663	539
			1664	539
			1665	539
			1666	539
			1667	539
			1668	539
			1669	539
			1670	539
			1671	538
			1672	538
			1673	538
			1674	538
			1675	538
			1676	538
			1677	538
			1678	538
			1679	537
			1680	537
			1681	537
			1682	537
			1683	537
			1684	537
			1685	537
			1686	537
			1687	537
			1687	536
			1688	536
			1689	536
			1690	536
			1691	536
			1692	536
			1693	536
			1694	536
			1695	536
			1696	536
			1697	536
			1698	535
			1699	535
			1700	535
			1701	535
			1702	535
			1703	535
			1704	535
			1705	535
			1706	535
			1707	535
			1708	535
			1709	534
			1710	534
			1711	534
			1712	534
			1713	534
			1714	534
			1715	534
			1716	534
			1717	534
			1718	534
			1719	534
			1720	534
			1721	533
			1722	533
			1723	533
			1724	533
			1725	533
			1726	533
			1727	533
			1728	533
			1729	533
			1730	533
			1731	533
			1732	533
			1733	533
			1734	533
			1735	533
			1736	533
			1737	532
			1738	532
			1739	532
			1740	532
			1741	532
			1742	532
			1743	532
			1744	532
			1745	532
			1746	532
			1747	532
			1748	532
			1749	533
			1750	533
			1751	533
			1752	533
			1753	534
			1754	534
			1755	534
			1756	534
			1757	535
			1758	535
			1759	535
			1760	535
			1761	536
			1762	536
			1763	536
			1764	536
			1765	537
			1766	537
			1767	537
			1768	537
			1769	537
			1769	538
			1770	538
			1771	538
			1772	538
			1773	538
			1774	539
			1775	539
			1776	539
			1777	539
			1777	540
			1778	540
			1779	540
			1780	540
			1781	540
			1782	541
			1783	541
			1784	541
			1785	541
			1785	542
			1786	542
			1787	542
			1788	542
			1789	542
			1790	543
			1791	543
			1792	543
			1793	544
			1794	544
			1795	544
			1796	544
			1797	545
			1798	545
			1799	545
			1800	545
			1801	546
			1802	546
			1803	546
			1804	546
			1805	547
			1806	547
			1807	547
			1808	547
			1809	548
			1810	548
			1811	548
			1812	548
			1813	549
			1814	549
			1815	549
			1816	550
			1817	550
			1818	550
			1819	550
			1820	551
			1821	551
			1822	551
			1823	551
			1823	552
			1824	552
			1825	552
			1826	552
			1827	553
			1828	553
			1829	553
			1830	553
			1831	554
			1832	554
			1833	554
			1834	554
			1835	555
			1836	555
			1837	555
			1838	556
			1839	556
			1840	556
			1841	557
			1842	557
			1843	557
			1844	557
			1845	558
			1846	558
			1847	558
			1848	559
			1849	559
			1850	559
			1851	559
			1852	560
			1853	560
			1854	560
			1855	560
			1856	561
			1857	561
			1858	562
			1859	562
			1860	562
			1861	562
			1862	563
			1863	563
			1864	563
			1865	564
			1866	564
			1867	564
			1868	565
			1869	565
			1870	565
			1871	565
			1872	566
			1873	566
			1874	566
			1875	567
			1876	567
			1877	567
			1878	568
			1879	568
			1880	568
			1881	568
			1882	569
			1883	569
			1884	569
			1885	570
			1886	570
			1887	571
			1888	571
			1889	571
			1890	571
			1891	572
			1892	572
			1893	572
			1894	573
			1895	573
			1896	573
			1897	574
			1898	574
			1899	574
			1900	575
			1901	575
			1902	575
			1903	576
			1904	576
			1905	576
			1906	577
			1907	577
			1908	577
			1909	577
			1910	578
			1911	578
			1912	578
			1913	579
			1914	579
			1915	579
			1916	580
			1917	580
			1918	580
			1919	581
			1920	581
			1921	581
			1922	582
			1923	582
			1924	582
			1924	583
			1925	583
			1926	583
			1927	584
			1928	584
			1929	584
			1930	585
			1931	585
			1932	585
			1933	586
			1934	586
			1935	586
			1936	587
			1937	587
			1938	587
			1939	588
			1940	588
			1941	588
			1942	589
			1943	589
			1944	589
			1945	590
			1946	590
			1947	590
			1947	591
			1948	591
			1949	591
			1950	592
			1951	592
			1952	592
			1953	593
			1954	593
			1955	593
			1956	594
			1957	594
			1958	595
			1959	595
			1960	595
			1961	596
			1962	596
			1963	596
			1964	597
			1965	597
			1966	598
			1967	598
			1968	598
			1969	599
			1970	599
			1971	599
			1972	600
			1973	600
			1974	601
			1975	601
			1976	601
			1977	602
			1978	602
			1979	602
			1980	603
			1981	603
			1982	604
			1983	604
			1984	604
			1985	605
			1986	605
			1987	605
			1988	606
			1989	606
			1990	607
			1991	607
			1992	607
			1993	608
			1994	608
			1995	609
			1996	609
			1997	610
			1998	610
			1999	610
			2000	611
			2001	611
			2002	612
			2003	612
			2004	612
			2005	613
			2006	613
			2007	614
			2008	614
			2009	614
			2010	615
			2011	615
			2012	616
			2013	616
			2014	616
			2015	617
			2016	617
			2017	618
			2018	618
			2019	618
			2020	619
			2021	619
			2022	620
			2023	620
			2024	620
			2025	621
			2026	621
			2027	622
			2028	622
			2029	623
			2030	623
			2031	623
			2032	624
			2033	624
			2034	625
			2035	625
			2036	626
			2037	626
			2038	626
			2038	627
			2039	627
			2040	627
			2041	628
			2042	628
			2043	629
			2044	629
			2045	630
			2046	630
			2047	631
			2048	631
			2049	631
			2050	632
			2051	632
			2052	633
			2053	633
			2054	634
			2055	634
			2056	635
			2057	635
			2058	635
			2059	636
			2060	636
			2061	637
			2062	637
			2063	638
			2064	638
			2065	639
			2066	639
			2067	639
			2068	640
			2069	640
			2069	641
			2070	641
			2071	642
			2072	642
			2073	643
			2074	643
			2075	643
			2076	644
			2077	644
			2078	645
			2079	645
			2080	646
			2081	646
			2082	647
			2083	647
			2084	648
			2085	648
			2086	648
			2087	649
			2088	649
			2089	650
			2090	650
			2091	651
			2092	652
			2093	652
			2094	652
			2095	653
			2096	653
			2097	654
			2098	654
			2099	654
			2100	655
			2101	655
			2102	656
			2103	656
			2104	657
			2105	657
			2106	657
			2107	658
			2108	658
			2109	659
			2110	659
			2111	660
			2112	661
			2113	661
			2114	662
			2115	662
			2116	663
			2117	663
			2118	664
			2119	664
			2120	665
			2121	666
			2122	666
			2123	667
			2124	668
			2125	668
			2126	669
			2127	669
			2128	670
			2129	671
			2130	671
			2131	672
			2132	673
			2133	673
			2134	674
			2135	675
			2136	675
			2137	676
			2138	677
			2139	677
			2140	678
			2141	679
			2142	680
			2143	681
			2144	682
			2145	682
			2146	683
			2147	684
			2148	685
			2149	686
			2150	686
			2151	687
			2152	688
			2153	689
			2154	690
			2155	691
			2156	692
			2157	693
			2158	694
			2159	694
			2160	695
			2161	696
			2162	697
			2163	698
			2164	699
			2165	700
			2166	701
			2167	702
			2168	703
			2169	704
			2170	705
			2171	706
			2172	707
			2173	708
			2174	709
			2175	710
			2176	711
			2177	712
			2178	713
			2179	714
			2180	715
			2181	716
			2182	717
			2183	718
			2184	719
			2184	720
			2185	721
			2186	721
			2186	722
			2187	723
			2188	724
			2189	725
			2190	726
			2190	727
			2191	728
			2192	729
			2193	730
			2194	731
			2195	732
			2196	733
			2197	734
			2197	735
		</C1>
		<C2 type=matrix rownames=FALSE colnames=FALSE nrow=256 ncol=2 as.numeric=TRUE >
			1848	1213
			1848	1214
			1847	1215
			1847	1216
			1847	1217
			1847	1218
			1847	1219
			1846	1220
			1846	1221
			1846	1222
			1846	1223
			1846	1224
			1845	1225
			1845	1226
			1845	1227
			1844	1228
			1844	1229
			1844	1230
			1844	1231
			1843	1232
			1843	1233
			1843	1234
			1843	1235
			1842	1236
			1842	1237
			1842	1238
			1841	1239
			1841	1240
			1841	1241
			1840	1242
			1840	1243
			1840	1244
			1839	1245
			1839	1246
			1839	1247
			1838	1248
			1838	1249
			1838	1250
			1837	1251
			1837	1252
			1836	1253
			1836	1254
			1836	1255
			1835	1256
			1835	1257
			1834	1258
			1834	1259
			1834	1260
			1833	1261
			1833	1262
			1832	1263
			1832	1264
			1831	1265
			1831	1266
			1830	1267
			1830	1268
			1829	1269
			1829	1270
			1828	1271
			1827	1272
			1827	1273
			1826	1274
			1826	1275
			1825	1276
			1825	1277
			1824	1277
			1824	1278
			1823	1279
			1822	1280
			1822	1281
			1821	1282
			1820	1283
			1819	1284
			1819	1285
			1818	1286
			1817	1287
			1816	1287
			1816	1288
			1815	1289
			1814	1290
			1813	1290
			1812	1291
			1812	1292
			1811	1293
			1810	1293
			1809	1294
			1808	1294
			1808	1295
			1807	1296
			1806	1296
			1805	1297
			1804	1297
			1803	1298
			1802	1298
			1802	1299
			1801	1299
			1800	1300
			1799	1300
			1798	1300
			1797	1301
			1796	1301
			1795	1301
			1794	1302
			1793	1302
			1792	1302
			1791	1302
			1791	1303
			1790	1303
			1789	1303
			1788	1303
			1787	1303
			1786	1303
			1785	1303
			1784	1303
			1783	1303
			1782	1303
			1781	1303
			1780	1303
			1779	1303
			1778	1303
			1777	1302
			1776	1302
			1775	1302
			1774	1302
			1773	1302
			1772	1302
			1771	1302
			1770	1302
			1769	1301
			1768	1301
			1767	1301
			1766	1301
			1765	1300
			1764	1300
			1763	1300
			1762	1300
			1761	1299
			1760	1299
			1759	1299
			1758	1298
			1757	1298
			1756	1298
			1755	1297
			1754	1297
			1753	1297
			1752	1296
			1751	1295
			1750	1295
			1749	1294
			1748	1294
			1747	1293
			1746	1293
			1745	1292
			1744	1292
			1744	1291
			1743	1290
			1742	1290
			1741	1289
			1740	1288
			1739	1287
			1738	1286
			1737	1285
			1736	1284
			1736	1283
			1735	1282
			1734	1281
			1733	1280
			1733	1279
			1732	1278
			1731	1277
			1731	1276
			1730	1275
			1730	1274
			1730	1273
			1729	1272
			1729	1271
			1728	1270
			1728	1269
			1728	1268
			1728	1267
			1727	1266
			1727	1265
			1727	1264
			1727	1263
			1726	1262
			1726	1261
			1726	1260
			1726	1259
			1726	1258
			1725	1257
			1725	1256
			1725	1255
			1725	1254
			1725	1253
			1725	1252
			1725	1251
			1725	1250
			1725	1249
			1725	1248
			1725	1247
			1725	1246
			1725	1245
			1725	1244
			1725	1243
			1725	1242
			1725	1241
			1725	1240
			1725	1239
			1725	1238
			1725	1237
			1725	1236
			1725	1235
			1725	1234
			1725	1233
			1726	1232
			1726	1231
			1726	1230
			1726	1229
			1726	1228
			1726	1227
			1726	1226
			1727	1225
			1727	1224
			1727	1223
			1727	1222
			1727	1221
			1727	1220
			1728	1219
			1728	1218
			1728	1217
			1728	1216
			1728	1215
			1729	1214
			1729	1213
			1729	1212
			1729	1211
			1730	1210
			1730	1209
			1730	1208
			1730	1207
			1731	1206
			1731	1205
			1731	1204
			1731	1203
			1732	1202
			1732	1201
			1732	1200
			1733	1199
			1733	1198
			1733	1197
			1734	1196
			1734	1195
			1734	1194
			1735	1193
			1735	1192
			1735	1191
		</C2>
	</curves.pixel>
	<curves.scaled type=list>
		<C1 type=matrix rownames=FALSE colnames=FALSE nrow=869 ncol=2 as.numeric=TRUE >
			3335.78431372549	-1686.27450980392
			3338.23529411765	-1683.82352941176
			3338.23529411765	-1681.37254901961
			3340.6862745098	-1678.92156862745
			3343.13725490196	-1676.47058823529
			3345.58823529412	-1674.01960784314
			3348.03921568627	-1671.56862745098
			3350.49019607843	-1669.11764705882
			3352.94117647059	-1666.66666666667
			3352.94117647059	-1664.21568627451
			3355.39215686275	-1664.21568627451
			3355.39215686275	-1661.76470588235
			3357.8431372549	-1659.3137254902
			3360.29411764706	-1656.86274509804
			3362.74509803922	-1654.41176470588
			3365.19607843137	-1651.96078431373
			3365.19607843137	-1649.50980392157
			3367.64705882353	-1647.05882352941
			3370.09803921569	-1647.05882352941
			3370.09803921569	-1644.60784313726
			3372.54901960784	-1642.1568627451
			3375	-1639.70588235294
			3377.45098039216	-1637.25490196078
			3379.90196078431	-1634.80392156863
			3382.35294117647	-1632.35294117647
			3384.80392156863	-1629.90196078431
			3387.25490196078	-1627.45098039216
			3389.70588235294	-1625
			3392.1568627451	-1622.54901960784
			3394.60784313726	-1620.09803921569
			3397.05882352941	-1617.64705882353
			3399.50980392157	-1615.19607843137
			3401.96078431373	-1612.74509803922
			3404.41176470588	-1610.29411764706
			3406.86274509804	-1607.8431372549
			3409.3137254902	-1605.39215686275
			3411.76470588235	-1602.94117647059
			3414.21568627451	-1600.49019607843
			3416.66666666667	-1598.03921568627
			3419.11764705882	-1595.58823529412
			3421.56862745098	-1595.58823529412
			3421.56862745098	-1593.13725490196
			3424.01960784314	-1590.6862745098
			3426.47058823529	-1590.6862745098
			3428.92156862745	-1588.23529411765
			3428.92156862745	-1585.78431372549
			3431.37254901961	-1583.33333333333
			3433.82352941176	-1583.33333333333
			3436.27450980392	-1580.88235294118
			3438.72549019608	-1578.43137254902
			3441.17647058824	-1575.98039215686
			3443.62745098039	-1573.52941176471
			3446.07843137255	-1571.07843137255
			3448.52941176471	-1568.62745098039
			3450.98039215686	-1568.62745098039
			3453.43137254902	-1566.17647058824
			3455.88235294118	-1563.72549019608
			3458.33333333333	-1561.27450980392
			3460.78431372549	-1558.82352941176
			3463.23529411765	-1556.37254901961
			3465.6862745098	-1556.37254901961
			3468.13725490196	-1553.92156862745
			3470.58823529412	-1551.47058823529
			3473.03921568627	-1549.01960784314
			3475.49019607843	-1546.56862745098
			3477.94117647059	-1546.56862745098
			3480.39215686275	-1544.11764705882
			3482.8431372549	-1541.66666666667
			3485.29411764706	-1539.21568627451
			3487.74509803922	-1539.21568627451
			3490.19607843137	-1536.76470588235
			3492.64705882353	-1534.3137254902
			3495.09803921569	-1534.3137254902
			3495.09803921569	-1531.86274509804
			3497.54901960784	-1531.86274509804
			3500	-1529.41176470588
			3502.45098039216	-1529.41176470588
			3504.90196078431	-1526.96078431373
			3507.35294117647	-1524.50980392157
			3509.80392156863	-1522.05882352941
			3512.25490196078	-1522.05882352941
			3514.70588235294	-1519.60784313726
			3517.1568627451	-1519.60784313726
			3517.1568627451	-1517.1568627451
			3519.60784313726	-1517.1568627451
			3522.05882352941	-1514.70588235294
			3524.50980392157	-1512.25490196078
			3526.96078431373	-1512.25490196078
			3526.96078431373	-1509.80392156863
			3529.41176470588	-1509.80392156863
			3531.86274509804	-1507.35294117647
			3534.3137254902	-1507.35294117647
			3534.3137254902	-1504.90196078431
			3536.76470588235	-1504.90196078431
			3539.21568627451	-1502.45098039216
			3541.66666666667	-1502.45098039216
			3544.11764705882	-1500
			3546.56862745098	-1500
			3546.56862745098	-1497.54901960784
			3549.01960784314	-1497.54901960784
			3551.47058823529	-1495.09803921569
			3553.92156862745	-1495.09803921569
			3556.37254901961	-1492.64705882353
			3558.82352941176	-1490.19607843137
			3561.27450980392	-1490.19607843137
			3563.72549019608	-1487.74509803922
			3566.17647058824	-1485.29411764706
			3568.62745098039	-1485.29411764706
			3571.07843137255	-1482.8431372549
			3573.52941176471	-1482.8431372549
			3575.98039215686	-1480.39215686275
			3578.43137254902	-1477.94117647059
			3580.88235294118	-1477.94117647059
			3583.33333333333	-1475.49019607843
			3585.78431372549	-1475.49019607843
			3588.23529411765	-1473.03921568627
			3590.6862745098	-1473.03921568627
			3593.13725490196	-1470.58823529412
			3595.58823529412	-1468.13725490196
			3598.03921568627	-1468.13725490196
			3600.49019607843	-1465.6862745098
			3602.94117647059	-1465.6862745098
			3605.39215686275	-1463.23529411765
			3607.8431372549	-1463.23529411765
			3610.29411764706	-1460.78431372549
			3612.74509803922	-1460.78431372549
			3615.19607843137	-1458.33333333333
			3617.64705882353	-1458.33333333333
			3620.09803921569	-1458.33333333333
			3620.09803921569	-1455.88235294118
			3622.54901960784	-1455.88235294118
			3625	-1453.43137254902
			3627.45098039216	-1453.43137254902
			3629.90196078431	-1450.98039215686
			3632.35294117647	-1450.98039215686
			3634.80392156863	-1448.52941176471
			3637.25490196078	-1448.52941176471
			3639.70588235294	-1446.07843137255
			3642.1568627451	-1446.07843137255
			3644.60784313726	-1443.62745098039
			3647.05882352941	-1443.62745098039
			3649.50980392157	-1443.62745098039
			3651.96078431373	-1441.17647058824
			3654.41176470588	-1438.72549019608
			3656.86274509804	-1438.72549019608
			3659.3137254902	-1438.72549019608
			3659.3137254902	-1436.27450980392
			3661.76470588235	-1436.27450980392
			3664.21568627451	-1436.27450980392
			3666.66666666667	-1433.82352941176
			3669.11764705882	-1433.82352941176
			3671.56862745098	-1431.37254901961
			3674.01960784314	-1431.37254901961
			3676.47058823529	-1428.92156862745
			3678.92156862745	-1428.92156862745
			3681.37254901961	-1428.92156862745
			3681.37254901961	-1426.47058823529
			3683.82352941176	-1426.47058823529
			3686.27450980392	-1426.47058823529
			3688.72549019608	-1424.01960784314
			3691.17647058824	-1424.01960784314
			3693.62745098039	-1421.56862745098
			3696.07843137255	-1421.56862745098
			3698.52941176471	-1419.11764705882
			3700.98039215686	-1419.11764705882
			3703.43137254902	-1419.11764705882
			3705.88235294118	-1416.66666666667
			3708.33333333333	-1416.66666666667
			3710.78431372549	-1414.21568627451
			3713.23529411765	-1414.21568627451
			3715.6862745098	-1411.76470588235
			3718.13725490196	-1411.76470588235
			3720.58823529412	-1411.76470588235
			3723.03921568627	-1409.3137254902
			3725.49019607843	-1409.3137254902
			3727.94117647059	-1409.3137254902
			3730.39215686275	-1406.86274509804
			3732.8431372549	-1406.86274509804
			3735.29411764706	-1406.86274509804
			3737.74509803922	-1404.41176470588
			3740.19607843137	-1404.41176470588
			3742.64705882353	-1401.96078431373
			3745.09803921569	-1401.96078431373
			3747.54901960784	-1401.96078431373
			3750	-1399.50980392157
			3752.45098039216	-1399.50980392157
			3754.90196078431	-1399.50980392157
			3757.35294117647	-1397.05882352941
			3759.80392156863	-1397.05882352941
			3762.25490196078	-1394.60784313726
			3764.70588235294	-1394.60784313726
			3767.1568627451	-1394.60784313726
			3769.60784313726	-1394.60784313726
			3769.60784313726	-1392.1568627451
			3772.05882352941	-1392.1568627451
			3774.50980392157	-1392.1568627451
			3776.96078431373	-1389.70588235294
			3779.41176470588	-1389.70588235294
			3781.86274509804	-1389.70588235294
			3784.3137254902	-1387.25490196078
			3786.76470588235	-1387.25490196078
			3789.21568627451	-1387.25490196078
			3791.66666666667	-1384.80392156863
			3794.11764705882	-1384.80392156863
			3796.56862745098	-1384.80392156863
			3799.01960784314	-1382.35294117647
			3801.47058823529	-1382.35294117647
			3803.92156862745	-1382.35294117647
			3806.37254901961	-1379.90196078431
			3808.82352941176	-1379.90196078431
			3811.27450980392	-1379.90196078431
			3813.72549019608	-1377.45098039216
			3816.17647058824	-1377.45098039216
			3818.62745098039	-1377.45098039216
			3821.07843137255	-1377.45098039216
			3823.52941176471	-1375
			3825.98039215686	-1375
			3828.43137254902	-1375
			3830.88235294118	-1372.54901960784
			3833.33333333333	-1372.54901960784
			3835.78431372549	-1372.54901960784
			3838.23529411765	-1370.09803921569
			3840.6862745098	-1370.09803921569
			3843.13725490196	-1370.09803921569
			3845.58823529412	-1370.09803921569
			3848.03921568627	-1367.64705882353
			3850.49019607843	-1367.64705882353
			3852.94117647059	-1367.64705882353
			3855.39215686275	-1365.19607843137
			3857.8431372549	-1365.19607843137
			3860.29411764706	-1365.19607843137
			3862.74509803922	-1365.19607843137
			3865.19607843137	-1362.74509803922
			3867.64705882353	-1362.74509803922
			3870.09803921569	-1362.74509803922
			3872.54901960784	-1362.74509803922
			3875	-1362.74509803922
			3877.45098039216	-1360.29411764706
			3879.90196078431	-1360.29411764706
			3882.35294117647	-1360.29411764706
			3884.80392156863	-1357.8431372549
			3887.25490196078	-1357.8431372549
			3889.70588235294	-1357.8431372549
			3892.1568627451	-1357.8431372549
			3894.60784313726	-1357.8431372549
			3894.60784313726	-1355.39215686275
			3897.05882352941	-1355.39215686275
			3899.50980392157	-1355.39215686275
			3901.96078431373	-1355.39215686275
			3904.41176470588	-1352.94117647059
			3906.86274509804	-1352.94117647059
			3909.3137254902	-1352.94117647059
			3911.76470588235	-1352.94117647059
			3914.21568627451	-1352.94117647059
			3916.66666666667	-1350.49019607843
			3919.11764705882	-1350.49019607843
			3921.56862745098	-1350.49019607843
			3924.01960784314	-1350.49019607843
			3924.01960784314	-1348.03921568627
			3926.47058823529	-1348.03921568627
			3928.92156862745	-1348.03921568627
			3931.37254901961	-1348.03921568627
			3933.82352941176	-1348.03921568627
			3936.27450980392	-1345.58823529412
			3938.72549019608	-1345.58823529412
			3941.17647058824	-1345.58823529412
			3943.62745098039	-1345.58823529412
			3946.07843137255	-1345.58823529412
			3948.52941176471	-1343.13725490196
			3950.98039215686	-1343.13725490196
			3953.43137254902	-1343.13725490196
			3955.88235294118	-1343.13725490196
			3958.33333333333	-1343.13725490196
			3960.78431372549	-1340.6862745098
			3963.23529411765	-1340.6862745098
			3965.6862745098	-1340.6862745098
			3968.13725490196	-1340.6862745098
			3970.58823529412	-1340.6862745098
			3973.03921568627	-1340.6862745098
			3973.03921568627	-1338.23529411765
			3975.49019607843	-1338.23529411765
			3977.94117647059	-1338.23529411765
			3980.39215686275	-1338.23529411765
			3982.8431372549	-1338.23529411765
			3985.29411764706	-1335.78431372549
			3987.74509803922	-1335.78431372549
			3990.19607843137	-1335.78431372549
			3992.64705882353	-1335.78431372549
			3995.09803921569	-1335.78431372549
			3997.54901960784	-1335.78431372549
			4000	-1333.33333333333
			4002.45098039216	-1333.33333333333
			4004.90196078431	-1333.33333333333
			4007.35294117647	-1333.33333333333
			4009.80392156863	-1333.33333333333
			4012.25490196078	-1330.88235294118
			4014.70588235294	-1330.88235294118
			4017.1568627451	-1330.88235294118
			4019.60784313726	-1330.88235294118
			4022.05882352941	-1330.88235294118
			4024.50980392157	-1330.88235294118
			4026.96078431373	-1328.43137254902
			4029.41176470588	-1328.43137254902
			4031.86274509804	-1328.43137254902
			4034.3137254902	-1328.43137254902
			4036.76470588235	-1328.43137254902
			4039.21568627451	-1328.43137254902
			4041.66666666667	-1328.43137254902
			4044.11764705882	-1325.98039215686
			4046.56862745098	-1325.98039215686
			4049.01960784314	-1325.98039215686
			4051.47058823529	-1325.98039215686
			4053.92156862745	-1325.98039215686
			4056.37254901961	-1325.98039215686
			4058.82352941176	-1323.52941176471
			4061.27450980392	-1323.52941176471
			4063.72549019608	-1323.52941176471
			4066.17647058824	-1323.52941176471
			4068.62745098039	-1323.52941176471
			4071.07843137255	-1323.52941176471
			4073.52941176471	-1323.52941176471
			4075.98039215686	-1321.07843137255
			4078.43137254902	-1321.07843137255
			4080.88235294118	-1321.07843137255
			4083.33333333333	-1321.07843137255
			4085.78431372549	-1321.07843137255
			4088.23529411765	-1321.07843137255
			4090.6862745098	-1321.07843137255
			4093.13725490196	-1321.07843137255
			4095.58823529412	-1318.62745098039
			4098.03921568627	-1318.62745098039
			4100.49019607843	-1318.62745098039
			4102.94117647059	-1318.62745098039
			4105.39215686275	-1318.62745098039
			4107.8431372549	-1318.62745098039
			4110.29411764706	-1318.62745098039
			4112.74509803922	-1318.62745098039
			4115.19607843137	-1316.17647058824
			4117.64705882353	-1316.17647058824
			4120.09803921569	-1316.17647058824
			4122.54901960784	-1316.17647058824
			4125	-1316.17647058824
			4127.45098039216	-1316.17647058824
			4129.90196078431	-1316.17647058824
			4132.35294117647	-1316.17647058824
			4134.80392156863	-1316.17647058824
			4134.80392156863	-1313.72549019608
			4137.25490196078	-1313.72549019608
			4139.70588235294	-1313.72549019608
			4142.1568627451	-1313.72549019608
			4144.60784313726	-1313.72549019608
			4147.05882352941	-1313.72549019608
			4149.50980392157	-1313.72549019608
			4151.96078431373	-1313.72549019608
			4154.41176470588	-1313.72549019608
			4156.86274509804	-1313.72549019608
			4159.3137254902	-1313.72549019608
			4161.76470588235	-1311.27450980392
			4164.21568627451	-1311.27450980392
			4166.66666666667	-1311.27450980392
			4169.11764705882	-1311.27450980392
			4171.56862745098	-1311.27450980392
			4174.01960784314	-1311.27450980392
			4176.47058823529	-1311.27450980392
			4178.92156862745	-1311.27450980392
			4181.37254901961	-1311.27450980392
			4183.82352941176	-1311.27450980392
			4186.27450980392	-1311.27450980392
			4188.72549019608	-1308.82352941176
			4191.17647058824	-1308.82352941176
			4193.62745098039	-1308.82352941176
			4196.07843137255	-1308.82352941176
			4198.52941176471	-1308.82352941176
			4200.98039215686	-1308.82352941176
			4203.43137254902	-1308.82352941176
			4205.88235294118	-1308.82352941176
			4208.33333333333	-1308.82352941176
			4210.78431372549	-1308.82352941176
			4213.23529411765	-1308.82352941176
			4215.6862745098	-1308.82352941176
			4218.13725490196	-1306.37254901961
			4220.58823529412	-1306.37254901961
			4223.03921568627	-1306.37254901961
			4225.49019607843	-1306.37254901961
			4227.94117647059	-1306.37254901961
			4230.39215686275	-1306.37254901961
			4232.8431372549	-1306.37254901961
			4235.29411764706	-1306.37254901961
			4237.74509803922	-1306.37254901961
			4240.19607843137	-1306.37254901961
			4242.64705882353	-1306.37254901961
			4245.09803921569	-1306.37254901961
			4247.54901960784	-1306.37254901961
			4250	-1306.37254901961
			4252.45098039216	-1306.37254901961
			4254.90196078431	-1306.37254901961
			4257.35294117647	-1303.92156862745
			4259.80392156863	-1303.92156862745
			4262.25490196078	-1303.92156862745
			4264.70588235294	-1303.92156862745
			4267.1568627451	-1303.92156862745
			4269.60784313726	-1303.92156862745
			4272.05882352941	-1303.92156862745
			4274.50980392157	-1303.92156862745
			4276.96078431373	-1303.92156862745
			4279.41176470588	-1303.92156862745
			4281.86274509804	-1303.92156862745
			4284.3137254902	-1303.92156862745
			4286.76470588235	-1306.37254901961
			4289.21568627451	-1306.37254901961
			4291.66666666667	-1306.37254901961
			4294.11764705882	-1306.37254901961
			4296.56862745098	-1308.82352941176
			4299.01960784314	-1308.82352941176
			4301.47058823529	-1308.82352941176
			4303.92156862745	-1308.82352941176
			4306.37254901961	-1311.27450980392
			4308.82352941176	-1311.27450980392
			4311.27450980392	-1311.27450980392
			4313.72549019608	-1311.27450980392
			4316.17647058824	-1313.72549019608
			4318.62745098039	-1313.72549019608
			4321.07843137255	-1313.72549019608
			4323.52941176471	-1313.72549019608
			4325.98039215686	-1316.17647058824
			4328.43137254902	-1316.17647058824
			4330.88235294118	-1316.17647058824
			4333.33333333333	-1316.17647058824
			4335.78431372549	-1316.17647058824
			4335.78431372549	-1318.62745098039
			4338.23529411765	-1318.62745098039
			4340.6862745098	-1318.62745098039
			4343.13725490196	-1318.62745098039
			4345.58823529412	-1318.62745098039
			4348.03921568627	-1321.07843137255
			4350.49019607843	-1321.07843137255
			4352.94117647059	-1321.07843137255
			4355.39215686275	-1321.07843137255
			4355.39215686275	-1323.52941176471
			4357.8431372549	-1323.52941176471
			4360.29411764706	-1323.52941176471
			4362.74509803922	-1323.52941176471
			4365.19607843137	-1323.52941176471
			4367.64705882353	-1325.98039215686
			4370.09803921569	-1325.98039215686
			4372.54901960784	-1325.98039215686
			4375	-1325.98039215686
			4375	-1328.43137254902
			4377.45098039216	-1328.43137254902
			4379.90196078431	-1328.43137254902
			4382.35294117647	-1328.43137254902
			4384.80392156863	-1328.43137254902
			4387.25490196078	-1330.88235294118
			4389.70588235294	-1330.88235294118
			4392.1568627451	-1330.88235294118
			4394.60784313726	-1333.33333333333
			4397.05882352941	-1333.33333333333
			4399.50980392157	-1333.33333333333
			4401.96078431373	-1333.33333333333
			4404.41176470588	-1335.78431372549
			4406.86274509804	-1335.78431372549
			4409.3137254902	-1335.78431372549
			4411.76470588235	-1335.78431372549
			4414.21568627451	-1338.23529411765
			4416.66666666667	-1338.23529411765
			4419.11764705882	-1338.23529411765
			4421.56862745098	-1338.23529411765
			4424.01960784314	-1340.6862745098
			4426.47058823529	-1340.6862745098
			4428.92156862745	-1340.6862745098
			4431.37254901961	-1340.6862745098
			4433.82352941176	-1343.13725490196
			4436.27450980392	-1343.13725490196
			4438.72549019608	-1343.13725490196
			4441.17647058824	-1343.13725490196
			4443.62745098039	-1345.58823529412
			4446.07843137255	-1345.58823529412
			4448.52941176471	-1345.58823529412
			4450.98039215686	-1348.03921568627
			4453.43137254902	-1348.03921568627
			4455.88235294118	-1348.03921568627
			4458.33333333333	-1348.03921568627
			4460.78431372549	-1350.49019607843
			4463.23529411765	-1350.49019607843
			4465.6862745098	-1350.49019607843
			4468.13725490196	-1350.49019607843
			4468.13725490196	-1352.94117647059
			4470.58823529412	-1352.94117647059
			4473.03921568627	-1352.94117647059
			4475.49019607843	-1352.94117647059
			4477.94117647059	-1355.39215686275
			4480.39215686275	-1355.39215686275
			4482.8431372549	-1355.39215686275
			4485.29411764706	-1355.39215686275
			4487.74509803922	-1357.8431372549
			4490.19607843137	-1357.8431372549
			4492.64705882353	-1357.8431372549
			4495.09803921569	-1357.8431372549
			4497.54901960784	-1360.29411764706
			4500	-1360.29411764706
			4502.45098039216	-1360.29411764706
			4504.90196078431	-1362.74509803922
			4507.35294117647	-1362.74509803922
			4509.80392156863	-1362.74509803922
			4512.25490196078	-1365.19607843137
			4514.70588235294	-1365.19607843137
			4517.1568627451	-1365.19607843137
			4519.60784313726	-1365.19607843137
			4522.05882352941	-1367.64705882353
			4524.50980392157	-1367.64705882353
			4526.96078431373	-1367.64705882353
			4529.41176470588	-1370.09803921569
			4531.86274509804	-1370.09803921569
			4534.3137254902	-1370.09803921569
			4536.76470588235	-1370.09803921569
			4539.21568627451	-1372.54901960784
			4541.66666666667	-1372.54901960784
			4544.11764705882	-1372.54901960784
			4546.56862745098	-1372.54901960784
			4549.01960784314	-1375
			4551.47058823529	-1375
			4553.92156862745	-1377.45098039216
			4556.37254901961	-1377.45098039216
			4558.82352941176	-1377.45098039216
			4561.27450980392	-1377.45098039216
			4563.72549019608	-1379.90196078431
			4566.17647058824	-1379.90196078431
			4568.62745098039	-1379.90196078431
			4571.07843137255	-1382.35294117647
			4573.52941176471	-1382.35294117647
			4575.98039215686	-1382.35294117647
			4578.43137254902	-1384.80392156863
			4580.88235294118	-1384.80392156863
			4583.33333333333	-1384.80392156863
			4585.78431372549	-1384.80392156863
			4588.23529411765	-1387.25490196078
			4590.6862745098	-1387.25490196078
			4593.13725490196	-1387.25490196078
			4595.58823529412	-1389.70588235294
			4598.03921568627	-1389.70588235294
			4600.49019607843	-1389.70588235294
			4602.94117647059	-1392.1568627451
			4605.39215686275	-1392.1568627451
			4607.8431372549	-1392.1568627451
			4610.29411764706	-1392.1568627451
			4612.74509803922	-1394.60784313726
			4615.19607843137	-1394.60784313726
			4617.64705882353	-1394.60784313726
			4620.09803921569	-1397.05882352941
			4622.54901960784	-1397.05882352941
			4625	-1399.50980392157
			4627.45098039216	-1399.50980392157
			4629.90196078431	-1399.50980392157
			4632.35294117647	-1399.50980392157
			4634.80392156863	-1401.96078431373
			4637.25490196078	-1401.96078431373
			4639.70588235294	-1401.96078431373
			4642.1568627451	-1404.41176470588
			4644.60784313726	-1404.41176470588
			4647.05882352941	-1404.41176470588
			4649.50980392157	-1406.86274509804
			4651.96078431373	-1406.86274509804
			4654.41176470588	-1406.86274509804
			4656.86274509804	-1409.3137254902
			4659.3137254902	-1409.3137254902
			4661.76470588235	-1409.3137254902
			4664.21568627451	-1411.76470588235
			4666.66666666667	-1411.76470588235
			4669.11764705882	-1411.76470588235
			4671.56862745098	-1414.21568627451
			4674.01960784314	-1414.21568627451
			4676.47058823529	-1414.21568627451
			4678.92156862745	-1414.21568627451
			4681.37254901961	-1416.66666666667
			4683.82352941176	-1416.66666666667
			4686.27450980392	-1416.66666666667
			4688.72549019608	-1419.11764705882
			4691.17647058824	-1419.11764705882
			4693.62745098039	-1419.11764705882
			4696.07843137255	-1421.56862745098
			4698.52941176471	-1421.56862745098
			4700.98039215686	-1421.56862745098
			4703.43137254902	-1424.01960784314
			4705.88235294118	-1424.01960784314
			4708.33333333333	-1424.01960784314
			4710.78431372549	-1426.47058823529
			4713.23529411765	-1426.47058823529
			4715.6862745098	-1426.47058823529
			4715.6862745098	-1428.92156862745
			4718.13725490196	-1428.92156862745
			4720.58823529412	-1428.92156862745
			4723.03921568627	-1431.37254901961
			4725.49019607843	-1431.37254901961
			4727.94117647059	-1431.37254901961
			4730.39215686275	-1433.82352941176
			4732.8431372549	-1433.82352941176
			4735.29411764706	-1433.82352941176
			4737.74509803922	-1436.27450980392
			4740.19607843137	-1436.27450980392
			4742.64705882353	-1436.27450980392
			4745.09803921569	-1438.72549019608
			4747.54901960784	-1438.72549019608
			4750	-1438.72549019608
			4752.45098039216	-1441.17647058824
			4754.90196078431	-1441.17647058824
			4757.35294117647	-1441.17647058824
			4759.80392156863	-1443.62745098039
			4762.25490196078	-1443.62745098039
			4764.70588235294	-1443.62745098039
			4767.1568627451	-1446.07843137255
			4769.60784313726	-1446.07843137255
			4772.05882352941	-1446.07843137255
			4772.05882352941	-1448.52941176471
			4774.50980392157	-1448.52941176471
			4776.96078431373	-1448.52941176471
			4779.41176470588	-1450.98039215686
			4781.86274509804	-1450.98039215686
			4784.3137254902	-1450.98039215686
			4786.76470588235	-1453.43137254902
			4789.21568627451	-1453.43137254902
			4791.66666666667	-1453.43137254902
			4794.11764705882	-1455.88235294118
			4796.56862745098	-1455.88235294118
			4799.01960784314	-1458.33333333333
			4801.47058823529	-1458.33333333333
			4803.92156862745	-1458.33333333333
			4806.37254901961	-1460.78431372549
			4808.82352941176	-1460.78431372549
			4811.27450980392	-1460.78431372549
			4813.72549019608	-1463.23529411765
			4816.17647058824	-1463.23529411765
			4818.62745098039	-1465.6862745098
			4821.07843137255	-1465.6862745098
			4823.52941176471	-1465.6862745098
			4825.98039215686	-1468.13725490196
			4828.43137254902	-1468.13725490196
			4830.88235294118	-1468.13725490196
			4833.33333333333	-1470.58823529412
			4835.78431372549	-1470.58823529412
			4838.23529411765	-1473.03921568627
			4840.6862745098	-1473.03921568627
			4843.13725490196	-1473.03921568627
			4845.58823529412	-1475.49019607843
			4848.03921568627	-1475.49019607843
			4850.49019607843	-1475.49019607843
			4852.94117647059	-1477.94117647059
			4855.39215686275	-1477.94117647059
			4857.8431372549	-1480.39215686275
			4860.29411764706	-1480.39215686275
			4862.74509803922	-1480.39215686275
			4865.19607843137	-1482.8431372549
			4867.64705882353	-1482.8431372549
			4870.09803921569	-1482.8431372549
			4872.54901960784	-1485.29411764706
			4875	-1485.29411764706
			4877.45098039216	-1487.74509803922
			4879.90196078431	-1487.74509803922
			4882.35294117647	-1487.74509803922
			4884.80392156863	-1490.19607843137
			4887.25490196078	-1490.19607843137
			4889.70588235294	-1492.64705882353
			4892.1568627451	-1492.64705882353
			4894.60784313726	-1495.09803921569
			4897.05882352941	-1495.09803921569
			4899.50980392157	-1495.09803921569
			4901.96078431373	-1497.54901960784
			4904.41176470588	-1497.54901960784
			4906.86274509804	-1500
			4909.3137254902	-1500
			4911.76470588235	-1500
			4914.21568627451	-1502.45098039216
			4916.66666666667	-1502.45098039216
			4919.11764705882	-1504.90196078431
			4921.56862745098	-1504.90196078431
			4924.01960784314	-1504.90196078431
			4926.47058823529	-1507.35294117647
			4928.92156862745	-1507.35294117647
			4931.37254901961	-1509.80392156863
			4933.82352941176	-1509.80392156863
			4936.27450980392	-1509.80392156863
			4938.72549019608	-1512.25490196078
			4941.17647058824	-1512.25490196078
			4943.62745098039	-1514.70588235294
			4946.07843137255	-1514.70588235294
			4948.52941176471	-1514.70588235294
			4950.98039215686	-1517.1568627451
			4953.43137254902	-1517.1568627451
			4955.88235294118	-1519.60784313726
			4958.33333333333	-1519.60784313726
			4960.78431372549	-1519.60784313726
			4963.23529411765	-1522.05882352941
			4965.6862745098	-1522.05882352941
			4968.13725490196	-1524.50980392157
			4970.58823529412	-1524.50980392157
			4973.03921568627	-1526.96078431373
			4975.49019607843	-1526.96078431373
			4977.94117647059	-1526.96078431373
			4980.39215686275	-1529.41176470588
			4982.8431372549	-1529.41176470588
			4985.29411764706	-1531.86274509804
			4987.74509803922	-1531.86274509804
			4990.19607843137	-1534.3137254902
			4992.64705882353	-1534.3137254902
			4995.09803921569	-1534.3137254902
			4995.09803921569	-1536.76470588235
			4997.54901960784	-1536.76470588235
			5000	-1536.76470588235
			5002.45098039216	-1539.21568627451
			5004.90196078431	-1539.21568627451
			5007.35294117647	-1541.66666666667
			5009.80392156863	-1541.66666666667
			5012.25490196078	-1544.11764705882
			5014.70588235294	-1544.11764705882
			5017.1568627451	-1546.56862745098
			5019.60784313726	-1546.56862745098
			5022.05882352941	-1546.56862745098
			5024.50980392157	-1549.01960784314
			5026.96078431373	-1549.01960784314
			5029.41176470588	-1551.47058823529
			5031.86274509804	-1551.47058823529
			5034.3137254902	-1553.92156862745
			5036.76470588235	-1553.92156862745
			5039.21568627451	-1556.37254901961
			5041.66666666667	-1556.37254901961
			5044.11764705882	-1556.37254901961
			5046.56862745098	-1558.82352941176
			5049.01960784314	-1558.82352941176
			5051.47058823529	-1561.27450980392
			5053.92156862745	-1561.27450980392
			5056.37254901961	-1563.72549019608
			5058.82352941176	-1563.72549019608
			5061.27450980392	-1566.17647058824
			5063.72549019608	-1566.17647058824
			5066.17647058824	-1566.17647058824
			5068.62745098039	-1568.62745098039
			5071.07843137255	-1568.62745098039
			5071.07843137255	-1571.07843137255
			5073.52941176471	-1571.07843137255
			5075.98039215686	-1573.52941176471
			5078.43137254902	-1573.52941176471
			5080.88235294118	-1575.98039215686
			5083.33333333333	-1575.98039215686
			5085.78431372549	-1575.98039215686
			5088.23529411765	-1578.43137254902
			5090.6862745098	-1578.43137254902
			5093.13725490196	-1580.88235294118
			5095.58823529412	-1580.88235294118
			5098.03921568627	-1583.33333333333
			5100.49019607843	-1583.33333333333
			5102.94117647059	-1585.78431372549
			5105.39215686275	-1585.78431372549
			5107.8431372549	-1588.23529411765
			5110.29411764706	-1588.23529411765
			5112.74509803922	-1588.23529411765
			5115.19607843137	-1590.6862745098
			5117.64705882353	-1590.6862745098
			5120.09803921569	-1593.13725490196
			5122.54901960784	-1593.13725490196
			5125	-1595.58823529412
			5127.45098039216	-1598.03921568627
			5129.90196078431	-1598.03921568627
			5132.35294117647	-1598.03921568627
			5134.80392156863	-1600.49019607843
			5137.25490196078	-1600.49019607843
			5139.70588235294	-1602.94117647059
			5142.1568627451	-1602.94117647059
			5144.60784313726	-1602.94117647059
			5147.05882352941	-1605.39215686275
			5149.50980392157	-1605.39215686275
			5151.96078431373	-1607.8431372549
			5154.41176470588	-1607.8431372549
			5156.86274509804	-1610.29411764706
			5159.3137254902	-1610.29411764706
			5161.76470588235	-1610.29411764706
			5164.21568627451	-1612.74509803922
			5166.66666666667	-1612.74509803922
			5169.11764705882	-1615.19607843137
			5171.56862745098	-1615.19607843137
			5174.01960784314	-1617.64705882353
			5176.47058823529	-1620.09803921569
			5178.92156862745	-1620.09803921569
			5181.37254901961	-1622.54901960784
			5183.82352941176	-1622.54901960784
			5186.27450980392	-1625
			5188.72549019608	-1625
			5191.17647058824	-1627.45098039216
			5193.62745098039	-1627.45098039216
			5196.07843137255	-1629.90196078431
			5198.52941176471	-1632.35294117647
			5200.98039215686	-1632.35294117647
			5203.43137254902	-1634.80392156863
			5205.88235294118	-1637.25490196078
			5208.33333333333	-1637.25490196078
			5210.78431372549	-1639.70588235294
			5213.23529411765	-1639.70588235294
			5215.6862745098	-1642.1568627451
			5218.13725490196	-1644.60784313726
			5220.58823529412	-1644.60784313726
			5223.03921568627	-1647.05882352941
			5225.49019607843	-1649.50980392157
			5227.94117647059	-1649.50980392157
			5230.39215686275	-1651.96078431373
			5232.8431372549	-1654.41176470588
			5235.29411764706	-1654.41176470588
			5237.74509803922	-1656.86274509804
			5240.19607843137	-1659.3137254902
			5242.64705882353	-1659.3137254902
			5245.09803921569	-1661.76470588235
			5247.54901960784	-1664.21568627451
			5250	-1666.66666666667
			5252.45098039216	-1669.11764705882
			5254.90196078431	-1671.56862745098
			5257.35294117647	-1671.56862745098
			5259.80392156863	-1674.01960784314
			5262.25490196078	-1676.47058823529
			5264.70588235294	-1678.92156862745
			5267.1568627451	-1681.37254901961
			5269.60784313726	-1681.37254901961
			5272.05882352941	-1683.82352941176
			5274.50980392157	-1686.27450980392
			5276.96078431373	-1688.72549019608
			5279.41176470588	-1691.17647058824
			5281.86274509804	-1693.62745098039
			5284.3137254902	-1696.07843137255
			5286.76470588235	-1698.52941176471
			5289.21568627451	-1700.98039215686
			5291.66666666667	-1700.98039215686
			5294.11764705882	-1703.43137254902
			5296.56862745098	-1705.88235294118
			5299.01960784314	-1708.33333333333
			5301.47058823529	-1710.78431372549
			5303.92156862745	-1713.23529411765
			5306.37254901961	-1715.6862745098
			5308.82352941176	-1718.13725490196
			5311.27450980392	-1720.58823529412
			5313.72549019608	-1723.03921568627
			5316.17647058824	-1725.49019607843
			5318.62745098039	-1727.94117647059
			5321.07843137255	-1730.39215686275
			5323.52941176471	-1732.8431372549
			5325.98039215686	-1735.29411764706
			5328.43137254902	-1737.74509803922
			5330.88235294118	-1740.19607843137
			5333.33333333333	-1742.64705882353
			5335.78431372549	-1745.09803921569
			5338.23529411765	-1747.54901960784
			5340.6862745098	-1750
			5343.13725490196	-1752.45098039216
			5345.58823529412	-1754.90196078431
			5348.03921568627	-1757.35294117647
			5350.49019607843	-1759.80392156863
			5352.94117647059	-1762.25490196078
			5352.94117647059	-1764.70588235294
			5355.39215686275	-1767.1568627451
			5357.8431372549	-1767.1568627451
			5357.8431372549	-1769.60784313726
			5360.29411764706	-1772.05882352941
			5362.74509803922	-1774.50980392157
			5365.19607843137	-1776.96078431373
			5367.64705882353	-1779.41176470588
			5367.64705882353	-1781.86274509804
			5370.09803921569	-1784.3137254902
			5372.54901960784	-1786.76470588235
			5375	-1789.21568627451
			5377.45098039216	-1791.66666666667
			5379.90196078431	-1794.11764705882
			5382.35294117647	-1796.56862745098
			5384.80392156863	-1799.01960784314
			5384.80392156863	-1801.47058823529
		</C1>
		<C2 type=matrix rownames=FALSE colnames=FALSE nrow=256 ncol=2 as.numeric=TRUE >
			4529.41176470588	-2973.03921568627
			4529.41176470588	-2975.49019607843
			4526.96078431373	-2977.94117647059
			4526.96078431373	-2980.39215686275
			4526.96078431373	-2982.8431372549
			4526.96078431373	-2985.29411764706
			4526.96078431373	-2987.74509803922
			4524.50980392157	-2990.19607843137
			4524.50980392157	-2992.64705882353
			4524.50980392157	-2995.09803921569
			4524.50980392157	-2997.54901960784
			4524.50980392157	-3000
			4522.05882352941	-3002.45098039216
			4522.05882352941	-3004.90196078431
			4522.05882352941	-3007.35294117647
			4519.60784313726	-3009.80392156863
			4519.60784313726	-3012.25490196078
			4519.60784313726	-3014.70588235294
			4519.60784313726	-3017.1568627451
			4517.1568627451	-3019.60784313726
			4517.1568627451	-3022.05882352941
			4517.1568627451	-3024.50980392157
			4517.1568627451	-3026.96078431373
			4514.70588235294	-3029.41176470588
			4514.70588235294	-3031.86274509804
			4514.70588235294	-3034.3137254902
			4512.25490196078	-3036.76470588235
			4512.25490196078	-3039.21568627451
			4512.25490196078	-3041.66666666667
			4509.80392156863	-3044.11764705882
			4509.80392156863	-3046.56862745098
			4509.80392156863	-3049.01960784314
			4507.35294117647	-3051.47058823529
			4507.35294117647	-3053.92156862745
			4507.35294117647	-3056.37254901961
			4504.90196078431	-3058.82352941176
			4504.90196078431	-3061.27450980392
			4504.90196078431	-3063.72549019608
			4502.45098039216	-3066.17647058824
			4502.45098039216	-3068.62745098039
			4500	-3071.07843137255
			4500	-3073.52941176471
			4500	-3075.98039215686
			4497.54901960784	-3078.43137254902
			4497.54901960784	-3080.88235294118
			4495.09803921569	-3083.33333333333
			4495.09803921569	-3085.78431372549
			4495.09803921569	-3088.23529411765
			4492.64705882353	-3090.6862745098
			4492.64705882353	-3093.13725490196
			4490.19607843137	-3095.58823529412
			4490.19607843137	-3098.03921568627
			4487.74509803922	-3100.49019607843
			4487.74509803922	-3102.94117647059
			4485.29411764706	-3105.39215686275
			4485.29411764706	-3107.8431372549
			4482.8431372549	-3110.29411764706
			4482.8431372549	-3112.74509803922
			4480.39215686275	-3115.19607843137
			4477.94117647059	-3117.64705882353
			4477.94117647059	-3120.09803921569
			4475.49019607843	-3122.54901960784
			4475.49019607843	-3125
			4473.03921568627	-3127.45098039216
			4473.03921568627	-3129.90196078431
			4470.58823529412	-3129.90196078431
			4470.58823529412	-3132.35294117647
			4468.13725490196	-3134.80392156863
			4465.6862745098	-3137.25490196078
			4465.6862745098	-3139.70588235294
			4463.23529411765	-3142.1568627451
			4460.78431372549	-3144.60784313726
			4458.33333333333	-3147.05882352941
			4458.33333333333	-3149.50980392157
			4455.88235294118	-3151.96078431373
			4453.43137254902	-3154.41176470588
			4450.98039215686	-3154.41176470588
			4450.98039215686	-3156.86274509804
			4448.52941176471	-3159.3137254902
			4446.07843137255	-3161.76470588235
			4443.62745098039	-3161.76470588235
			4441.17647058824	-3164.21568627451
			4441.17647058824	-3166.66666666667
			4438.72549019608	-3169.11764705882
			4436.27450980392	-3169.11764705882
			4433.82352941176	-3171.56862745098
			4431.37254901961	-3171.56862745098
			4431.37254901961	-3174.01960784314
			4428.92156862745	-3176.47058823529
			4426.47058823529	-3176.47058823529
			4424.01960784314	-3178.92156862745
			4421.56862745098	-3178.92156862745
			4419.11764705882	-3181.37254901961
			4416.66666666667	-3181.37254901961
			4416.66666666667	-3183.82352941176
			4414.21568627451	-3183.82352941176
			4411.76470588235	-3186.27450980392
			4409.3137254902	-3186.27450980392
			4406.86274509804	-3186.27450980392
			4404.41176470588	-3188.72549019608
			4401.96078431373	-3188.72549019608
			4399.50980392157	-3188.72549019608
			4397.05882352941	-3191.17647058824
			4394.60784313726	-3191.17647058824
			4392.1568627451	-3191.17647058824
			4389.70588235294	-3191.17647058824
			4389.70588235294	-3193.62745098039
			4387.25490196078	-3193.62745098039
			4384.80392156863	-3193.62745098039
			4382.35294117647	-3193.62745098039
			4379.90196078431	-3193.62745098039
			4377.45098039216	-3193.62745098039
			4375	-3193.62745098039
			4372.54901960784	-3193.62745098039
			4370.09803921569	-3193.62745098039
			4367.64705882353	-3193.62745098039
			4365.19607843137	-3193.62745098039
			4362.74509803922	-3193.62745098039
			4360.29411764706	-3193.62745098039
			4357.8431372549	-3193.62745098039
			4355.39215686275	-3191.17647058824
			4352.94117647059	-3191.17647058824
			4350.49019607843	-3191.17647058824
			4348.03921568627	-3191.17647058824
			4345.58823529412	-3191.17647058824
			4343.13725490196	-3191.17647058824
			4340.6862745098	-3191.17647058824
			4338.23529411765	-3191.17647058824
			4335.78431372549	-3188.72549019608
			4333.33333333333	-3188.72549019608
			4330.88235294118	-3188.72549019608
			4328.43137254902	-3188.72549019608
			4325.98039215686	-3186.27450980392
			4323.52941176471	-3186.27450980392
			4321.07843137255	-3186.27450980392
			4318.62745098039	-3186.27450980392
			4316.17647058824	-3183.82352941176
			4313.72549019608	-3183.82352941176
			4311.27450980392	-3183.82352941176
			4308.82352941176	-3181.37254901961
			4306.37254901961	-3181.37254901961
			4303.92156862745	-3181.37254901961
			4301.47058823529	-3178.92156862745
			4299.01960784314	-3178.92156862745
			4296.56862745098	-3178.92156862745
			4294.11764705882	-3176.47058823529
			4291.66666666667	-3174.01960784314
			4289.21568627451	-3174.01960784314
			4286.76470588235	-3171.56862745098
			4284.3137254902	-3171.56862745098
			4281.86274509804	-3169.11764705882
			4279.41176470588	-3169.11764705882
			4276.96078431373	-3166.66666666667
			4274.50980392157	-3166.66666666667
			4274.50980392157	-3164.21568627451
			4272.05882352941	-3161.76470588235
			4269.60784313726	-3161.76470588235
			4267.1568627451	-3159.3137254902
			4264.70588235294	-3156.86274509804
			4262.25490196078	-3154.41176470588
			4259.80392156863	-3151.96078431373
			4257.35294117647	-3149.50980392157
			4254.90196078431	-3147.05882352941
			4254.90196078431	-3144.60784313726
			4252.45098039216	-3142.1568627451
			4250	-3139.70588235294
			4247.54901960784	-3137.25490196078
			4247.54901960784	-3134.80392156863
			4245.09803921569	-3132.35294117647
			4242.64705882353	-3129.90196078431
			4242.64705882353	-3127.45098039216
			4240.19607843137	-3125
			4240.19607843137	-3122.54901960784
			4240.19607843137	-3120.09803921569
			4237.74509803922	-3117.64705882353
			4237.74509803922	-3115.19607843137
			4235.29411764706	-3112.74509803922
			4235.29411764706	-3110.29411764706
			4235.29411764706	-3107.8431372549
			4235.29411764706	-3105.39215686275
			4232.8431372549	-3102.94117647059
			4232.8431372549	-3100.49019607843
			4232.8431372549	-3098.03921568627
			4232.8431372549	-3095.58823529412
			4230.39215686275	-3093.13725490196
			4230.39215686275	-3090.6862745098
			4230.39215686275	-3088.23529411765
			4230.39215686275	-3085.78431372549
			4230.39215686275	-3083.33333333333
			4227.94117647059	-3080.88235294118
			4227.94117647059	-3078.43137254902
			4227.94117647059	-3075.98039215686
			4227.94117647059	-3073.52941176471
			4227.94117647059	-3071.07843137255
			4227.94117647059	-3068.62745098039
			4227.94117647059	-3066.17647058824
			4227.94117647059	-3063.72549019608
			4227.94117647059	-3061.27450980392
			4227.94117647059	-3058.82352941176
			4227.94117647059	-3056.37254901961
			4227.94117647059	-3053.92156862745
			4227.94117647059	-3051.47058823529
			4227.94117647059	-3049.01960784314
			4227.94117647059	-3046.56862745098
			4227.94117647059	-3044.11764705882
			4227.94117647059	-3041.66666666667
			4227.94117647059	-3039.21568627451
			4227.94117647059	-3036.76470588235
			4227.94117647059	-3034.3137254902
			4227.94117647059	-3031.86274509804
			4227.94117647059	-3029.41176470588
			4227.94117647059	-3026.96078431373
			4227.94117647059	-3024.50980392157
			4227.94117647059	-3022.05882352941
			4230.39215686275	-3019.60784313726
			4230.39215686275	-3017.1568627451
			4230.39215686275	-3014.70588235294
			4230.39215686275	-3012.25490196078
			4230.39215686275	-3009.80392156863
			4230.39215686275	-3007.35294117647
			4230.39215686275	-3004.90196078431
			4232.8431372549	-3002.45098039216
			4232.8431372549	-3000
			4232.8431372549	-2997.54901960784
			4232.8431372549	-2995.09803921569
			4232.8431372549	-2992.64705882353
			4232.8431372549	-2990.19607843137
			4235.29411764706	-2987.74509803922
			4235.29411764706	-2985.29411764706
			4235.29411764706	-2982.8431372549
			4235.29411764706	-2980.39215686275
			4235.29411764706	-2977.94117647059
			4237.74509803922	-2975.49019607843
			4237.74509803922	-2973.03921568627
			4237.74509803922	-2970.58823529412
			4237.74509803922	-2968.13725490196
			4240.19607843137	-2965.6862745098
			4240.19607843137	-2963.23529411765
			4240.19607843137	-2960.78431372549
			4240.19607843137	-2958.33333333333
			4242.64705882353	-2955.88235294118
			4242.64705882353	-2953.43137254902
			4242.64705882353	-2950.98039215686
			4242.64705882353	-2948.52941176471
			4245.09803921569	-2946.07843137255
			4245.09803921569	-2943.62745098039
			4245.09803921569	-2941.17647058824
			4247.54901960784	-2938.72549019608
			4247.54901960784	-2936.27450980392
			4247.54901960784	-2933.82352941176
			4250	-2931.37254901961
			4250	-2928.92156862745
			4250	-2926.47058823529
			4252.45098039216	-2924.01960784314
			4252.45098039216	-2921.56862745098
			4252.45098039216	-2919.11764705882
		</C2>
	</curves.scaled>
	<ruler.points type=matrix rownames=TRUE colnames=FALSE nrow=2 ncol=2 as.numeric=TRUE >
		Ruler point 1	3	1877
		Ruler point 2	105	1877
	</ruler.points>
</shapes>

