<shapes type=list>
	<ruler.pixel type=vector names=FALSE length=1 as.numeric=TRUE >102</ruler.pixel>
	<ruler.interval type=vector names=FALSE length=1 as.numeric=TRUE >250</ruler.interval>
	<scaling.units type=vector names=FALSE length=1 as.numeric=FALSE >nm</scaling.units>
	<scaling type=vector names=FALSE length=1 as.numeric=TRUE >2.45098039215686</scaling>
	<landmarks.pixel type=matrix rownames=TRUE colnames=FALSE nrow=4 ncol=2 as.numeric=TRUE >
		1-TopL	1512	625
		2-TopR	2195	701
		3-BotR	1885	1134
		4-BotL	1820	1104
	</landmarks.pixel>
	<landmarks.scaled type=matrix rownames=TRUE colnames=FALSE nrow=4 ncol=2 as.numeric=TRUE >
		1-TopL	3705.88235294118	-1531.86274509804
		2-TopR	5379.90196078431	-1718.13725490196
		3-BotR	4620.09803921569	-2779.41176470588
		4-BotL	4460.78431372549	-2705.88235294118
	</landmarks.scaled>
	<curves.control type=list>
		<C1 type=matrix rownames=FALSE colnames=FALSE nrow=5 ncol=2 as.numeric=TRUE >
			1512	625
			1697	481
			1928	560
			2150	635
			2195	701
		</C1>
		<C2 type=matrix rownames=FALSE colnames=FALSE nrow=5 ncol=2 as.numeric=TRUE >
			1885	1134
			1916	1194
			1855	1199
			1782	1188
			1820	1104
		</C2>
	</curves.control>
	<curves.pixel type=list>
		<C1 type=matrix rownames=FALSE colnames=FALSE nrow=714 ncol=2 as.numeric=TRUE >
			1512	625
			1513	624
			1514	623
			1515	623
			1516	622
			1517	621
			1518	620
			1519	620
			1520	619
			1521	618
			1522	617
			1523	617
			1524	616
			1525	615
			1526	615
			1527	614
			1528	613
			1529	612
			1530	612
			1531	611
			1532	610
			1533	609
			1534	609
			1535	608
			1536	607
			1537	607
			1538	606
			1539	605
			1540	605
			1541	604
			1542	603
			1543	603
			1544	602
			1545	601
			1546	601
			1547	600
			1548	599
			1549	599
			1550	598
			1551	597
			1552	597
			1553	596
			1554	595
			1555	595
			1556	594
			1557	594
			1558	593
			1559	592
			1560	592
			1561	591
			1562	590
			1563	590
			1564	589
			1565	589
			1566	588
			1567	588
			1568	587
			1569	586
			1570	586
			1571	585
			1572	585
			1573	584
			1574	584
			1575	583
			1576	583
			1577	582
			1578	582
			1579	581
			1580	580
			1581	580
			1582	579
			1583	579
			1584	578
			1585	578
			1586	577
			1587	577
			1588	576
			1589	576
			1590	575
			1591	575
			1592	574
			1593	574
			1594	573
			1595	573
			1596	572
			1597	572
			1598	571
			1599	571
			1600	571
			1600	570
			1601	570
			1602	569
			1603	569
			1604	568
			1605	568
			1606	568
			1607	567
			1608	567
			1609	566
			1610	566
			1611	565
			1612	565
			1613	565
			1614	564
			1615	564
			1616	563
			1617	563
			1618	562
			1619	562
			1620	562
			1620	561
			1621	561
			1622	561
			1623	560
			1624	560
			1625	559
			1626	559
			1627	559
			1628	558
			1629	558
			1630	557
			1631	557
			1632	557
			1633	556
			1634	556
			1635	556
			1636	555
			1637	555
			1638	555
			1639	554
			1640	554
			1641	554
			1642	553
			1643	553
			1644	553
			1645	552
			1646	552
			1647	552
			1648	551
			1649	551
			1650	551
			1651	550
			1652	550
			1653	550
			1654	549
			1655	549
			1656	549
			1657	548
			1658	548
			1659	548
			1660	547
			1661	547
			1662	547
			1663	547
			1664	546
			1665	546
			1666	546
			1667	545
			1668	545
			1669	545
			1670	545
			1671	544
			1672	544
			1673	544
			1674	544
			1675	543
			1676	543
			1677	543
			1678	543
			1679	542
			1680	542
			1681	542
			1682	542
			1683	542
			1684	541
			1685	541
			1686	541
			1687	541
			1688	541
			1689	540
			1690	540
			1691	540
			1692	540
			1693	539
			1694	539
			1695	539
			1696	539
			1697	539
			1698	538
			1699	538
			1700	538
			1701	538
			1702	538
			1703	538
			1704	537
			1705	537
			1706	537
			1707	537
			1708	537
			1709	537
			1710	537
			1710	536
			1711	536
			1712	536
			1713	536
			1714	536
			1715	536
			1716	536
			1717	536
			1718	535
			1719	535
			1720	535
			1721	535
			1722	535
			1723	535
			1724	535
			1725	534
			1726	534
			1727	534
			1728	534
			1729	534
			1730	534
			1731	534
			1732	534
			1733	534
			1734	534
			1735	534
			1736	533
			1737	533
			1738	533
			1739	533
			1740	533
			1741	533
			1742	533
			1743	533
			1744	533
			1745	533
			1746	533
			1747	533
			1748	533
			1749	533
			1750	533
			1751	532
			1752	532
			1753	532
			1754	532
			1755	532
			1756	532
			1757	532
			1758	532
			1759	532
			1760	532
			1761	532
			1762	532
			1763	532
			1764	532
			1765	532
			1766	532
			1767	532
			1768	532
			1769	532
			1770	532
			1771	532
			1772	532
			1773	532
			1774	532
			1775	532
			1776	532
			1777	532
			1778	532
			1779	532
			1780	532
			1781	532
			1782	532
			1783	532
			1784	532
			1785	532
			1786	532
			1787	532
			1788	532
			1789	532
			1790	532
			1791	533
			1792	533
			1793	533
			1794	533
			1795	533
			1796	533
			1797	533
			1798	533
			1799	533
			1800	533
			1801	533
			1802	533
			1803	533
			1804	533
			1805	533
			1806	534
			1807	534
			1808	534
			1809	534
			1810	534
			1811	534
			1812	534
			1813	534
			1814	534
			1815	534
			1816	534
			1817	535
			1818	535
			1819	535
			1820	535
			1821	535
			1822	535
			1823	535
			1824	535
			1825	536
			1826	536
			1827	536
			1828	536
			1829	536
			1830	536
			1831	536
			1832	537
			1833	537
			1834	537
			1835	537
			1836	537
			1837	537
			1838	537
			1839	538
			1840	538
			1841	538
			1842	538
			1843	538
			1844	538
			1845	539
			1846	539
			1847	539
			1848	539
			1849	539
			1850	539
			1851	540
			1852	540
			1853	540
			1854	540
			1855	540
			1856	541
			1857	541
			1858	541
			1859	541
			1860	541
			1861	542
			1862	542
			1863	542
			1864	542
			1865	542
			1866	543
			1867	543
			1868	543
			1869	543
			1870	544
			1871	544
			1872	544
			1873	544
			1874	544
			1875	545
			1876	545
			1877	545
			1878	545
			1879	546
			1880	546
			1881	546
			1882	546
			1883	547
			1884	547
			1885	547
			1886	547
			1887	548
			1888	548
			1889	548
			1890	548
			1891	549
			1892	549
			1893	549
			1894	550
			1895	550
			1896	550
			1897	550
			1898	551
			1899	551
			1900	551
			1901	551
			1902	552
			1903	552
			1904	552
			1905	553
			1906	553
			1907	553
			1908	553
			1909	554
			1910	554
			1911	554
			1912	555
			1913	555
			1914	555
			1915	556
			1916	556
			1917	556
			1918	557
			1919	557
			1920	557
			1921	558
			1922	558
			1923	558
			1924	559
			1925	559
			1926	559
			1927	560
			1928	560
			1929	560
			1930	561
			1931	561
			1932	561
			1932	562
			1933	562
			1934	562
			1935	562
			1936	563
			1937	563
			1938	563
			1939	564
			1940	564
			1941	565
			1942	565
			1943	565
			1944	566
			1945	566
			1946	566
			1947	567
			1948	567
			1949	567
			1950	568
			1951	568
			1952	568
			1953	569
			1954	569
			1955	569
			1956	570
			1957	570
			1958	570
			1959	571
			1960	571
			1961	572
			1962	572
			1963	572
			1964	572
			1965	573
			1966	573
			1967	574
			1968	574
			1969	574
			1970	575
			1971	575
			1972	575
			1973	576
			1974	576
			1975	576
			1976	577
			1977	577
			1978	578
			1979	578
			1980	578
			1981	579
			1982	579
			1983	580
			1984	580
			1985	580
			1986	580
			1986	581
			1987	581
			1988	581
			1989	582
			1990	582
			1991	583
			1992	583
			1993	583
			1994	584
			1995	584
			1996	584
			1997	585
			1998	585
			1999	585
			2000	586
			2001	586
			2002	587
			2003	587
			2004	587
			2004	588
			2005	588
			2006	588
			2007	589
			2008	589
			2009	589
			2010	590
			2011	590
			2012	591
			2013	591
			2014	591
			2015	592
			2016	592
			2017	592
			2018	593
			2019	593
			2020	594
			2021	594
			2022	595
			2023	595
			2024	595
			2025	596
			2026	596
			2027	596
			2028	597
			2029	597
			2030	598
			2031	598
			2032	599
			2033	599
			2034	599
			2035	600
			2036	600
			2037	601
			2038	601
			2039	602
			2040	602
			2041	602
			2042	603
			2043	603
			2044	604
			2045	604
			2046	605
			2047	605
			2048	605
			2049	606
			2050	606
			2051	606
			2051	607
			2052	607
			2053	608
			2054	608
			2055	608
			2056	609
			2057	609
			2058	610
			2059	610
			2060	611
			2061	611
			2062	612
			2063	612
			2064	613
			2065	613
			2066	614
			2067	614
			2068	614
			2069	615
			2070	615
			2071	616
			2072	616
			2073	617
			2074	617
			2075	618
			2076	618
			2077	619
			2078	619
			2079	619
			2080	620
			2081	620
			2082	621
			2083	621
			2084	622
			2085	622
			2086	623
			2087	623
			2088	624
			2089	624
			2090	624
			2090	625
			2091	625
			2092	626
			2093	626
			2094	627
			2095	627
			2096	628
			2097	628
			2098	629
			2099	629
			2100	630
			2101	630
			2102	631
			2103	632
			2104	632
			2105	632
			2106	633
			2107	633
			2108	634
			2109	635
			2110	635
			2111	635
			2112	636
			2113	637
			2114	637
			2115	638
			2116	638
			2117	639
			2118	639
			2119	640
			2120	641
			2121	641
			2122	642
			2123	642
			2124	643
			2125	643
			2126	644
			2127	645
			2128	645
			2129	646
			2130	646
			2131	647
			2132	647
			2133	648
			2134	649
			2135	650
			2136	650
			2137	651
			2138	651
			2138	652
			2139	652
			2140	652
			2140	653
			2141	653
			2142	653
			2142	654
			2143	654
			2143	655
			2144	655
			2145	655
			2145	656
			2146	656
			2146	657
			2147	657
			2148	657
			2148	658
			2149	658
			2149	659
			2150	659
			2151	660
			2152	661
			2153	661
			2154	662
			2155	663
			2156	663
			2157	664
			2158	665
			2159	666
			2160	666
			2161	667
			2162	667
			2162	668
			2163	669
			2164	669
			2164	670
			2165	670
			2166	671
			2167	671
			2167	672
			2168	673
			2169	673
			2169	674
			2170	674
			2171	675
			2172	676
			2173	677
			2174	678
			2175	679
			2176	679
			2177	680
			2177	681
			2178	681
			2179	682
			2179	683
			2180	683
			2181	684
			2181	685
			2182	685
			2183	686
			2183	687
			2184	687
			2185	688
			2185	689
			2186	689
			2186	690
			2187	691
			2188	691
			2188	692
			2189	693
			2190	694
			2191	695
			2191	696
			2192	697
			2193	698
			2193	699
			2194	699
			2194	700
			2195	701
		</C1>
		<C2 type=matrix rownames=FALSE colnames=FALSE nrow=211 ncol=2 as.numeric=TRUE >
			1885	1134
			1886	1135
			1886	1136
			1887	1137
			1887	1138
			1888	1139
			1888	1140
			1889	1141
			1889	1142
			1889	1143
			1890	1144
			1890	1145
			1891	1146
			1891	1147
			1891	1148
			1892	1149
			1892	1150
			1892	1151
			1893	1152
			1893	1153
			1893	1154
			1894	1155
			1894	1156
			1894	1157
			1894	1158
			1894	1159
			1895	1160
			1895	1161
			1895	1162
			1895	1163
			1895	1164
			1895	1165
			1895	1166
			1895	1167
			1895	1168
			1895	1169
			1895	1170
			1895	1171
			1895	1172
			1895	1173
			1895	1174
			1895	1175
			1894	1176
			1894	1177
			1894	1178
			1893	1179
			1893	1180
			1893	1181
			1892	1182
			1892	1183
			1891	1183
			1891	1184
			1890	1185
			1889	1186
			1889	1187
			1888	1187
			1887	1188
			1887	1189
			1886	1189
			1885	1190
			1884	1191
			1883	1191
			1882	1192
			1881	1192
			1880	1193
			1879	1193
			1878	1194
			1877	1194
			1876	1195
			1875	1195
			1874	1195
			1873	1196
			1872	1196
			1871	1196
			1870	1197
			1869	1197
			1868	1197
			1867	1197
			1866	1198
			1865	1198
			1864	1198
			1863	1198
			1862	1198
			1861	1198
			1860	1198
			1859	1199
			1858	1199
			1857	1199
			1856	1199
			1855	1199
			1854	1199
			1853	1199
			1852	1199
			1851	1198
			1850	1198
			1849	1198
			1848	1198
			1847	1198
			1846	1197
			1845	1197
			1844	1197
			1843	1196
			1842	1196
			1841	1196
			1840	1196
			1839	1195
			1838	1195
			1837	1195
			1836	1194
			1835	1194
			1834	1193
			1833	1193
			1832	1193
			1831	1192
			1830	1192
			1830	1191
			1829	1191
			1828	1191
			1828	1190
			1827	1190
			1826	1189
			1825	1189
			1824	1188
			1823	1187
			1822	1186
			1821	1185
			1820	1185
			1819	1184
			1819	1183
			1818	1183
			1817	1182
			1816	1181
			1815	1180
			1815	1179
			1814	1178
			1814	1177
			1813	1177
			1813	1176
			1812	1175
			1812	1174
			1811	1173
			1811	1172
			1810	1171
			1810	1170
			1809	1169
			1809	1168
			1809	1167
			1809	1166
			1808	1165
			1808	1164
			1808	1163
			1808	1162
			1808	1161
			1807	1160
			1807	1159
			1807	1158
			1807	1157
			1807	1156
			1807	1155
			1807	1154
			1807	1153
			1807	1152
			1807	1151
			1807	1150
			1807	1149
			1807	1148
			1807	1147
			1807	1146
			1807	1145
			1808	1144
			1808	1143
			1808	1142
			1808	1141
			1808	1140
			1808	1139
			1809	1138
			1809	1137
			1809	1136
			1809	1135
			1809	1134
			1810	1133
			1810	1132
			1810	1131
			1810	1130
			1811	1130
			1811	1129
			1811	1128
			1811	1127
			1811	1126
			1812	1125
			1812	1124
			1813	1123
			1813	1122
			1813	1121
			1814	1120
			1814	1119
			1814	1118
			1815	1117
			1815	1116
			1815	1115
			1816	1114
			1816	1113
			1817	1112
			1817	1111
			1817	1110
			1818	1109
			1818	1108
			1819	1107
			1819	1106
			1820	1105
			1820	1104
		</C2>
	</curves.pixel>
	<curves.scaled type=list>
		<C1 type=matrix rownames=FALSE colnames=FALSE nrow=714 ncol=2 as.numeric=TRUE >
			3705.88235294118	-1531.86274509804
			3708.33333333333	-1529.41176470588
			3710.78431372549	-1526.96078431373
			3713.23529411765	-1526.96078431373
			3715.6862745098	-1524.50980392157
			3718.13725490196	-1522.05882352941
			3720.58823529412	-1519.60784313726
			3723.03921568627	-1519.60784313726
			3725.49019607843	-1517.1568627451
			3727.94117647059	-1514.70588235294
			3730.39215686275	-1512.25490196078
			3732.8431372549	-1512.25490196078
			3735.29411764706	-1509.80392156863
			3737.74509803922	-1507.35294117647
			3740.19607843137	-1507.35294117647
			3742.64705882353	-1504.90196078431
			3745.09803921569	-1502.45098039216
			3747.54901960784	-1500
			3750	-1500
			3752.45098039216	-1497.54901960784
			3754.90196078431	-1495.09803921569
			3757.35294117647	-1492.64705882353
			3759.80392156863	-1492.64705882353
			3762.25490196078	-1490.19607843137
			3764.70588235294	-1487.74509803922
			3767.1568627451	-1487.74509803922
			3769.60784313726	-1485.29411764706
			3772.05882352941	-1482.8431372549
			3774.50980392157	-1482.8431372549
			3776.96078431373	-1480.39215686275
			3779.41176470588	-1477.94117647059
			3781.86274509804	-1477.94117647059
			3784.3137254902	-1475.49019607843
			3786.76470588235	-1473.03921568627
			3789.21568627451	-1473.03921568627
			3791.66666666667	-1470.58823529412
			3794.11764705882	-1468.13725490196
			3796.56862745098	-1468.13725490196
			3799.01960784314	-1465.6862745098
			3801.47058823529	-1463.23529411765
			3803.92156862745	-1463.23529411765
			3806.37254901961	-1460.78431372549
			3808.82352941176	-1458.33333333333
			3811.27450980392	-1458.33333333333
			3813.72549019608	-1455.88235294118
			3816.17647058824	-1455.88235294118
			3818.62745098039	-1453.43137254902
			3821.07843137255	-1450.98039215686
			3823.52941176471	-1450.98039215686
			3825.98039215686	-1448.52941176471
			3828.43137254902	-1446.07843137255
			3830.88235294118	-1446.07843137255
			3833.33333333333	-1443.62745098039
			3835.78431372549	-1443.62745098039
			3838.23529411765	-1441.17647058824
			3840.6862745098	-1441.17647058824
			3843.13725490196	-1438.72549019608
			3845.58823529412	-1436.27450980392
			3848.03921568627	-1436.27450980392
			3850.49019607843	-1433.82352941176
			3852.94117647059	-1433.82352941176
			3855.39215686275	-1431.37254901961
			3857.8431372549	-1431.37254901961
			3860.29411764706	-1428.92156862745
			3862.74509803922	-1428.92156862745
			3865.19607843137	-1426.47058823529
			3867.64705882353	-1426.47058823529
			3870.09803921569	-1424.01960784314
			3872.54901960784	-1421.56862745098
			3875	-1421.56862745098
			3877.45098039216	-1419.11764705882
			3879.90196078431	-1419.11764705882
			3882.35294117647	-1416.66666666667
			3884.80392156863	-1416.66666666667
			3887.25490196078	-1414.21568627451
			3889.70588235294	-1414.21568627451
			3892.1568627451	-1411.76470588235
			3894.60784313726	-1411.76470588235
			3897.05882352941	-1409.3137254902
			3899.50980392157	-1409.3137254902
			3901.96078431373	-1406.86274509804
			3904.41176470588	-1406.86274509804
			3906.86274509804	-1404.41176470588
			3909.3137254902	-1404.41176470588
			3911.76470588235	-1401.96078431373
			3914.21568627451	-1401.96078431373
			3916.66666666667	-1399.50980392157
			3919.11764705882	-1399.50980392157
			3921.56862745098	-1399.50980392157
			3921.56862745098	-1397.05882352941
			3924.01960784314	-1397.05882352941
			3926.47058823529	-1394.60784313726
			3928.92156862745	-1394.60784313726
			3931.37254901961	-1392.1568627451
			3933.82352941176	-1392.1568627451
			3936.27450980392	-1392.1568627451
			3938.72549019608	-1389.70588235294
			3941.17647058824	-1389.70588235294
			3943.62745098039	-1387.25490196078
			3946.07843137255	-1387.25490196078
			3948.52941176471	-1384.80392156863
			3950.98039215686	-1384.80392156863
			3953.43137254902	-1384.80392156863
			3955.88235294118	-1382.35294117647
			3958.33333333333	-1382.35294117647
			3960.78431372549	-1379.90196078431
			3963.23529411765	-1379.90196078431
			3965.6862745098	-1377.45098039216
			3968.13725490196	-1377.45098039216
			3970.58823529412	-1377.45098039216
			3970.58823529412	-1375
			3973.03921568627	-1375
			3975.49019607843	-1375
			3977.94117647059	-1372.54901960784
			3980.39215686275	-1372.54901960784
			3982.8431372549	-1370.09803921569
			3985.29411764706	-1370.09803921569
			3987.74509803922	-1370.09803921569
			3990.19607843137	-1367.64705882353
			3992.64705882353	-1367.64705882353
			3995.09803921569	-1365.19607843137
			3997.54901960784	-1365.19607843137
			4000	-1365.19607843137
			4002.45098039216	-1362.74509803922
			4004.90196078431	-1362.74509803922
			4007.35294117647	-1362.74509803922
			4009.80392156863	-1360.29411764706
			4012.25490196078	-1360.29411764706
			4014.70588235294	-1360.29411764706
			4017.1568627451	-1357.8431372549
			4019.60784313726	-1357.8431372549
			4022.05882352941	-1357.8431372549
			4024.50980392157	-1355.39215686275
			4026.96078431373	-1355.39215686275
			4029.41176470588	-1355.39215686275
			4031.86274509804	-1352.94117647059
			4034.3137254902	-1352.94117647059
			4036.76470588235	-1352.94117647059
			4039.21568627451	-1350.49019607843
			4041.66666666667	-1350.49019607843
			4044.11764705882	-1350.49019607843
			4046.56862745098	-1348.03921568627
			4049.01960784314	-1348.03921568627
			4051.47058823529	-1348.03921568627
			4053.92156862745	-1345.58823529412
			4056.37254901961	-1345.58823529412
			4058.82352941176	-1345.58823529412
			4061.27450980392	-1343.13725490196
			4063.72549019608	-1343.13725490196
			4066.17647058824	-1343.13725490196
			4068.62745098039	-1340.6862745098
			4071.07843137255	-1340.6862745098
			4073.52941176471	-1340.6862745098
			4075.98039215686	-1340.6862745098
			4078.43137254902	-1338.23529411765
			4080.88235294118	-1338.23529411765
			4083.33333333333	-1338.23529411765
			4085.78431372549	-1335.78431372549
			4088.23529411765	-1335.78431372549
			4090.6862745098	-1335.78431372549
			4093.13725490196	-1335.78431372549
			4095.58823529412	-1333.33333333333
			4098.03921568627	-1333.33333333333
			4100.49019607843	-1333.33333333333
			4102.94117647059	-1333.33333333333
			4105.39215686275	-1330.88235294118
			4107.8431372549	-1330.88235294118
			4110.29411764706	-1330.88235294118
			4112.74509803922	-1330.88235294118
			4115.19607843137	-1328.43137254902
			4117.64705882353	-1328.43137254902
			4120.09803921569	-1328.43137254902
			4122.54901960784	-1328.43137254902
			4125	-1328.43137254902
			4127.45098039216	-1325.98039215686
			4129.90196078431	-1325.98039215686
			4132.35294117647	-1325.98039215686
			4134.80392156863	-1325.98039215686
			4137.25490196078	-1325.98039215686
			4139.70588235294	-1323.52941176471
			4142.1568627451	-1323.52941176471
			4144.60784313726	-1323.52941176471
			4147.05882352941	-1323.52941176471
			4149.50980392157	-1321.07843137255
			4151.96078431373	-1321.07843137255
			4154.41176470588	-1321.07843137255
			4156.86274509804	-1321.07843137255
			4159.3137254902	-1321.07843137255
			4161.76470588235	-1318.62745098039
			4164.21568627451	-1318.62745098039
			4166.66666666667	-1318.62745098039
			4169.11764705882	-1318.62745098039
			4171.56862745098	-1318.62745098039
			4174.01960784314	-1318.62745098039
			4176.47058823529	-1316.17647058824
			4178.92156862745	-1316.17647058824
			4181.37254901961	-1316.17647058824
			4183.82352941176	-1316.17647058824
			4186.27450980392	-1316.17647058824
			4188.72549019608	-1316.17647058824
			4191.17647058824	-1316.17647058824
			4191.17647058824	-1313.72549019608
			4193.62745098039	-1313.72549019608
			4196.07843137255	-1313.72549019608
			4198.52941176471	-1313.72549019608
			4200.98039215686	-1313.72549019608
			4203.43137254902	-1313.72549019608
			4205.88235294118	-1313.72549019608
			4208.33333333333	-1313.72549019608
			4210.78431372549	-1311.27450980392
			4213.23529411765	-1311.27450980392
			4215.6862745098	-1311.27450980392
			4218.13725490196	-1311.27450980392
			4220.58823529412	-1311.27450980392
			4223.03921568627	-1311.27450980392
			4225.49019607843	-1311.27450980392
			4227.94117647059	-1308.82352941176
			4230.39215686275	-1308.82352941176
			4232.8431372549	-1308.82352941176
			4235.29411764706	-1308.82352941176
			4237.74509803922	-1308.82352941176
			4240.19607843137	-1308.82352941176
			4242.64705882353	-1308.82352941176
			4245.09803921569	-1308.82352941176
			4247.54901960784	-1308.82352941176
			4250	-1308.82352941176
			4252.45098039216	-1308.82352941176
			4254.90196078431	-1306.37254901961
			4257.35294117647	-1306.37254901961
			4259.80392156863	-1306.37254901961
			4262.25490196078	-1306.37254901961
			4264.70588235294	-1306.37254901961
			4267.1568627451	-1306.37254901961
			4269.60784313726	-1306.37254901961
			4272.05882352941	-1306.37254901961
			4274.50980392157	-1306.37254901961
			4276.96078431373	-1306.37254901961
			4279.41176470588	-1306.37254901961
			4281.86274509804	-1306.37254901961
			4284.3137254902	-1306.37254901961
			4286.76470588235	-1306.37254901961
			4289.21568627451	-1306.37254901961
			4291.66666666667	-1303.92156862745
			4294.11764705882	-1303.92156862745
			4296.56862745098	-1303.92156862745
			4299.01960784314	-1303.92156862745
			4301.47058823529	-1303.92156862745
			4303.92156862745	-1303.92156862745
			4306.37254901961	-1303.92156862745
			4308.82352941176	-1303.92156862745
			4311.27450980392	-1303.92156862745
			4313.72549019608	-1303.92156862745
			4316.17647058824	-1303.92156862745
			4318.62745098039	-1303.92156862745
			4321.07843137255	-1303.92156862745
			4323.52941176471	-1303.92156862745
			4325.98039215686	-1303.92156862745
			4328.43137254902	-1303.92156862745
			4330.88235294118	-1303.92156862745
			4333.33333333333	-1303.92156862745
			4335.78431372549	-1303.92156862745
			4338.23529411765	-1303.92156862745
			4340.6862745098	-1303.92156862745
			4343.13725490196	-1303.92156862745
			4345.58823529412	-1303.92156862745
			4348.03921568627	-1303.92156862745
			4350.49019607843	-1303.92156862745
			4352.94117647059	-1303.92156862745
			4355.39215686275	-1303.92156862745
			4357.8431372549	-1303.92156862745
			4360.29411764706	-1303.92156862745
			4362.74509803922	-1303.92156862745
			4365.19607843137	-1303.92156862745
			4367.64705882353	-1303.92156862745
			4370.09803921569	-1303.92156862745
			4372.54901960784	-1303.92156862745
			4375	-1303.92156862745
			4377.45098039216	-1303.92156862745
			4379.90196078431	-1303.92156862745
			4382.35294117647	-1303.92156862745
			4384.80392156863	-1303.92156862745
			4387.25490196078	-1303.92156862745
			4389.70588235294	-1306.37254901961
			4392.1568627451	-1306.37254901961
			4394.60784313726	-1306.37254901961
			4397.05882352941	-1306.37254901961
			4399.50980392157	-1306.37254901961
			4401.96078431373	-1306.37254901961
			4404.41176470588	-1306.37254901961
			4406.86274509804	-1306.37254901961
			4409.3137254902	-1306.37254901961
			4411.76470588235	-1306.37254901961
			4414.21568627451	-1306.37254901961
			4416.66666666667	-1306.37254901961
			4419.11764705882	-1306.37254901961
			4421.56862745098	-1306.37254901961
			4424.01960784314	-1306.37254901961
			4426.47058823529	-1308.82352941176
			4428.92156862745	-1308.82352941176
			4431.37254901961	-1308.82352941176
			4433.82352941176	-1308.82352941176
			4436.27450980392	-1308.82352941176
			4438.72549019608	-1308.82352941176
			4441.17647058824	-1308.82352941176
			4443.62745098039	-1308.82352941176
			4446.07843137255	-1308.82352941176
			4448.52941176471	-1308.82352941176
			4450.98039215686	-1308.82352941176
			4453.43137254902	-1311.27450980392
			4455.88235294118	-1311.27450980392
			4458.33333333333	-1311.27450980392
			4460.78431372549	-1311.27450980392
			4463.23529411765	-1311.27450980392
			4465.6862745098	-1311.27450980392
			4468.13725490196	-1311.27450980392
			4470.58823529412	-1311.27450980392
			4473.03921568627	-1313.72549019608
			4475.49019607843	-1313.72549019608
			4477.94117647059	-1313.72549019608
			4480.39215686275	-1313.72549019608
			4482.8431372549	-1313.72549019608
			4485.29411764706	-1313.72549019608
			4487.74509803922	-1313.72549019608
			4490.19607843137	-1316.17647058824
			4492.64705882353	-1316.17647058824
			4495.09803921569	-1316.17647058824
			4497.54901960784	-1316.17647058824
			4500	-1316.17647058824
			4502.45098039216	-1316.17647058824
			4504.90196078431	-1316.17647058824
			4507.35294117647	-1318.62745098039
			4509.80392156863	-1318.62745098039
			4512.25490196078	-1318.62745098039
			4514.70588235294	-1318.62745098039
			4517.1568627451	-1318.62745098039
			4519.60784313726	-1318.62745098039
			4522.05882352941	-1321.07843137255
			4524.50980392157	-1321.07843137255
			4526.96078431373	-1321.07843137255
			4529.41176470588	-1321.07843137255
			4531.86274509804	-1321.07843137255
			4534.3137254902	-1321.07843137255
			4536.76470588235	-1323.52941176471
			4539.21568627451	-1323.52941176471
			4541.66666666667	-1323.52941176471
			4544.11764705882	-1323.52941176471
			4546.56862745098	-1323.52941176471
			4549.01960784314	-1325.98039215686
			4551.47058823529	-1325.98039215686
			4553.92156862745	-1325.98039215686
			4556.37254901961	-1325.98039215686
			4558.82352941176	-1325.98039215686
			4561.27450980392	-1328.43137254902
			4563.72549019608	-1328.43137254902
			4566.17647058824	-1328.43137254902
			4568.62745098039	-1328.43137254902
			4571.07843137255	-1328.43137254902
			4573.52941176471	-1330.88235294118
			4575.98039215686	-1330.88235294118
			4578.43137254902	-1330.88235294118
			4580.88235294118	-1330.88235294118
			4583.33333333333	-1333.33333333333
			4585.78431372549	-1333.33333333333
			4588.23529411765	-1333.33333333333
			4590.6862745098	-1333.33333333333
			4593.13725490196	-1333.33333333333
			4595.58823529412	-1335.78431372549
			4598.03921568627	-1335.78431372549
			4600.49019607843	-1335.78431372549
			4602.94117647059	-1335.78431372549
			4605.39215686275	-1338.23529411765
			4607.8431372549	-1338.23529411765
			4610.29411764706	-1338.23529411765
			4612.74509803922	-1338.23529411765
			4615.19607843137	-1340.6862745098
			4617.64705882353	-1340.6862745098
			4620.09803921569	-1340.6862745098
			4622.54901960784	-1340.6862745098
			4625	-1343.13725490196
			4627.45098039216	-1343.13725490196
			4629.90196078431	-1343.13725490196
			4632.35294117647	-1343.13725490196
			4634.80392156863	-1345.58823529412
			4637.25490196078	-1345.58823529412
			4639.70588235294	-1345.58823529412
			4642.1568627451	-1348.03921568627
			4644.60784313726	-1348.03921568627
			4647.05882352941	-1348.03921568627
			4649.50980392157	-1348.03921568627
			4651.96078431373	-1350.49019607843
			4654.41176470588	-1350.49019607843
			4656.86274509804	-1350.49019607843
			4659.3137254902	-1350.49019607843
			4661.76470588235	-1352.94117647059
			4664.21568627451	-1352.94117647059
			4666.66666666667	-1352.94117647059
			4669.11764705882	-1355.39215686275
			4671.56862745098	-1355.39215686275
			4674.01960784314	-1355.39215686275
			4676.47058823529	-1355.39215686275
			4678.92156862745	-1357.8431372549
			4681.37254901961	-1357.8431372549
			4683.82352941176	-1357.8431372549
			4686.27450980392	-1360.29411764706
			4688.72549019608	-1360.29411764706
			4691.17647058824	-1360.29411764706
			4693.62745098039	-1362.74509803922
			4696.07843137255	-1362.74509803922
			4698.52941176471	-1362.74509803922
			4700.98039215686	-1365.19607843137
			4703.43137254902	-1365.19607843137
			4705.88235294118	-1365.19607843137
			4708.33333333333	-1367.64705882353
			4710.78431372549	-1367.64705882353
			4713.23529411765	-1367.64705882353
			4715.6862745098	-1370.09803921569
			4718.13725490196	-1370.09803921569
			4720.58823529412	-1370.09803921569
			4723.03921568627	-1372.54901960784
			4725.49019607843	-1372.54901960784
			4727.94117647059	-1372.54901960784
			4730.39215686275	-1375
			4732.8431372549	-1375
			4735.29411764706	-1375
			4735.29411764706	-1377.45098039216
			4737.74509803922	-1377.45098039216
			4740.19607843137	-1377.45098039216
			4742.64705882353	-1377.45098039216
			4745.09803921569	-1379.90196078431
			4747.54901960784	-1379.90196078431
			4750	-1379.90196078431
			4752.45098039216	-1382.35294117647
			4754.90196078431	-1382.35294117647
			4757.35294117647	-1384.80392156863
			4759.80392156863	-1384.80392156863
			4762.25490196078	-1384.80392156863
			4764.70588235294	-1387.25490196078
			4767.1568627451	-1387.25490196078
			4769.60784313726	-1387.25490196078
			4772.05882352941	-1389.70588235294
			4774.50980392157	-1389.70588235294
			4776.96078431373	-1389.70588235294
			4779.41176470588	-1392.1568627451
			4781.86274509804	-1392.1568627451
			4784.3137254902	-1392.1568627451
			4786.76470588235	-1394.60784313726
			4789.21568627451	-1394.60784313726
			4791.66666666667	-1394.60784313726
			4794.11764705882	-1397.05882352941
			4796.56862745098	-1397.05882352941
			4799.01960784314	-1397.05882352941
			4801.47058823529	-1399.50980392157
			4803.92156862745	-1399.50980392157
			4806.37254901961	-1401.96078431373
			4808.82352941176	-1401.96078431373
			4811.27450980392	-1401.96078431373
			4813.72549019608	-1401.96078431373
			4816.17647058824	-1404.41176470588
			4818.62745098039	-1404.41176470588
			4821.07843137255	-1406.86274509804
			4823.52941176471	-1406.86274509804
			4825.98039215686	-1406.86274509804
			4828.43137254902	-1409.3137254902
			4830.88235294118	-1409.3137254902
			4833.33333333333	-1409.3137254902
			4835.78431372549	-1411.76470588235
			4838.23529411765	-1411.76470588235
			4840.6862745098	-1411.76470588235
			4843.13725490196	-1414.21568627451
			4845.58823529412	-1414.21568627451
			4848.03921568627	-1416.66666666667
			4850.49019607843	-1416.66666666667
			4852.94117647059	-1416.66666666667
			4855.39215686275	-1419.11764705882
			4857.8431372549	-1419.11764705882
			4860.29411764706	-1421.56862745098
			4862.74509803922	-1421.56862745098
			4865.19607843137	-1421.56862745098
			4867.64705882353	-1421.56862745098
			4867.64705882353	-1424.01960784314
			4870.09803921569	-1424.01960784314
			4872.54901960784	-1424.01960784314
			4875	-1426.47058823529
			4877.45098039216	-1426.47058823529
			4879.90196078431	-1428.92156862745
			4882.35294117647	-1428.92156862745
			4884.80392156863	-1428.92156862745
			4887.25490196078	-1431.37254901961
			4889.70588235294	-1431.37254901961
			4892.1568627451	-1431.37254901961
			4894.60784313726	-1433.82352941176
			4897.05882352941	-1433.82352941176
			4899.50980392157	-1433.82352941176
			4901.96078431373	-1436.27450980392
			4904.41176470588	-1436.27450980392
			4906.86274509804	-1438.72549019608
			4909.3137254902	-1438.72549019608
			4911.76470588235	-1438.72549019608
			4911.76470588235	-1441.17647058824
			4914.21568627451	-1441.17647058824
			4916.66666666667	-1441.17647058824
			4919.11764705882	-1443.62745098039
			4921.56862745098	-1443.62745098039
			4924.01960784314	-1443.62745098039
			4926.47058823529	-1446.07843137255
			4928.92156862745	-1446.07843137255
			4931.37254901961	-1448.52941176471
			4933.82352941176	-1448.52941176471
			4936.27450980392	-1448.52941176471
			4938.72549019608	-1450.98039215686
			4941.17647058824	-1450.98039215686
			4943.62745098039	-1450.98039215686
			4946.07843137255	-1453.43137254902
			4948.52941176471	-1453.43137254902
			4950.98039215686	-1455.88235294118
			4953.43137254902	-1455.88235294118
			4955.88235294118	-1458.33333333333
			4958.33333333333	-1458.33333333333
			4960.78431372549	-1458.33333333333
			4963.23529411765	-1460.78431372549
			4965.6862745098	-1460.78431372549
			4968.13725490196	-1460.78431372549
			4970.58823529412	-1463.23529411765
			4973.03921568627	-1463.23529411765
			4975.49019607843	-1465.6862745098
			4977.94117647059	-1465.6862745098
			4980.39215686275	-1468.13725490196
			4982.8431372549	-1468.13725490196
			4985.29411764706	-1468.13725490196
			4987.74509803922	-1470.58823529412
			4990.19607843137	-1470.58823529412
			4992.64705882353	-1473.03921568627
			4995.09803921569	-1473.03921568627
			4997.54901960784	-1475.49019607843
			5000	-1475.49019607843
			5002.45098039216	-1475.49019607843
			5004.90196078431	-1477.94117647059
			5007.35294117647	-1477.94117647059
			5009.80392156863	-1480.39215686275
			5012.25490196078	-1480.39215686275
			5014.70588235294	-1482.8431372549
			5017.1568627451	-1482.8431372549
			5019.60784313726	-1482.8431372549
			5022.05882352941	-1485.29411764706
			5024.50980392157	-1485.29411764706
			5026.96078431373	-1485.29411764706
			5026.96078431373	-1487.74509803922
			5029.41176470588	-1487.74509803922
			5031.86274509804	-1490.19607843137
			5034.3137254902	-1490.19607843137
			5036.76470588235	-1490.19607843137
			5039.21568627451	-1492.64705882353
			5041.66666666667	-1492.64705882353
			5044.11764705882	-1495.09803921569
			5046.56862745098	-1495.09803921569
			5049.01960784314	-1497.54901960784
			5051.47058823529	-1497.54901960784
			5053.92156862745	-1500
			5056.37254901961	-1500
			5058.82352941176	-1502.45098039216
			5061.27450980392	-1502.45098039216
			5063.72549019608	-1504.90196078431
			5066.17647058824	-1504.90196078431
			5068.62745098039	-1504.90196078431
			5071.07843137255	-1507.35294117647
			5073.52941176471	-1507.35294117647
			5075.98039215686	-1509.80392156863
			5078.43137254902	-1509.80392156863
			5080.88235294118	-1512.25490196078
			5083.33333333333	-1512.25490196078
			5085.78431372549	-1514.70588235294
			5088.23529411765	-1514.70588235294
			5090.6862745098	-1517.1568627451
			5093.13725490196	-1517.1568627451
			5095.58823529412	-1517.1568627451
			5098.03921568627	-1519.60784313726
			5100.49019607843	-1519.60784313726
			5102.94117647059	-1522.05882352941
			5105.39215686275	-1522.05882352941
			5107.8431372549	-1524.50980392157
			5110.29411764706	-1524.50980392157
			5112.74509803922	-1526.96078431373
			5115.19607843137	-1526.96078431373
			5117.64705882353	-1529.41176470588
			5120.09803921569	-1529.41176470588
			5122.54901960784	-1529.41176470588
			5122.54901960784	-1531.86274509804
			5125	-1531.86274509804
			5127.45098039216	-1534.3137254902
			5129.90196078431	-1534.3137254902
			5132.35294117647	-1536.76470588235
			5134.80392156863	-1536.76470588235
			5137.25490196078	-1539.21568627451
			5139.70588235294	-1539.21568627451
			5142.1568627451	-1541.66666666667
			5144.60784313726	-1541.66666666667
			5147.05882352941	-1544.11764705882
			5149.50980392157	-1544.11764705882
			5151.96078431373	-1546.56862745098
			5154.41176470588	-1549.01960784314
			5156.86274509804	-1549.01960784314
			5159.3137254902	-1549.01960784314
			5161.76470588235	-1551.47058823529
			5164.21568627451	-1551.47058823529
			5166.66666666667	-1553.92156862745
			5169.11764705882	-1556.37254901961
			5171.56862745098	-1556.37254901961
			5174.01960784314	-1556.37254901961
			5176.47058823529	-1558.82352941176
			5178.92156862745	-1561.27450980392
			5181.37254901961	-1561.27450980392
			5183.82352941176	-1563.72549019608
			5186.27450980392	-1563.72549019608
			5188.72549019608	-1566.17647058824
			5191.17647058824	-1566.17647058824
			5193.62745098039	-1568.62745098039
			5196.07843137255	-1571.07843137255
			5198.52941176471	-1571.07843137255
			5200.98039215686	-1573.52941176471
			5203.43137254902	-1573.52941176471
			5205.88235294118	-1575.98039215686
			5208.33333333333	-1575.98039215686
			5210.78431372549	-1578.43137254902
			5213.23529411765	-1580.88235294118
			5215.6862745098	-1580.88235294118
			5218.13725490196	-1583.33333333333
			5220.58823529412	-1583.33333333333
			5223.03921568627	-1585.78431372549
			5225.49019607843	-1585.78431372549
			5227.94117647059	-1588.23529411765
			5230.39215686275	-1590.6862745098
			5232.8431372549	-1593.13725490196
			5235.29411764706	-1593.13725490196
			5237.74509803922	-1595.58823529412
			5240.19607843137	-1595.58823529412
			5240.19607843137	-1598.03921568627
			5242.64705882353	-1598.03921568627
			5245.09803921569	-1598.03921568627
			5245.09803921569	-1600.49019607843
			5247.54901960784	-1600.49019607843
			5250	-1600.49019607843
			5250	-1602.94117647059
			5252.45098039216	-1602.94117647059
			5252.45098039216	-1605.39215686275
			5254.90196078431	-1605.39215686275
			5257.35294117647	-1605.39215686275
			5257.35294117647	-1607.8431372549
			5259.80392156863	-1607.8431372549
			5259.80392156863	-1610.29411764706
			5262.25490196078	-1610.29411764706
			5264.70588235294	-1610.29411764706
			5264.70588235294	-1612.74509803922
			5267.1568627451	-1612.74509803922
			5267.1568627451	-1615.19607843137
			5269.60784313726	-1615.19607843137
			5272.05882352941	-1617.64705882353
			5274.50980392157	-1620.09803921569
			5276.96078431373	-1620.09803921569
			5279.41176470588	-1622.54901960784
			5281.86274509804	-1625
			5284.3137254902	-1625
			5286.76470588235	-1627.45098039216
			5289.21568627451	-1629.90196078431
			5291.66666666667	-1632.35294117647
			5294.11764705882	-1632.35294117647
			5296.56862745098	-1634.80392156863
			5299.01960784314	-1634.80392156863
			5299.01960784314	-1637.25490196078
			5301.47058823529	-1639.70588235294
			5303.92156862745	-1639.70588235294
			5303.92156862745	-1642.1568627451
			5306.37254901961	-1642.1568627451
			5308.82352941176	-1644.60784313726
			5311.27450980392	-1644.60784313726
			5311.27450980392	-1647.05882352941
			5313.72549019608	-1649.50980392157
			5316.17647058824	-1649.50980392157
			5316.17647058824	-1651.96078431373
			5318.62745098039	-1651.96078431373
			5321.07843137255	-1654.41176470588
			5323.52941176471	-1656.86274509804
			5325.98039215686	-1659.3137254902
			5328.43137254902	-1661.76470588235
			5330.88235294118	-1664.21568627451
			5333.33333333333	-1664.21568627451
			5335.78431372549	-1666.66666666667
			5335.78431372549	-1669.11764705882
			5338.23529411765	-1669.11764705882
			5340.6862745098	-1671.56862745098
			5340.6862745098	-1674.01960784314
			5343.13725490196	-1674.01960784314
			5345.58823529412	-1676.47058823529
			5345.58823529412	-1678.92156862745
			5348.03921568627	-1678.92156862745
			5350.49019607843	-1681.37254901961
			5350.49019607843	-1683.82352941176
			5352.94117647059	-1683.82352941176
			5355.39215686275	-1686.27450980392
			5355.39215686275	-1688.72549019608
			5357.8431372549	-1688.72549019608
			5357.8431372549	-1691.17647058824
			5360.29411764706	-1693.62745098039
			5362.74509803922	-1693.62745098039
			5362.74509803922	-1696.07843137255
			5365.19607843137	-1698.52941176471
			5367.64705882353	-1700.98039215686
			5370.09803921569	-1703.43137254902
			5370.09803921569	-1705.88235294118
			5372.54901960784	-1708.33333333333
			5375	-1710.78431372549
			5375	-1713.23529411765
			5377.45098039216	-1713.23529411765
			5377.45098039216	-1715.6862745098
			5379.90196078431	-1718.13725490196
		</C1>
		<C2 type=matrix rownames=FALSE colnames=FALSE nrow=211 ncol=2 as.numeric=TRUE >
			4620.09803921569	-2779.41176470588
			4622.54901960784	-2781.86274509804
			4622.54901960784	-2784.3137254902
			4625	-2786.76470588235
			4625	-2789.21568627451
			4627.45098039216	-2791.66666666667
			4627.45098039216	-2794.11764705882
			4629.90196078431	-2796.56862745098
			4629.90196078431	-2799.01960784314
			4629.90196078431	-2801.47058823529
			4632.35294117647	-2803.92156862745
			4632.35294117647	-2806.37254901961
			4634.80392156863	-2808.82352941176
			4634.80392156863	-2811.27450980392
			4634.80392156863	-2813.72549019608
			4637.25490196078	-2816.17647058824
			4637.25490196078	-2818.62745098039
			4637.25490196078	-2821.07843137255
			4639.70588235294	-2823.52941176471
			4639.70588235294	-2825.98039215686
			4639.70588235294	-2828.43137254902
			4642.1568627451	-2830.88235294118
			4642.1568627451	-2833.33333333333
			4642.1568627451	-2835.78431372549
			4642.1568627451	-2838.23529411765
			4642.1568627451	-2840.6862745098
			4644.60784313726	-2843.13725490196
			4644.60784313726	-2845.58823529412
			4644.60784313726	-2848.03921568627
			4644.60784313726	-2850.49019607843
			4644.60784313726	-2852.94117647059
			4644.60784313726	-2855.39215686275
			4644.60784313726	-2857.8431372549
			4644.60784313726	-2860.29411764706
			4644.60784313726	-2862.74509803922
			4644.60784313726	-2865.19607843137
			4644.60784313726	-2867.64705882353
			4644.60784313726	-2870.09803921569
			4644.60784313726	-2872.54901960784
			4644.60784313726	-2875
			4644.60784313726	-2877.45098039216
			4644.60784313726	-2879.90196078431
			4642.1568627451	-2882.35294117647
			4642.1568627451	-2884.80392156863
			4642.1568627451	-2887.25490196078
			4639.70588235294	-2889.70588235294
			4639.70588235294	-2892.1568627451
			4639.70588235294	-2894.60784313726
			4637.25490196078	-2897.05882352941
			4637.25490196078	-2899.50980392157
			4634.80392156863	-2899.50980392157
			4634.80392156863	-2901.96078431373
			4632.35294117647	-2904.41176470588
			4629.90196078431	-2906.86274509804
			4629.90196078431	-2909.3137254902
			4627.45098039216	-2909.3137254902
			4625	-2911.76470588235
			4625	-2914.21568627451
			4622.54901960784	-2914.21568627451
			4620.09803921569	-2916.66666666667
			4617.64705882353	-2919.11764705882
			4615.19607843137	-2919.11764705882
			4612.74509803922	-2921.56862745098
			4610.29411764706	-2921.56862745098
			4607.8431372549	-2924.01960784314
			4605.39215686275	-2924.01960784314
			4602.94117647059	-2926.47058823529
			4600.49019607843	-2926.47058823529
			4598.03921568627	-2928.92156862745
			4595.58823529412	-2928.92156862745
			4593.13725490196	-2928.92156862745
			4590.6862745098	-2931.37254901961
			4588.23529411765	-2931.37254901961
			4585.78431372549	-2931.37254901961
			4583.33333333333	-2933.82352941176
			4580.88235294118	-2933.82352941176
			4578.43137254902	-2933.82352941176
			4575.98039215686	-2933.82352941176
			4573.52941176471	-2936.27450980392
			4571.07843137255	-2936.27450980392
			4568.62745098039	-2936.27450980392
			4566.17647058824	-2936.27450980392
			4563.72549019608	-2936.27450980392
			4561.27450980392	-2936.27450980392
			4558.82352941176	-2936.27450980392
			4556.37254901961	-2938.72549019608
			4553.92156862745	-2938.72549019608
			4551.47058823529	-2938.72549019608
			4549.01960784314	-2938.72549019608
			4546.56862745098	-2938.72549019608
			4544.11764705882	-2938.72549019608
			4541.66666666667	-2938.72549019608
			4539.21568627451	-2938.72549019608
			4536.76470588235	-2936.27450980392
			4534.3137254902	-2936.27450980392
			4531.86274509804	-2936.27450980392
			4529.41176470588	-2936.27450980392
			4526.96078431373	-2936.27450980392
			4524.50980392157	-2933.82352941176
			4522.05882352941	-2933.82352941176
			4519.60784313726	-2933.82352941176
			4517.1568627451	-2931.37254901961
			4514.70588235294	-2931.37254901961
			4512.25490196078	-2931.37254901961
			4509.80392156863	-2931.37254901961
			4507.35294117647	-2928.92156862745
			4504.90196078431	-2928.92156862745
			4502.45098039216	-2928.92156862745
			4500	-2926.47058823529
			4497.54901960784	-2926.47058823529
			4495.09803921569	-2924.01960784314
			4492.64705882353	-2924.01960784314
			4490.19607843137	-2924.01960784314
			4487.74509803922	-2921.56862745098
			4485.29411764706	-2921.56862745098
			4485.29411764706	-2919.11764705882
			4482.8431372549	-2919.11764705882
			4480.39215686275	-2919.11764705882
			4480.39215686275	-2916.66666666667
			4477.94117647059	-2916.66666666667
			4475.49019607843	-2914.21568627451
			4473.03921568627	-2914.21568627451
			4470.58823529412	-2911.76470588235
			4468.13725490196	-2909.3137254902
			4465.6862745098	-2906.86274509804
			4463.23529411765	-2904.41176470588
			4460.78431372549	-2904.41176470588
			4458.33333333333	-2901.96078431373
			4458.33333333333	-2899.50980392157
			4455.88235294118	-2899.50980392157
			4453.43137254902	-2897.05882352941
			4450.98039215686	-2894.60784313726
			4448.52941176471	-2892.1568627451
			4448.52941176471	-2889.70588235294
			4446.07843137255	-2887.25490196078
			4446.07843137255	-2884.80392156863
			4443.62745098039	-2884.80392156863
			4443.62745098039	-2882.35294117647
			4441.17647058824	-2879.90196078431
			4441.17647058824	-2877.45098039216
			4438.72549019608	-2875
			4438.72549019608	-2872.54901960784
			4436.27450980392	-2870.09803921569
			4436.27450980392	-2867.64705882353
			4433.82352941176	-2865.19607843137
			4433.82352941176	-2862.74509803922
			4433.82352941176	-2860.29411764706
			4433.82352941176	-2857.8431372549
			4431.37254901961	-2855.39215686275
			4431.37254901961	-2852.94117647059
			4431.37254901961	-2850.49019607843
			4431.37254901961	-2848.03921568627
			4431.37254901961	-2845.58823529412
			4428.92156862745	-2843.13725490196
			4428.92156862745	-2840.6862745098
			4428.92156862745	-2838.23529411765
			4428.92156862745	-2835.78431372549
			4428.92156862745	-2833.33333333333
			4428.92156862745	-2830.88235294118
			4428.92156862745	-2828.43137254902
			4428.92156862745	-2825.98039215686
			4428.92156862745	-2823.52941176471
			4428.92156862745	-2821.07843137255
			4428.92156862745	-2818.62745098039
			4428.92156862745	-2816.17647058824
			4428.92156862745	-2813.72549019608
			4428.92156862745	-2811.27450980392
			4428.92156862745	-2808.82352941176
			4428.92156862745	-2806.37254901961
			4431.37254901961	-2803.92156862745
			4431.37254901961	-2801.47058823529
			4431.37254901961	-2799.01960784314
			4431.37254901961	-2796.56862745098
			4431.37254901961	-2794.11764705882
			4431.37254901961	-2791.66666666667
			4433.82352941176	-2789.21568627451
			4433.82352941176	-2786.76470588235
			4433.82352941176	-2784.3137254902
			4433.82352941176	-2781.86274509804
			4433.82352941176	-2779.41176470588
			4436.27450980392	-2776.96078431373
			4436.27450980392	-2774.50980392157
			4436.27450980392	-2772.05882352941
			4436.27450980392	-2769.60784313726
			4438.72549019608	-2769.60784313726
			4438.72549019608	-2767.1568627451
			4438.72549019608	-2764.70588235294
			4438.72549019608	-2762.25490196078
			4438.72549019608	-2759.80392156863
			4441.17647058824	-2757.35294117647
			4441.17647058824	-2754.90196078431
			4443.62745098039	-2752.45098039216
			4443.62745098039	-2750
			4443.62745098039	-2747.54901960784
			4446.07843137255	-2745.09803921569
			4446.07843137255	-2742.64705882353
			4446.07843137255	-2740.19607843137
			4448.52941176471	-2737.74509803922
			4448.52941176471	-2735.29411764706
			4448.52941176471	-2732.8431372549
			4450.98039215686	-2730.39215686275
			4450.98039215686	-2727.94117647059
			4453.43137254902	-2725.49019607843
			4453.43137254902	-2723.03921568627
			4453.43137254902	-2720.58823529412
			4455.88235294118	-2718.13725490196
			4455.88235294118	-2715.6862745098
			4458.33333333333	-2713.23529411765
			4458.33333333333	-2710.78431372549
			4460.78431372549	-2708.33333333333
			4460.78431372549	-2705.88235294118
		</C2>
	</curves.scaled>
	<ruler.points type=matrix rownames=TRUE colnames=FALSE nrow=2 ncol=2 as.numeric=TRUE >
		Ruler point 1	3	1877
		Ruler point 2	105	1877
	</ruler.points>
</shapes>

