<shapes type=list>
	<ruler.pixel type=vector names=FALSE length=1 as.numeric=TRUE >102</ruler.pixel>
	<ruler.interval type=vector names=FALSE length=1 as.numeric=TRUE >250</ruler.interval>
	<scaling.units type=vector names=FALSE length=1 as.numeric=FALSE >nm</scaling.units>
	<scaling type=vector names=FALSE length=1 as.numeric=TRUE >2.45098039215686</scaling>
	<landmarks.pixel type=matrix rownames=TRUE colnames=FALSE nrow=10 ncol=2 as.numeric=TRUE >
		1-Pore1R	1136	479
		2-Pore1L	1034	479
		3-Pore2T	305	741
		4-Pore2B	331	843
		5-Pore3T	567	1133
		6-Pore3B	667	1207
		7-Pore4L	1488	1233
		8-Pore4R	1624	1171
		9-Anchor	1852	1146
		10-Tip	1721	582
	</landmarks.pixel>
	<landmarks.scaled type=matrix rownames=TRUE colnames=FALSE nrow=10 ncol=2 as.numeric=TRUE >
		1-Pore1R	2784.3137254902	-1174.01960784314
		2-Pore1L	2534.3137254902	-1174.01960784314
		3-Pore2T	747.549019607843	-1816.17647058824
		4-Pore2B	811.274509803922	-2066.17647058824
		5-Pore3T	1389.70588235294	-2776.96078431373
		6-Pore3B	1634.80392156863	-2958.33333333333
		7-Pore4L	3647.05882352941	-3022.05882352941
		8-Pore4R	3980.39215686275	-2870.09803921569
		9-Anchor	4539.21568627451	-2808.82352941176
		10-Tip	4218.13725490196	-1426.47058823529
	</landmarks.scaled>
	<curves.control type=list>
		<C1 type=matrix rownames=FALSE colnames=FALSE nrow=7 ncol=2 as.numeric=TRUE >
			1852	1146
			1814	1044
			1776	960
			1756	759
			1671	710
			1612	640
			1721	582
		</C1>
	</curves.control>
	<curves.pixel type=list>
		<C1 type=matrix rownames=FALSE colnames=FALSE nrow=611 ncol=2 as.numeric=TRUE >
			1852	1146
			1852	1145
			1851	1144
			1851	1143
			1851	1142
			1850	1141
			1850	1140
			1850	1139
			1849	1138
			1848	1137
			1848	1136
			1848	1135
			1847	1134
			1847	1133
			1847	1132
			1846	1131
			1846	1130
			1846	1129
			1845	1128
			1845	1127
			1844	1126
			1844	1125
			1844	1124
			1843	1123
			1843	1122
			1843	1121
			1842	1120
			1842	1119
			1842	1118
			1841	1117
			1841	1116
			1840	1115
			1840	1114
			1840	1113
			1839	1112
			1839	1111
			1838	1110
			1838	1109
			1838	1108
			1837	1107
			1837	1106
			1837	1105
			1836	1105
			1836	1104
			1836	1103
			1835	1102
			1835	1101
			1834	1100
			1834	1099
			1834	1098
			1833	1097
			1833	1096
			1832	1095
			1832	1094
			1832	1093
			1831	1092
			1831	1091
			1831	1090
			1830	1089
			1830	1088
			1829	1087
			1829	1086
			1829	1085
			1828	1084
			1828	1083
			1828	1082
			1827	1081
			1827	1080
			1826	1079
			1826	1078
			1826	1077
			1825	1077
			1825	1076
			1825	1075
			1824	1074
			1824	1073
			1823	1072
			1823	1071
			1823	1070
			1822	1069
			1822	1068
			1821	1067
			1821	1066
			1821	1065
			1820	1064
			1820	1063
			1820	1062
			1819	1061
			1819	1060
			1818	1059
			1818	1058
			1817	1057
			1817	1056
			1817	1055
			1816	1054
			1816	1053
			1815	1052
			1815	1051
			1815	1050
			1814	1050
			1814	1049
			1814	1048
			1813	1047
			1813	1046
			1812	1045
			1812	1044
			1812	1043
			1811	1042
			1811	1041
			1811	1040
			1810	1039
			1810	1038
			1809	1037
			1809	1036
			1809	1035
			1808	1034
			1808	1033
			1807	1032
			1807	1031
			1807	1030
			1806	1030
			1806	1029
			1805	1028
			1805	1027
			1805	1026
			1804	1025
			1804	1024
			1803	1023
			1803	1022
			1803	1021
			1802	1020
			1802	1019
			1801	1018
			1801	1017
			1801	1016
			1800	1016
			1800	1015
			1799	1014
			1799	1013
			1799	1012
			1798	1011
			1798	1010
			1798	1009
			1797	1008
			1797	1007
			1796	1006
			1796	1005
			1796	1004
			1795	1004
			1795	1003
			1794	1002
			1794	1001
			1794	1000
			1793	999
			1793	998
			1792	997
			1792	996
			1792	995
			1791	994
			1790	993
			1790	992
			1790	991
			1789	990
			1789	989
			1788	988
			1788	987
			1788	986
			1787	985
			1787	984
			1786	983
			1786	982
			1785	981
			1785	980
			1785	979
			1784	978
			1784	977
			1783	976
			1783	975
			1782	974
			1782	973
			1781	972
			1781	971
			1780	970
			1780	969
			1780	968
			1779	967
			1779	966
			1778	965
			1778	964
			1777	963
			1777	962
			1776	961
			1776	960
			1776	959
			1776	958
			1776	957
			1776	956
			1776	955
			1775	954
			1775	953
			1775	952
			1775	951
			1775	950
			1775	949
			1775	948
			1775	947
			1775	946
			1774	945
			1774	944
			1774	943
			1774	942
			1774	941
			1774	940
			1774	939
			1774	938
			1773	937
			1773	936
			1773	935
			1773	934
			1773	933
			1773	932
			1773	931
			1773	930
			1772	929
			1772	928
			1772	927
			1772	926
			1772	925
			1772	924
			1772	923
			1772	922
			1771	922
			1771	921
			1771	920
			1771	919
			1771	918
			1771	917
			1771	916
			1770	915
			1770	914
			1770	913
			1770	912
			1770	911
			1770	910
			1769	909
			1769	908
			1769	907
			1769	906
			1769	905
			1769	904
			1768	903
			1768	902
			1768	901
			1768	900
			1768	899
			1768	898
			1768	897
			1767	896
			1767	895
			1767	894
			1767	893
			1767	892
			1766	891
			1766	890
			1766	889
			1766	888
			1766	887
			1765	886
			1765	885
			1765	884
			1765	883
			1765	882
			1764	881
			1764	880
			1764	879
			1764	878
			1764	877
			1763	876
			1763	875
			1763	874
			1763	873
			1763	872
			1762	871
			1762	870
			1762	869
			1762	868
			1762	867
			1761	867
			1761	866
			1761	865
			1761	864
			1761	863
			1760	862
			1760	861
			1760	860
			1760	859
			1759	858
			1759	857
			1759	856
			1759	855
			1758	854
			1758	853
			1758	852
			1758	851
			1757	850
			1757	849
			1757	848
			1757	847
			1756	847
			1756	846
			1756	845
			1756	844
			1755	843
			1755	842
			1755	841
			1755	840
			1754	839
			1754	838
			1754	837
			1754	836
			1753	835
			1753	834
			1753	833
			1752	832
			1752	831
			1752	830
			1751	829
			1751	828
			1751	827
			1750	826
			1750	825
			1750	824
			1749	823
			1749	822
			1749	821
			1748	820
			1748	819
			1748	818
			1747	817
			1747	816
			1747	815
			1746	814
			1746	813
			1745	812
			1745	811
			1745	810
			1744	809
			1744	808
			1744	807
			1743	806
			1743	805
			1742	804
			1742	803
			1742	802
			1741	801
			1741	800
			1741	799
			1740	798
			1740	797
			1740	796
			1739	796
			1739	795
			1738	794
			1738	793
			1738	792
			1737	791
			1737	790
			1736	789
			1736	788
			1735	787
			1735	786
			1734	785
			1734	784
			1733	783
			1733	782
			1732	781
			1732	780
			1731	779
			1731	778
			1730	777
			1730	776
			1729	775
			1729	774
			1728	773
			1728	772
			1727	771
			1727	770
			1726	769
			1726	768
			1725	767
			1724	766
			1724	765
			1723	764
			1723	763
			1722	762
			1721	761
			1721	760
			1720	759
			1719	758
			1719	757
			1718	756
			1717	755
			1716	754
			1716	753
			1715	752
			1715	751
			1714	750
			1714	749
			1713	749
			1712	748
			1712	747
			1711	746
			1711	745
			1710	745
			1709	744
			1709	743
			1708	742
			1707	742
			1707	741
			1706	740
			1706	739
			1705	739
			1704	738
			1704	737
			1703	736
			1702	736
			1702	735
			1701	734
			1700	734
			1700	733
			1699	732
			1698	732
			1698	731
			1697	730
			1696	729
			1695	728
			1694	727
			1693	727
			1693	726
			1692	725
			1691	724
			1690	724
			1689	723
			1688	722
			1687	721
			1686	720
			1685	719
			1684	718
			1683	718
			1682	717
			1681	716
			1680	715
			1679	715
			1678	714
			1677	714
			1676	713
			1675	712
			1674	712
			1673	711
			1672	711
			1671	710
			1670	709
			1669	708
			1668	707
			1668	706
			1667	705
			1666	704
			1665	703
			1665	702
			1664	701
			1663	700
			1663	699
			1662	698
			1662	697
			1661	696
			1660	695
			1659	694
			1659	693
			1659	692
			1658	692
			1658	691
			1658	690
			1657	690
			1657	689
			1657	688
			1656	688
			1656	687
			1656	686
			1655	686
			1655	685
			1655	684
			1654	683
			1654	682
			1653	681
			1653	680
			1653	679
			1653	678
			1652	677
			1652	676
			1652	675
			1652	674
			1651	673
			1651	672
			1651	671
			1651	670
			1651	669
			1651	668
			1650	667
			1650	666
			1650	665
			1650	664
			1650	663
			1650	662
			1650	661
			1650	660
			1650	659
			1650	658
			1651	657
			1651	656
			1651	655
			1651	654
			1651	653
			1651	652
			1651	651
			1652	650
			1652	649
			1652	648
			1653	647
			1653	646
			1653	645
			1654	644
			1654	643
			1654	642
			1655	641
			1655	640
			1656	639
			1656	638
			1657	637
			1657	636
			1658	635
			1658	634
			1659	633
			1659	632
			1660	631
			1661	630
			1661	629
			1662	629
			1663	628
			1663	627
			1664	626
			1665	625
			1665	624
			1666	623
			1667	622
			1668	621
			1669	620
			1669	619
			1670	618
			1671	617
			1672	617
			1673	616
			1674	615
			1675	614
			1676	613
			1677	612
			1678	611
			1679	610
			1680	609
			1681	608
			1682	608
			1683	607
			1684	606
			1685	605
			1686	604
			1687	603
			1688	603
			1689	602
			1690	601
			1691	600
			1692	600
			1693	599
			1694	598
			1695	598
			1696	597
			1697	597
			1698	596
			1698	595
			1699	595
			1700	594
			1701	593
			1702	593
			1703	592
			1704	591
			1705	591
			1706	590
			1707	590
			1708	589
			1709	589
			1710	588
			1711	588
			1712	587
			1713	587
			1713	586
			1714	586
			1715	585
			1716	585
			1717	584
			1718	583
			1719	583
			1720	582
			1721	582
		</C1>
	</curves.pixel>
	<curves.scaled type=list>
		<C1 type=matrix rownames=FALSE colnames=FALSE nrow=611 ncol=2 as.numeric=TRUE >
			4539.21568627451	-2808.82352941176
			4539.21568627451	-2806.37254901961
			4536.76470588235	-2803.92156862745
			4536.76470588235	-2801.47058823529
			4536.76470588235	-2799.01960784314
			4534.3137254902	-2796.56862745098
			4534.3137254902	-2794.11764705882
			4534.3137254902	-2791.66666666667
			4531.86274509804	-2789.21568627451
			4529.41176470588	-2786.76470588235
			4529.41176470588	-2784.3137254902
			4529.41176470588	-2781.86274509804
			4526.96078431373	-2779.41176470588
			4526.96078431373	-2776.96078431373
			4526.96078431373	-2774.50980392157
			4524.50980392157	-2772.05882352941
			4524.50980392157	-2769.60784313726
			4524.50980392157	-2767.1568627451
			4522.05882352941	-2764.70588235294
			4522.05882352941	-2762.25490196078
			4519.60784313726	-2759.80392156863
			4519.60784313726	-2757.35294117647
			4519.60784313726	-2754.90196078431
			4517.1568627451	-2752.45098039216
			4517.1568627451	-2750
			4517.1568627451	-2747.54901960784
			4514.70588235294	-2745.09803921569
			4514.70588235294	-2742.64705882353
			4514.70588235294	-2740.19607843137
			4512.25490196078	-2737.74509803922
			4512.25490196078	-2735.29411764706
			4509.80392156863	-2732.8431372549
			4509.80392156863	-2730.39215686275
			4509.80392156863	-2727.94117647059
			4507.35294117647	-2725.49019607843
			4507.35294117647	-2723.03921568627
			4504.90196078431	-2720.58823529412
			4504.90196078431	-2718.13725490196
			4504.90196078431	-2715.6862745098
			4502.45098039216	-2713.23529411765
			4502.45098039216	-2710.78431372549
			4502.45098039216	-2708.33333333333
			4500	-2708.33333333333
			4500	-2705.88235294118
			4500	-2703.43137254902
			4497.54901960784	-2700.98039215686
			4497.54901960784	-2698.52941176471
			4495.09803921569	-2696.07843137255
			4495.09803921569	-2693.62745098039
			4495.09803921569	-2691.17647058824
			4492.64705882353	-2688.72549019608
			4492.64705882353	-2686.27450980392
			4490.19607843137	-2683.82352941176
			4490.19607843137	-2681.37254901961
			4490.19607843137	-2678.92156862745
			4487.74509803922	-2676.47058823529
			4487.74509803922	-2674.01960784314
			4487.74509803922	-2671.56862745098
			4485.29411764706	-2669.11764705882
			4485.29411764706	-2666.66666666667
			4482.8431372549	-2664.21568627451
			4482.8431372549	-2661.76470588235
			4482.8431372549	-2659.3137254902
			4480.39215686275	-2656.86274509804
			4480.39215686275	-2654.41176470588
			4480.39215686275	-2651.96078431373
			4477.94117647059	-2649.50980392157
			4477.94117647059	-2647.05882352941
			4475.49019607843	-2644.60784313726
			4475.49019607843	-2642.1568627451
			4475.49019607843	-2639.70588235294
			4473.03921568627	-2639.70588235294
			4473.03921568627	-2637.25490196078
			4473.03921568627	-2634.80392156863
			4470.58823529412	-2632.35294117647
			4470.58823529412	-2629.90196078431
			4468.13725490196	-2627.45098039216
			4468.13725490196	-2625
			4468.13725490196	-2622.54901960784
			4465.6862745098	-2620.09803921569
			4465.6862745098	-2617.64705882353
			4463.23529411765	-2615.19607843137
			4463.23529411765	-2612.74509803922
			4463.23529411765	-2610.29411764706
			4460.78431372549	-2607.8431372549
			4460.78431372549	-2605.39215686275
			4460.78431372549	-2602.94117647059
			4458.33333333333	-2600.49019607843
			4458.33333333333	-2598.03921568627
			4455.88235294118	-2595.58823529412
			4455.88235294118	-2593.13725490196
			4453.43137254902	-2590.6862745098
			4453.43137254902	-2588.23529411765
			4453.43137254902	-2585.78431372549
			4450.98039215686	-2583.33333333333
			4450.98039215686	-2580.88235294118
			4448.52941176471	-2578.43137254902
			4448.52941176471	-2575.98039215686
			4448.52941176471	-2573.52941176471
			4446.07843137255	-2573.52941176471
			4446.07843137255	-2571.07843137255
			4446.07843137255	-2568.62745098039
			4443.62745098039	-2566.17647058824
			4443.62745098039	-2563.72549019608
			4441.17647058824	-2561.27450980392
			4441.17647058824	-2558.82352941176
			4441.17647058824	-2556.37254901961
			4438.72549019608	-2553.92156862745
			4438.72549019608	-2551.47058823529
			4438.72549019608	-2549.01960784314
			4436.27450980392	-2546.56862745098
			4436.27450980392	-2544.11764705882
			4433.82352941176	-2541.66666666667
			4433.82352941176	-2539.21568627451
			4433.82352941176	-2536.76470588235
			4431.37254901961	-2534.3137254902
			4431.37254901961	-2531.86274509804
			4428.92156862745	-2529.41176470588
			4428.92156862745	-2526.96078431373
			4428.92156862745	-2524.50980392157
			4426.47058823529	-2524.50980392157
			4426.47058823529	-2522.05882352941
			4424.01960784314	-2519.60784313726
			4424.01960784314	-2517.1568627451
			4424.01960784314	-2514.70588235294
			4421.56862745098	-2512.25490196078
			4421.56862745098	-2509.80392156863
			4419.11764705882	-2507.35294117647
			4419.11764705882	-2504.90196078431
			4419.11764705882	-2502.45098039216
			4416.66666666667	-2500
			4416.66666666667	-2497.54901960784
			4414.21568627451	-2495.09803921569
			4414.21568627451	-2492.64705882353
			4414.21568627451	-2490.19607843137
			4411.76470588235	-2490.19607843137
			4411.76470588235	-2487.74509803922
			4409.3137254902	-2485.29411764706
			4409.3137254902	-2482.8431372549
			4409.3137254902	-2480.39215686275
			4406.86274509804	-2477.94117647059
			4406.86274509804	-2475.49019607843
			4406.86274509804	-2473.03921568627
			4404.41176470588	-2470.58823529412
			4404.41176470588	-2468.13725490196
			4401.96078431373	-2465.6862745098
			4401.96078431373	-2463.23529411765
			4401.96078431373	-2460.78431372549
			4399.50980392157	-2460.78431372549
			4399.50980392157	-2458.33333333333
			4397.05882352941	-2455.88235294118
			4397.05882352941	-2453.43137254902
			4397.05882352941	-2450.98039215686
			4394.60784313726	-2448.52941176471
			4394.60784313726	-2446.07843137255
			4392.1568627451	-2443.62745098039
			4392.1568627451	-2441.17647058824
			4392.1568627451	-2438.72549019608
			4389.70588235294	-2436.27450980392
			4387.25490196078	-2433.82352941176
			4387.25490196078	-2431.37254901961
			4387.25490196078	-2428.92156862745
			4384.80392156863	-2426.47058823529
			4384.80392156863	-2424.01960784314
			4382.35294117647	-2421.56862745098
			4382.35294117647	-2419.11764705882
			4382.35294117647	-2416.66666666667
			4379.90196078431	-2414.21568627451
			4379.90196078431	-2411.76470588235
			4377.45098039216	-2409.3137254902
			4377.45098039216	-2406.86274509804
			4375	-2404.41176470588
			4375	-2401.96078431373
			4375	-2399.50980392157
			4372.54901960784	-2397.05882352941
			4372.54901960784	-2394.60784313726
			4370.09803921569	-2392.1568627451
			4370.09803921569	-2389.70588235294
			4367.64705882353	-2387.25490196078
			4367.64705882353	-2384.80392156863
			4365.19607843137	-2382.35294117647
			4365.19607843137	-2379.90196078431
			4362.74509803922	-2377.45098039216
			4362.74509803922	-2375
			4362.74509803922	-2372.54901960784
			4360.29411764706	-2370.09803921569
			4360.29411764706	-2367.64705882353
			4357.8431372549	-2365.19607843137
			4357.8431372549	-2362.74509803922
			4355.39215686275	-2360.29411764706
			4355.39215686275	-2357.8431372549
			4352.94117647059	-2355.39215686275
			4352.94117647059	-2352.94117647059
			4352.94117647059	-2350.49019607843
			4352.94117647059	-2348.03921568627
			4352.94117647059	-2345.58823529412
			4352.94117647059	-2343.13725490196
			4352.94117647059	-2340.6862745098
			4350.49019607843	-2338.23529411765
			4350.49019607843	-2335.78431372549
			4350.49019607843	-2333.33333333333
			4350.49019607843	-2330.88235294118
			4350.49019607843	-2328.43137254902
			4350.49019607843	-2325.98039215686
			4350.49019607843	-2323.52941176471
			4350.49019607843	-2321.07843137255
			4350.49019607843	-2318.62745098039
			4348.03921568627	-2316.17647058824
			4348.03921568627	-2313.72549019608
			4348.03921568627	-2311.27450980392
			4348.03921568627	-2308.82352941176
			4348.03921568627	-2306.37254901961
			4348.03921568627	-2303.92156862745
			4348.03921568627	-2301.47058823529
			4348.03921568627	-2299.01960784314
			4345.58823529412	-2296.56862745098
			4345.58823529412	-2294.11764705882
			4345.58823529412	-2291.66666666667
			4345.58823529412	-2289.21568627451
			4345.58823529412	-2286.76470588235
			4345.58823529412	-2284.3137254902
			4345.58823529412	-2281.86274509804
			4345.58823529412	-2279.41176470588
			4343.13725490196	-2276.96078431373
			4343.13725490196	-2274.50980392157
			4343.13725490196	-2272.05882352941
			4343.13725490196	-2269.60784313726
			4343.13725490196	-2267.1568627451
			4343.13725490196	-2264.70588235294
			4343.13725490196	-2262.25490196078
			4343.13725490196	-2259.80392156863
			4340.6862745098	-2259.80392156863
			4340.6862745098	-2257.35294117647
			4340.6862745098	-2254.90196078431
			4340.6862745098	-2252.45098039216
			4340.6862745098	-2250
			4340.6862745098	-2247.54901960784
			4340.6862745098	-2245.09803921569
			4338.23529411765	-2242.64705882353
			4338.23529411765	-2240.19607843137
			4338.23529411765	-2237.74509803922
			4338.23529411765	-2235.29411764706
			4338.23529411765	-2232.8431372549
			4338.23529411765	-2230.39215686275
			4335.78431372549	-2227.94117647059
			4335.78431372549	-2225.49019607843
			4335.78431372549	-2223.03921568627
			4335.78431372549	-2220.58823529412
			4335.78431372549	-2218.13725490196
			4335.78431372549	-2215.6862745098
			4333.33333333333	-2213.23529411765
			4333.33333333333	-2210.78431372549
			4333.33333333333	-2208.33333333333
			4333.33333333333	-2205.88235294118
			4333.33333333333	-2203.43137254902
			4333.33333333333	-2200.98039215686
			4333.33333333333	-2198.52941176471
			4330.88235294118	-2196.07843137255
			4330.88235294118	-2193.62745098039
			4330.88235294118	-2191.17647058824
			4330.88235294118	-2188.72549019608
			4330.88235294118	-2186.27450980392
			4328.43137254902	-2183.82352941176
			4328.43137254902	-2181.37254901961
			4328.43137254902	-2178.92156862745
			4328.43137254902	-2176.47058823529
			4328.43137254902	-2174.01960784314
			4325.98039215686	-2171.56862745098
			4325.98039215686	-2169.11764705882
			4325.98039215686	-2166.66666666667
			4325.98039215686	-2164.21568627451
			4325.98039215686	-2161.76470588235
			4323.52941176471	-2159.3137254902
			4323.52941176471	-2156.86274509804
			4323.52941176471	-2154.41176470588
			4323.52941176471	-2151.96078431373
			4323.52941176471	-2149.50980392157
			4321.07843137255	-2147.05882352941
			4321.07843137255	-2144.60784313726
			4321.07843137255	-2142.1568627451
			4321.07843137255	-2139.70588235294
			4321.07843137255	-2137.25490196078
			4318.62745098039	-2134.80392156863
			4318.62745098039	-2132.35294117647
			4318.62745098039	-2129.90196078431
			4318.62745098039	-2127.45098039216
			4318.62745098039	-2125
			4316.17647058824	-2125
			4316.17647058824	-2122.54901960784
			4316.17647058824	-2120.09803921569
			4316.17647058824	-2117.64705882353
			4316.17647058824	-2115.19607843137
			4313.72549019608	-2112.74509803922
			4313.72549019608	-2110.29411764706
			4313.72549019608	-2107.8431372549
			4313.72549019608	-2105.39215686275
			4311.27450980392	-2102.94117647059
			4311.27450980392	-2100.49019607843
			4311.27450980392	-2098.03921568627
			4311.27450980392	-2095.58823529412
			4308.82352941176	-2093.13725490196
			4308.82352941176	-2090.6862745098
			4308.82352941176	-2088.23529411765
			4308.82352941176	-2085.78431372549
			4306.37254901961	-2083.33333333333
			4306.37254901961	-2080.88235294118
			4306.37254901961	-2078.43137254902
			4306.37254901961	-2075.98039215686
			4303.92156862745	-2075.98039215686
			4303.92156862745	-2073.52941176471
			4303.92156862745	-2071.07843137255
			4303.92156862745	-2068.62745098039
			4301.47058823529	-2066.17647058824
			4301.47058823529	-2063.72549019608
			4301.47058823529	-2061.27450980392
			4301.47058823529	-2058.82352941176
			4299.01960784314	-2056.37254901961
			4299.01960784314	-2053.92156862745
			4299.01960784314	-2051.47058823529
			4299.01960784314	-2049.01960784314
			4296.56862745098	-2046.56862745098
			4296.56862745098	-2044.11764705882
			4296.56862745098	-2041.66666666667
			4294.11764705882	-2039.21568627451
			4294.11764705882	-2036.76470588235
			4294.11764705882	-2034.3137254902
			4291.66666666667	-2031.86274509804
			4291.66666666667	-2029.41176470588
			4291.66666666667	-2026.96078431373
			4289.21568627451	-2024.50980392157
			4289.21568627451	-2022.05882352941
			4289.21568627451	-2019.60784313726
			4286.76470588235	-2017.1568627451
			4286.76470588235	-2014.70588235294
			4286.76470588235	-2012.25490196078
			4284.3137254902	-2009.80392156863
			4284.3137254902	-2007.35294117647
			4284.3137254902	-2004.90196078431
			4281.86274509804	-2002.45098039216
			4281.86274509804	-2000
			4281.86274509804	-1997.54901960784
			4279.41176470588	-1995.09803921569
			4279.41176470588	-1992.64705882353
			4276.96078431373	-1990.19607843137
			4276.96078431373	-1987.74509803922
			4276.96078431373	-1985.29411764706
			4274.50980392157	-1982.8431372549
			4274.50980392157	-1980.39215686275
			4274.50980392157	-1977.94117647059
			4272.05882352941	-1975.49019607843
			4272.05882352941	-1973.03921568627
			4269.60784313726	-1970.58823529412
			4269.60784313726	-1968.13725490196
			4269.60784313726	-1965.6862745098
			4267.1568627451	-1963.23529411765
			4267.1568627451	-1960.78431372549
			4267.1568627451	-1958.33333333333
			4264.70588235294	-1955.88235294118
			4264.70588235294	-1953.43137254902
			4264.70588235294	-1950.98039215686
			4262.25490196078	-1950.98039215686
			4262.25490196078	-1948.52941176471
			4259.80392156863	-1946.07843137255
			4259.80392156863	-1943.62745098039
			4259.80392156863	-1941.17647058824
			4257.35294117647	-1938.72549019608
			4257.35294117647	-1936.27450980392
			4254.90196078431	-1933.82352941176
			4254.90196078431	-1931.37254901961
			4252.45098039216	-1928.92156862745
			4252.45098039216	-1926.47058823529
			4250	-1924.01960784314
			4250	-1921.56862745098
			4247.54901960784	-1919.11764705882
			4247.54901960784	-1916.66666666667
			4245.09803921569	-1914.21568627451
			4245.09803921569	-1911.76470588235
			4242.64705882353	-1909.3137254902
			4242.64705882353	-1906.86274509804
			4240.19607843137	-1904.41176470588
			4240.19607843137	-1901.96078431373
			4237.74509803922	-1899.50980392157
			4237.74509803922	-1897.05882352941
			4235.29411764706	-1894.60784313726
			4235.29411764706	-1892.1568627451
			4232.8431372549	-1889.70588235294
			4232.8431372549	-1887.25490196078
			4230.39215686275	-1884.80392156863
			4230.39215686275	-1882.35294117647
			4227.94117647059	-1879.90196078431
			4225.49019607843	-1877.45098039216
			4225.49019607843	-1875
			4223.03921568627	-1872.54901960784
			4223.03921568627	-1870.09803921569
			4220.58823529412	-1867.64705882353
			4218.13725490196	-1865.19607843137
			4218.13725490196	-1862.74509803922
			4215.6862745098	-1860.29411764706
			4213.23529411765	-1857.8431372549
			4213.23529411765	-1855.39215686275
			4210.78431372549	-1852.94117647059
			4208.33333333333	-1850.49019607843
			4205.88235294118	-1848.03921568627
			4205.88235294118	-1845.58823529412
			4203.43137254902	-1843.13725490196
			4203.43137254902	-1840.6862745098
			4200.98039215686	-1838.23529411765
			4200.98039215686	-1835.78431372549
			4198.52941176471	-1835.78431372549
			4196.07843137255	-1833.33333333333
			4196.07843137255	-1830.88235294118
			4193.62745098039	-1828.43137254902
			4193.62745098039	-1825.98039215686
			4191.17647058824	-1825.98039215686
			4188.72549019608	-1823.52941176471
			4188.72549019608	-1821.07843137255
			4186.27450980392	-1818.62745098039
			4183.82352941176	-1818.62745098039
			4183.82352941176	-1816.17647058824
			4181.37254901961	-1813.72549019608
			4181.37254901961	-1811.27450980392
			4178.92156862745	-1811.27450980392
			4176.47058823529	-1808.82352941176
			4176.47058823529	-1806.37254901961
			4174.01960784314	-1803.92156862745
			4171.56862745098	-1803.92156862745
			4171.56862745098	-1801.47058823529
			4169.11764705882	-1799.01960784314
			4166.66666666667	-1799.01960784314
			4166.66666666667	-1796.56862745098
			4164.21568627451	-1794.11764705882
			4161.76470588235	-1794.11764705882
			4161.76470588235	-1791.66666666667
			4159.3137254902	-1789.21568627451
			4156.86274509804	-1786.76470588235
			4154.41176470588	-1784.3137254902
			4151.96078431373	-1781.86274509804
			4149.50980392157	-1781.86274509804
			4149.50980392157	-1779.41176470588
			4147.05882352941	-1776.96078431373
			4144.60784313726	-1774.50980392157
			4142.1568627451	-1774.50980392157
			4139.70588235294	-1772.05882352941
			4137.25490196078	-1769.60784313726
			4134.80392156863	-1767.1568627451
			4132.35294117647	-1764.70588235294
			4129.90196078431	-1762.25490196078
			4127.45098039216	-1759.80392156863
			4125	-1759.80392156863
			4122.54901960784	-1757.35294117647
			4120.09803921569	-1754.90196078431
			4117.64705882353	-1752.45098039216
			4115.19607843137	-1752.45098039216
			4112.74509803922	-1750
			4110.29411764706	-1750
			4107.8431372549	-1747.54901960784
			4105.39215686275	-1745.09803921569
			4102.94117647059	-1745.09803921569
			4100.49019607843	-1742.64705882353
			4098.03921568627	-1742.64705882353
			4095.58823529412	-1740.19607843137
			4093.13725490196	-1737.74509803922
			4090.6862745098	-1735.29411764706
			4088.23529411765	-1732.8431372549
			4088.23529411765	-1730.39215686275
			4085.78431372549	-1727.94117647059
			4083.33333333333	-1725.49019607843
			4080.88235294118	-1723.03921568627
			4080.88235294118	-1720.58823529412
			4078.43137254902	-1718.13725490196
			4075.98039215686	-1715.6862745098
			4075.98039215686	-1713.23529411765
			4073.52941176471	-1710.78431372549
			4073.52941176471	-1708.33333333333
			4071.07843137255	-1705.88235294118
			4068.62745098039	-1703.43137254902
			4066.17647058824	-1700.98039215686
			4066.17647058824	-1698.52941176471
			4066.17647058824	-1696.07843137255
			4063.72549019608	-1696.07843137255
			4063.72549019608	-1693.62745098039
			4063.72549019608	-1691.17647058824
			4061.27450980392	-1691.17647058824
			4061.27450980392	-1688.72549019608
			4061.27450980392	-1686.27450980392
			4058.82352941176	-1686.27450980392
			4058.82352941176	-1683.82352941176
			4058.82352941176	-1681.37254901961
			4056.37254901961	-1681.37254901961
			4056.37254901961	-1678.92156862745
			4056.37254901961	-1676.47058823529
			4053.92156862745	-1674.01960784314
			4053.92156862745	-1671.56862745098
			4051.47058823529	-1669.11764705882
			4051.47058823529	-1666.66666666667
			4051.47058823529	-1664.21568627451
			4051.47058823529	-1661.76470588235
			4049.01960784314	-1659.3137254902
			4049.01960784314	-1656.86274509804
			4049.01960784314	-1654.41176470588
			4049.01960784314	-1651.96078431373
			4046.56862745098	-1649.50980392157
			4046.56862745098	-1647.05882352941
			4046.56862745098	-1644.60784313726
			4046.56862745098	-1642.1568627451
			4046.56862745098	-1639.70588235294
			4046.56862745098	-1637.25490196078
			4044.11764705882	-1634.80392156863
			4044.11764705882	-1632.35294117647
			4044.11764705882	-1629.90196078431
			4044.11764705882	-1627.45098039216
			4044.11764705882	-1625
			4044.11764705882	-1622.54901960784
			4044.11764705882	-1620.09803921569
			4044.11764705882	-1617.64705882353
			4044.11764705882	-1615.19607843137
			4044.11764705882	-1612.74509803922
			4046.56862745098	-1610.29411764706
			4046.56862745098	-1607.8431372549
			4046.56862745098	-1605.39215686275
			4046.56862745098	-1602.94117647059
			4046.56862745098	-1600.49019607843
			4046.56862745098	-1598.03921568627
			4046.56862745098	-1595.58823529412
			4049.01960784314	-1593.13725490196
			4049.01960784314	-1590.6862745098
			4049.01960784314	-1588.23529411765
			4051.47058823529	-1585.78431372549
			4051.47058823529	-1583.33333333333
			4051.47058823529	-1580.88235294118
			4053.92156862745	-1578.43137254902
			4053.92156862745	-1575.98039215686
			4053.92156862745	-1573.52941176471
			4056.37254901961	-1571.07843137255
			4056.37254901961	-1568.62745098039
			4058.82352941176	-1566.17647058824
			4058.82352941176	-1563.72549019608
			4061.27450980392	-1561.27450980392
			4061.27450980392	-1558.82352941176
			4063.72549019608	-1556.37254901961
			4063.72549019608	-1553.92156862745
			4066.17647058824	-1551.47058823529
			4066.17647058824	-1549.01960784314
			4068.62745098039	-1546.56862745098
			4071.07843137255	-1544.11764705882
			4071.07843137255	-1541.66666666667
			4073.52941176471	-1541.66666666667
			4075.98039215686	-1539.21568627451
			4075.98039215686	-1536.76470588235
			4078.43137254902	-1534.3137254902
			4080.88235294118	-1531.86274509804
			4080.88235294118	-1529.41176470588
			4083.33333333333	-1526.96078431373
			4085.78431372549	-1524.50980392157
			4088.23529411765	-1522.05882352941
			4090.6862745098	-1519.60784313726
			4090.6862745098	-1517.1568627451
			4093.13725490196	-1514.70588235294
			4095.58823529412	-1512.25490196078
			4098.03921568627	-1512.25490196078
			4100.49019607843	-1509.80392156863
			4102.94117647059	-1507.35294117647
			4105.39215686275	-1504.90196078431
			4107.8431372549	-1502.45098039216
			4110.29411764706	-1500
			4112.74509803922	-1497.54901960784
			4115.19607843137	-1495.09803921569
			4117.64705882353	-1492.64705882353
			4120.09803921569	-1490.19607843137
			4122.54901960784	-1490.19607843137
			4125	-1487.74509803922
			4127.45098039216	-1485.29411764706
			4129.90196078431	-1482.8431372549
			4132.35294117647	-1480.39215686275
			4134.80392156863	-1477.94117647059
			4137.25490196078	-1477.94117647059
			4139.70588235294	-1475.49019607843
			4142.1568627451	-1473.03921568627
			4144.60784313726	-1470.58823529412
			4147.05882352941	-1470.58823529412
			4149.50980392157	-1468.13725490196
			4151.96078431373	-1465.6862745098
			4154.41176470588	-1465.6862745098
			4156.86274509804	-1463.23529411765
			4159.3137254902	-1463.23529411765
			4161.76470588235	-1460.78431372549
			4161.76470588235	-1458.33333333333
			4164.21568627451	-1458.33333333333
			4166.66666666667	-1455.88235294118
			4169.11764705882	-1453.43137254902
			4171.56862745098	-1453.43137254902
			4174.01960784314	-1450.98039215686
			4176.47058823529	-1448.52941176471
			4178.92156862745	-1448.52941176471
			4181.37254901961	-1446.07843137255
			4183.82352941176	-1446.07843137255
			4186.27450980392	-1443.62745098039
			4188.72549019608	-1443.62745098039
			4191.17647058824	-1441.17647058824
			4193.62745098039	-1441.17647058824
			4196.07843137255	-1438.72549019608
			4198.52941176471	-1438.72549019608
			4198.52941176471	-1436.27450980392
			4200.98039215686	-1436.27450980392
			4203.43137254902	-1433.82352941176
			4205.88235294118	-1433.82352941176
			4208.33333333333	-1431.37254901961
			4210.78431372549	-1428.92156862745
			4213.23529411765	-1428.92156862745
			4215.6862745098	-1426.47058823529
			4218.13725490196	-1426.47058823529
		</C1>
	</curves.scaled>
	<ruler.points type=matrix rownames=TRUE colnames=FALSE nrow=2 ncol=2 as.numeric=TRUE >
		Ruler point 1	3	1877
		Ruler point 2	105	1877
	</ruler.points>
</shapes>

